# Temperatura_=_20.0
# Concentracion g/m^3_=_10000.0
# C_Vs_to_Am_M_A/Vsm_=_116720831517.84952
# pendiente_HvsI_1/m_=_3716.3
# ordenada_HvsI_A/m_=_1297.0
# frecuencia_Hz_=_108492.10916447184
# Promedio de 40 ciclos

Tiempo_(s)	Campo_(V.s)	Magnetizacion_(V.s)	Campo_(kA/m)	Magnetizacion_(A/m)
0.000000e+00	-7.116025e-09	-2.650614e-09	-5.774935e+01	-3.444861e+02
1.000000e-08	-7.116202e-09	-2.650183e-09	-5.775065e+01	-3.444873e+02
2.000000e-08	-7.116206e-09	-2.647403e-09	-5.775056e+01	-3.444726e+02
3.000000e-08	-7.115989e-09	-2.644018e-09	-5.774874e+01	-3.444418e+02
4.000000e-08	-7.115498e-09	-2.643089e-09	-5.774472e+01	-3.443951e+02
5.000000e-08	-7.114670e-09	-2.643021e-09	-5.773801e+01	-3.443323e+02
6.000000e-08	-7.113398e-09	-2.645948e-09	-5.772772e+01	-3.442535e+02
7.000000e-08	-7.111602e-09	-2.657488e-09	-5.771315e+01	-3.441587e+02
8.000000e-08	-7.109271e-09	-2.667333e-09	-5.769424e+01	-3.440479e+02
9.000000e-08	-7.106417e-09	-2.650626e-09	-5.767110e+01	-3.439211e+02
1.000000e-07	-7.103089e-09	-2.616506e-09	-5.764402e+01	-3.437783e+02
1.100000e-07	-7.099400e-09	-2.629645e-09	-5.761399e+01	-3.436195e+02
1.200000e-07	-7.095473e-09	-2.698485e-09	-5.758201e+01	-3.434448e+02
1.300000e-07	-7.091377e-09	-2.722355e-09	-5.754864e+01	-3.432540e+02
1.400000e-07	-7.087076e-09	-2.628306e-09	-5.751362e+01	-3.430474e+02
1.500000e-07	-7.082465e-09	-2.575589e-09	-5.747618e+01	-3.428247e+02
1.600000e-07	-7.077480e-09	-2.700801e-09	-5.743569e+01	-3.425862e+02
1.700000e-07	-7.072127e-09	-2.731620e-09	-5.739217e+01	-3.423317e+02
1.800000e-07	-7.066456e-09	-2.566784e-09	-5.734612e+01	-3.420613e+02
1.900000e-07	-7.060472e-09	-2.573443e-09	-5.729764e+01	-3.417749e+02
2.000000e-07	-7.054175e-09	-2.715885e-09	-5.724656e+01	-3.414727e+02
2.100000e-07	-7.047586e-09	-2.643061e-09	-5.719293e+01	-3.411547e+02
2.200000e-07	-7.040679e-09	-2.535858e-09	-5.713677e+01	-3.408207e+02
2.300000e-07	-7.033434e-09	-2.617788e-09	-5.707800e+01	-3.404709e+02
2.400000e-07	-7.025912e-09	-2.625598e-09	-5.701692e+01	-3.401053e+02
2.500000e-07	-7.018192e-09	-2.506798e-09	-5.695416e+01	-3.397239e+02
2.600000e-07	-7.010293e-09	-2.528629e-09	-5.688993e+01	-3.393267e+02
2.700000e-07	-7.002195e-09	-2.566425e-09	-5.682409e+01	-3.389136e+02
2.800000e-07	-6.993838e-09	-2.474009e-09	-5.675618e+01	-3.384849e+02
2.900000e-07	-6.985131e-09	-2.494079e-09	-5.668549e+01	-3.380404e+02
3.000000e-07	-6.975996e-09	-2.589281e-09	-5.661140e+01	-3.375802e+02
3.100000e-07	-6.966363e-09	-2.517717e-09	-5.653331e+01	-3.371043e+02
3.200000e-07	-6.956174e-09	-2.448199e-09	-5.645071e+01	-3.366127e+02
3.300000e-07	-6.945423e-09	-2.518582e-09	-5.636351e+01	-3.361054e+02
3.400000e-07	-6.934204e-09	-2.517649e-09	-5.627249e+01	-3.355826e+02
3.500000e-07	-6.922607e-09	-2.458319e-09	-5.617838e+01	-3.350441e+02
3.600000e-07	-6.910667e-09	-2.474823e-09	-5.608145e+01	-3.344901e+02
3.700000e-07	-6.898402e-09	-2.488187e-09	-5.598189e+01	-3.339205e+02
3.800000e-07	-6.885799e-09	-2.480316e-09	-5.587955e+01	-3.333354e+02
3.900000e-07	-6.872831e-09	-2.484044e-09	-5.577420e+01	-3.327347e+02
4.000000e-07	-6.859501e-09	-2.454062e-09	-5.566594e+01	-3.321186e+02
4.100000e-07	-6.845837e-09	-2.426252e-09	-5.555503e+01	-3.314871e+02
4.200000e-07	-6.831887e-09	-2.443378e-09	-5.544176e+01	-3.308402e+02
4.300000e-07	-6.817620e-09	-2.440658e-09	-5.532588e+01	-3.301778e+02
4.400000e-07	-6.802971e-09	-2.428493e-09	-5.520697e+01	-3.295002e+02
4.500000e-07	-6.787912e-09	-2.432269e-09	-5.508476e+01	-3.288072e+02
4.600000e-07	-6.772417e-09	-2.423774e-09	-5.495906e+01	-3.280989e+02
4.700000e-07	-6.756506e-09	-2.425857e-09	-5.482999e+01	-3.273754e+02
4.800000e-07	-6.740208e-09	-2.424549e-09	-5.469767e+01	-3.266366e+02
4.900000e-07	-6.723573e-09	-2.389586e-09	-5.456253e+01	-3.258826e+02
5.000000e-07	-6.706647e-09	-2.374472e-09	-5.442496e+01	-3.251135e+02
5.100000e-07	-6.689455e-09	-2.398852e-09	-5.428528e+01	-3.243293e+02
5.200000e-07	-6.672020e-09	-2.401212e-09	-5.414371e+01	-3.235300e+02
5.300000e-07	-6.654308e-09	-2.382685e-09	-5.399993e+01	-3.227157e+02
5.400000e-07	-6.636280e-09	-2.377220e-09	-5.385360e+01	-3.218864e+02
5.500000e-07	-6.617908e-09	-2.368980e-09	-5.370448e+01	-3.210420e+02
5.600000e-07	-6.599174e-09	-2.355758e-09	-5.355241e+01	-3.201828e+02
5.700000e-07	-6.580083e-09	-2.343456e-09	-5.339743e+01	-3.193087e+02
5.800000e-07	-6.560682e-09	-2.331471e-09	-5.323992e+01	-3.184197e+02
5.900000e-07	-6.541047e-09	-2.331058e-09	-5.308048e+01	-3.175159e+02
6.000000e-07	-6.521209e-09	-2.345539e-09	-5.291938e+01	-3.165974e+02
6.100000e-07	-6.501182e-09	-2.351350e-09	-5.275672e+01	-3.156641e+02
6.200000e-07	-6.480966e-09	-2.335235e-09	-5.259255e+01	-3.147162e+02
6.300000e-07	-6.460518e-09	-2.314905e-09	-5.242654e+01	-3.137536e+02
6.400000e-07	-6.439816e-09	-2.301799e-09	-5.225851e+01	-3.127765e+02
6.500000e-07	-6.418848e-09	-2.294985e-09	-5.208836e+01	-3.117848e+02
6.600000e-07	-6.397591e-09	-2.284065e-09	-5.191588e+01	-3.107786e+02
6.700000e-07	-6.376041e-09	-2.271845e-09	-5.174101e+01	-3.097579e+02
6.800000e-07	-6.354216e-09	-2.270961e-09	-5.156388e+01	-3.087229e+02
6.900000e-07	-6.332121e-09	-2.275079e-09	-5.138464e+01	-3.076735e+02
7.000000e-07	-6.309749e-09	-2.272590e-09	-5.120309e+01	-3.066098e+02
7.100000e-07	-6.287101e-09	-2.262373e-09	-5.101921e+01	-3.055318e+02
7.200000e-07	-6.264167e-09	-2.250277e-09	-5.083305e+01	-3.044397e+02
7.300000e-07	-6.240953e-09	-2.240163e-09	-5.064461e+01	-3.033333e+02
7.400000e-07	-6.217472e-09	-2.237189e-09	-5.045400e+01	-3.022129e+02
7.500000e-07	-6.193755e-09	-2.233169e-09	-5.026150e+01	-3.010784e+02
7.600000e-07	-6.169813e-09	-2.219576e-09	-5.006714e+01	-2.999299e+02
7.700000e-07	-6.145615e-09	-2.207339e-09	-4.987068e+01	-2.987675e+02
7.800000e-07	-6.121130e-09	-2.201979e-09	-4.967191e+01	-2.975912e+02
7.900000e-07	-6.096306e-09	-2.195795e-09	-4.947039e+01	-2.964010e+02
8.000000e-07	-6.071074e-09	-2.184522e-09	-4.926560e+01	-2.951971e+02
8.100000e-07	-6.045384e-09	-2.174626e-09	-4.905718e+01	-2.939794e+02
8.200000e-07	-6.019241e-09	-2.168501e-09	-4.884508e+01	-2.927481e+02
8.300000e-07	-5.992712e-09	-2.161868e-09	-4.862984e+01	-2.915032e+02
8.400000e-07	-5.965865e-09	-2.150555e-09	-4.841200e+01	-2.902447e+02
8.500000e-07	-5.938707e-09	-2.134044e-09	-4.819161e+01	-2.889727e+02
8.600000e-07	-5.911266e-09	-2.117830e-09	-4.796886e+01	-2.876873e+02
8.700000e-07	-5.883596e-09	-2.107086e-09	-4.774418e+01	-2.863884e+02
8.800000e-07	-5.855737e-09	-2.101799e-09	-4.751797e+01	-2.850763e+02
8.900000e-07	-5.827697e-09	-2.096016e-09	-4.729029e+01	-2.837509e+02
9.000000e-07	-5.799448e-09	-2.087266e-09	-4.706093e+01	-2.824124e+02
9.100000e-07	-5.770988e-09	-2.079495e-09	-4.682993e+01	-2.810607e+02
9.200000e-07	-5.742310e-09	-2.070875e-09	-4.659717e+01	-2.796959e+02
9.300000e-07	-5.713381e-09	-2.057726e-09	-4.636238e+01	-2.783181e+02
9.400000e-07	-5.684187e-09	-2.042498e-09	-4.612544e+01	-2.769274e+02
9.500000e-07	-5.654723e-09	-2.028275e-09	-4.588633e+01	-2.755238e+02
9.600000e-07	-5.625000e-09	-2.017656e-09	-4.564506e+01	-2.741074e+02
9.700000e-07	-5.595028e-09	-2.007503e-09	-4.540171e+01	-2.726783e+02
9.800000e-07	-5.564778e-09	-1.992281e-09	-4.515613e+01	-2.712364e+02
9.900000e-07	-5.534235e-09	-1.972209e-09	-4.490830e+01	-2.697820e+02
1.000000e-06	-5.503432e-09	-1.952967e-09	-4.465841e+01	-2.683150e+02
1.010000e-06	-5.472420e-09	-1.940817e-09	-4.440672e+01	-2.668355e+02
1.020000e-06	-5.441218e-09	-1.933771e-09	-4.415342e+01	-2.653437e+02
1.030000e-06	-5.409818e-09	-1.928858e-09	-4.389851e+01	-2.638394e+02
1.040000e-06	-5.378211e-09	-1.924212e-09	-4.364186e+01	-2.623230e+02
1.050000e-06	-5.346402e-09	-1.916901e-09	-4.338351e+01	-2.607943e+02
1.060000e-06	-5.314407e-09	-1.902763e-09	-4.312367e+01	-2.592535e+02
1.070000e-06	-5.282220e-09	-1.880019e-09	-4.286233e+01	-2.577006e+02
1.080000e-06	-5.249810e-09	-1.854368e-09	-4.259928e+01	-2.561358e+02
1.090000e-06	-5.217169e-09	-1.833331e-09	-4.233434e+01	-2.545590e+02
1.100000e-06	-5.184281e-09	-1.823241e-09	-4.206735e+01	-2.529705e+02
1.110000e-06	-5.151103e-09	-1.821697e-09	-4.179804e+01	-2.513701e+02
1.120000e-06	-5.117594e-09	-1.820030e-09	-4.152611e+01	-2.497581e+02
1.130000e-06	-5.083714e-09	-1.812159e-09	-4.125124e+01	-2.481344e+02
1.140000e-06	-5.049456e-09	-1.795330e-09	-4.097336e+01	-2.464992e+02
1.150000e-06	-5.014875e-09	-1.771210e-09	-4.069277e+01	-2.448526e+02
1.160000e-06	-4.980017e-09	-1.745492e-09	-4.040988e+01	-2.431945e+02
1.170000e-06	-4.944882e-09	-1.726049e-09	-4.012475e+01	-2.415252e+02
1.180000e-06	-4.909476e-09	-1.717224e-09	-3.983737e+01	-2.398446e+02
1.190000e-06	-4.873825e-09	-1.716824e-09	-3.954796e+01	-2.381528e+02
1.200000e-06	-4.837980e-09	-1.715520e-09	-3.925694e+01	-2.364500e+02
1.210000e-06	-4.801958e-09	-1.707500e-09	-3.896452e+01	-2.347362e+02
1.220000e-06	-4.765760e-09	-1.692162e-09	-3.867073e+01	-2.330115e+02
1.230000e-06	-4.729378e-09	-1.669423e-09	-3.837548e+01	-2.312760e+02
1.240000e-06	-4.692819e-09	-1.645868e-09	-3.807879e+01	-2.295296e+02
1.250000e-06	-4.656097e-09	-1.627874e-09	-3.778072e+01	-2.277727e+02
1.260000e-06	-4.619184e-09	-1.619145e-09	-3.748106e+01	-2.260051e+02
1.270000e-06	-4.582087e-09	-1.614677e-09	-3.717991e+01	-2.242270e+02
1.280000e-06	-4.544793e-09	-1.608017e-09	-3.687724e+01	-2.224385e+02
1.290000e-06	-4.507275e-09	-1.595395e-09	-3.657279e+01	-2.206396e+02
1.300000e-06	-4.469555e-09	-1.576275e-09	-3.626667e+01	-2.188305e+02
1.310000e-06	-4.431629e-09	-1.558322e-09	-3.595887e+01	-2.170112e+02
1.320000e-06	-4.393495e-09	-1.542777e-09	-3.564935e+01	-2.151818e+02
1.330000e-06	-4.355177e-09	-1.531086e-09	-3.533830e+01	-2.133424e+02
1.340000e-06	-4.316662e-09	-1.523220e-09	-3.502572e+01	-2.114931e+02
1.350000e-06	-4.277942e-09	-1.516765e-09	-3.471154e+01	-2.096340e+02
1.360000e-06	-4.239039e-09	-1.507952e-09	-3.439583e+01	-2.077651e+02
1.370000e-06	-4.199968e-09	-1.493000e-09	-3.407870e+01	-2.058865e+02
1.380000e-06	-4.160729e-09	-1.474705e-09	-3.376022e+01	-2.039984e+02
1.390000e-06	-4.121325e-09	-1.456023e-09	-3.344043e+01	-2.021007e+02
1.400000e-06	-4.081741e-09	-1.442636e-09	-3.311918e+01	-2.001937e+02
1.410000e-06	-4.041985e-09	-1.434183e-09	-3.279649e+01	-1.982774e+02
1.420000e-06	-4.002086e-09	-1.426651e-09	-3.247266e+01	-1.963518e+02
1.430000e-06	-3.962031e-09	-1.417445e-09	-3.214754e+01	-1.944171e+02
1.440000e-06	-3.921822e-09	-1.406003e-09	-3.182115e+01	-1.924734e+02
1.450000e-06	-3.881449e-09	-1.392241e-09	-3.149342e+01	-1.905207e+02
1.460000e-06	-3.840902e-09	-1.373471e-09	-3.116425e+01	-1.885592e+02
1.470000e-06	-3.800166e-09	-1.354042e-09	-3.083362e+01	-1.865889e+02
1.480000e-06	-3.759222e-09	-1.338522e-09	-3.050139e+01	-1.846099e+02
1.490000e-06	-3.718072e-09	-1.330076e-09	-3.016750e+01	-1.826223e+02
1.500000e-06	-3.676724e-09	-1.327275e-09	-2.983194e+01	-1.806262e+02
1.510000e-06	-3.635168e-09	-1.323130e-09	-2.949473e+01	-1.786218e+02
1.520000e-06	-3.593386e-09	-1.313259e-09	-2.915577e+01	-1.766090e+02
1.530000e-06	-3.551369e-09	-1.297016e-09	-2.881487e+01	-1.745880e+02
1.540000e-06	-3.509122e-09	-1.277650e-09	-2.847207e+01	-1.725589e+02
1.550000e-06	-3.466674e-09	-1.257287e-09	-2.812760e+01	-1.705217e+02
1.560000e-06	-3.424048e-09	-1.238184e-09	-2.778162e+01	-1.684767e+02
1.570000e-06	-3.381219e-09	-1.221919e-09	-2.743402e+01	-1.664238e+02
1.580000e-06	-3.338173e-09	-1.208686e-09	-2.708471e+01	-1.643631e+02
1.590000e-06	-3.294940e-09	-1.196538e-09	-2.673383e+01	-1.622948e+02
1.600000e-06	-3.251534e-09	-1.181507e-09	-2.638156e+01	-1.602190e+02
1.610000e-06	-3.207972e-09	-1.163183e-09	-2.602802e+01	-1.581357e+02
1.620000e-06	-3.164273e-09	-1.143882e-09	-2.567334e+01	-1.560450e+02
1.630000e-06	-3.120431e-09	-1.126078e-09	-2.531756e+01	-1.539471e+02
1.640000e-06	-3.076440e-09	-1.109456e-09	-2.496059e+01	-1.518421e+02
1.650000e-06	-3.032318e-09	-1.094054e-09	-2.460250e+01	-1.497299e+02
1.660000e-06	-2.988095e-09	-1.080654e-09	-2.424360e+01	-1.476108e+02
1.670000e-06	-2.943768e-09	-1.067513e-09	-2.388380e+01	-1.454849e+02
1.680000e-06	-2.899334e-09	-1.051193e-09	-2.352306e+01	-1.433521e+02
1.690000e-06	-2.854802e-09	-1.031716e-09	-2.316158e+01	-1.412128e+02
1.700000e-06	-2.810181e-09	-1.012343e-09	-2.279942e+01	-1.390668e+02
1.710000e-06	-2.765463e-09	-9.946520e-10	-2.243646e+01	-1.369143e+02
1.720000e-06	-2.720643e-09	-9.787441e-10	-2.207271e+01	-1.347555e+02
1.730000e-06	-2.675735e-09	-9.625429e-10	-2.170825e+01	-1.325905e+02
1.740000e-06	-2.630722e-09	-9.453294e-10	-2.134293e+01	-1.304192e+02
1.750000e-06	-2.585595e-09	-9.270653e-10	-2.097673e+01	-1.282419e+02
1.760000e-06	-2.540363e-09	-9.080636e-10	-2.060967e+01	-1.260586e+02
1.770000e-06	-2.495014e-09	-8.896050e-10	-2.024161e+01	-1.238695e+02
1.780000e-06	-2.449549e-09	-8.728159e-10	-1.987255e+01	-1.216746e+02
1.790000e-06	-2.403968e-09	-8.572258e-10	-1.950262e+01	-1.194740e+02
1.800000e-06	-2.358264e-09	-8.422144e-10	-1.913172e+01	-1.172679e+02
1.810000e-06	-2.312443e-09	-8.288201e-10	-1.875978e+01	-1.150563e+02
1.820000e-06	-2.266489e-09	-8.150619e-10	-1.838677e+01	-1.128394e+02
1.830000e-06	-2.220407e-09	-8.001685e-10	-1.801278e+01	-1.106172e+02
1.840000e-06	-2.174220e-09	-7.851194e-10	-1.763794e+01	-1.083898e+02
1.850000e-06	-2.127919e-09	-7.691050e-10	-1.726218e+01	-1.061575e+02
1.860000e-06	-2.081523e-09	-7.512908e-10	-1.688561e+01	-1.039201e+02
1.870000e-06	-2.035056e-09	-7.322885e-10	-1.650838e+01	-1.016780e+02
1.880000e-06	-1.988504e-09	-7.141363e-10	-1.613050e+01	-9.943111e+01
1.890000e-06	-1.941866e-09	-6.969356e-10	-1.575202e+01	-9.717960e+01
1.900000e-06	-1.895152e-09	-6.807031e-10	-1.537291e+01	-9.492356e+01
1.910000e-06	-1.848375e-09	-6.654157e-10	-1.499327e+01	-9.266311e+01
1.920000e-06	-1.801541e-09	-6.493628e-10	-1.461319e+01	-9.039834e+01
1.930000e-06	-1.754637e-09	-6.325567e-10	-1.423252e+01	-8.812937e+01
1.940000e-06	-1.707677e-09	-6.164625e-10	-1.385137e+01	-8.585629e+01
1.950000e-06	-1.660657e-09	-6.005848e-10	-1.346977e+01	-8.357922e+01
1.960000e-06	-1.613573e-09	-5.831426e-10	-1.308772e+01	-8.129826e+01
1.970000e-06	-1.566434e-09	-5.654356e-10	-1.270521e+01	-7.901351e+01
1.980000e-06	-1.519233e-09	-5.489699e-10	-1.232213e+01	-7.672509e+01
1.990000e-06	-1.471969e-09	-5.329729e-10	-1.193853e+01	-7.443309e+01
2.000000e-06	-1.424649e-09	-5.175094e-10	-1.155451e+01	-7.213763e+01
2.010000e-06	-1.377273e-09	-5.019218e-10	-1.117001e+01	-6.983881e+01
2.020000e-06	-1.329814e-09	-4.854253e-10	-1.078479e+01	-6.753674e+01
2.030000e-06	-1.282279e-09	-4.683974e-10	-1.039898e+01	-6.523152e+01
2.040000e-06	-1.234688e-09	-4.516560e-10	-1.001275e+01	-6.292326e+01
2.050000e-06	-1.187042e-09	-4.352613e-10	-9.626022e+00	-6.061207e+01
2.060000e-06	-1.139342e-09	-4.184502e-10	-9.238823e+00	-5.829806e+01
2.070000e-06	-1.091590e-09	-4.031896e-10	-8.851268e+00	-5.598134e+01
2.080000e-06	-1.043791e-09	-3.895995e-10	-8.463346e+00	-5.366201e+01
2.090000e-06	-9.959370e-10	-3.753289e-10	-8.074966e+00	-5.134017e+01
2.100000e-06	-9.480292e-10	-3.601387e-10	-7.686168e+00	-4.901595e+01
2.110000e-06	-9.000882e-10	-3.428279e-10	-7.297061e+00	-4.668944e+01
2.120000e-06	-8.521225e-10	-3.237293e-10	-6.907785e+00	-4.436075e+01
2.130000e-06	-8.041216e-10	-3.029793e-10	-6.518275e+00	-4.203000e+01
2.140000e-06	-7.560942e-10	-2.820302e-10	-6.128484e+00	-3.969729e+01
2.150000e-06	-7.080477e-10	-2.651847e-10	-5.738484e+00	-3.736272e+01
2.160000e-06	-6.599703e-10	-2.536288e-10	-5.348296e+00	-3.502641e+01
2.170000e-06	-6.118529e-10	-2.453054e-10	-4.957861e+00	-3.268847e+01
2.180000e-06	-5.637029e-10	-2.354176e-10	-4.567138e+00	-3.034901e+01
2.190000e-06	-5.155159e-10	-2.226662e-10	-4.176146e+00	-2.800812e+01
2.200000e-06	-4.672921e-10	-2.056655e-10	-3.784835e+00	-2.566593e+01
2.210000e-06	-4.190435e-10	-1.834836e-10	-3.393269e+00	-2.332254e+01
2.220000e-06	-3.707697e-10	-1.590323e-10	-3.001473e+00	-2.097807e+01
2.230000e-06	-3.224688e-10	-1.351260e-10	-2.609387e+00	-1.863260e+01
2.240000e-06	-2.741655e-10	-1.179708e-10	-2.217180e+00	-1.628627e+01
2.250000e-06	-2.258630e-10	-1.079606e-10	-1.825023e+00	-1.393918e+01
2.260000e-06	-1.775427e-10	-9.855592e-11	-1.432854e+00	-1.159143e+01
2.270000e-06	-1.292067e-10	-8.436434e-11	-1.040603e+00	-9.243131e+00
2.280000e-06	-8.085185e-11	-6.332465e-11	-6.482261e-01	-6.894401e+00
2.290000e-06	-3.248644e-11	-3.747543e-11	-2.557603e-01	-4.545344e+00
2.300000e-06	1.586554e-11	-1.041380e-11	1.366229e-01	-2.196070e+00
2.310000e-06	6.418874e-11	1.297473e-11	5.288120e-01	1.533125e-01
2.320000e-06	1.124872e-10	2.858451e-11	9.207627e-01	2.502694e+00
2.330000e-06	1.607651e-10	3.634371e-11	1.312505e+00	4.851965e+00
2.340000e-06	2.090157e-10	4.112810e-11	1.704087e+00	7.201017e+00
2.350000e-06	2.572694e-10	5.162519e-11	2.095713e+00	9.549740e+00
2.360000e-06	3.055264e-10	7.386763e-11	2.487410e+00	1.189803e+01
2.370000e-06	3.537502e-10	1.036249e-10	2.878903e+00	1.424576e+01
2.380000e-06	4.019542e-10	1.330423e-10	3.270154e+00	1.659285e+01
2.390000e-06	4.501400e-10	1.569512e-10	3.661181e+00	1.893916e+01
2.400000e-06	4.983066e-10	1.738249e-10	4.052045e+00	2.128461e+01
2.410000e-06	5.464552e-10	1.867784e-10	4.442777e+00	2.362907e+01
2.420000e-06	5.945842e-10	1.987470e-10	4.833371e+00	2.597244e+01
2.430000e-06	6.426945e-10	2.145383e-10	5.223778e+00	2.831460e+01
2.440000e-06	6.907781e-10	2.363117e-10	5.613983e+00	3.065546e+01
2.450000e-06	7.388337e-10	2.609768e-10	6.003984e+00	3.299490e+01
2.460000e-06	7.868419e-10	2.851895e-10	6.393597e+00	3.533281e+01
2.470000e-06	8.348024e-10	3.046410e-10	6.782809e+00	3.766909e+01
2.480000e-06	8.827339e-10	3.194713e-10	7.171742e+00	4.000362e+01
2.490000e-06	9.306322e-10	3.306833e-10	7.560401e+00	4.233630e+01
2.500000e-06	9.784845e-10	3.419076e-10	7.948739e+00	4.466701e+01
2.510000e-06	1.026265e-09	3.574845e-10	8.336524e+00	4.699566e+01
2.520000e-06	1.073984e-09	3.786402e-10	8.723724e+00	4.932213e+01
2.530000e-06	1.121665e-09	4.026478e-10	9.110593e+00	5.164631e+01
2.540000e-06	1.169291e-09	4.236167e-10	9.497029e+00	5.396810e+01
2.550000e-06	1.216853e-09	4.411307e-10	9.882950e+00	5.628738e+01
2.560000e-06	1.264359e-09	4.555405e-10	1.026839e+01	5.860406e+01
2.570000e-06	1.311807e-09	4.698505e-10	1.065332e+01	6.091802e+01
2.580000e-06	1.359194e-09	4.850150e-10	1.103783e+01	6.322915e+01
2.590000e-06	1.406536e-09	5.003925e-10	1.142196e+01	6.553735e+01
2.600000e-06	1.453824e-09	5.177290e-10	1.180560e+01	6.784251e+01
2.610000e-06	1.501040e-09	5.363298e-10	1.218873e+01	7.014453e+01
2.620000e-06	1.548185e-09	5.534493e-10	1.257138e+01	7.244329e+01
2.630000e-06	1.595263e-09	5.657195e-10	1.295346e+01	7.473869e+01
2.640000e-06	1.642282e-09	5.753678e-10	1.333502e+01	7.703062e+01
2.650000e-06	1.689251e-09	5.863720e-10	1.371615e+01	7.931898e+01
2.660000e-06	1.736166e-09	6.020322e-10	1.409686e+01	8.160365e+01
2.670000e-06	1.783017e-09	6.209056e-10	1.447706e+01	8.388455e+01
2.680000e-06	1.829794e-09	6.402289e-10	1.485667e+01	8.616154e+01
2.690000e-06	1.876495e-09	6.599042e-10	1.523562e+01	8.843454e+01
2.700000e-06	1.923106e-09	6.786645e-10	1.561386e+01	9.070344e+01
2.710000e-06	1.969621e-09	6.961375e-10	1.599132e+01	9.296813e+01
2.720000e-06	2.016041e-09	7.105394e-10	1.636802e+01	9.522850e+01
2.730000e-06	2.062363e-09	7.234329e-10	1.674392e+01	9.748445e+01
2.740000e-06	2.108583e-09	7.374605e-10	1.711900e+01	9.973588e+01
2.750000e-06	2.154702e-09	7.531458e-10	1.749326e+01	1.019827e+02
2.760000e-06	2.200725e-09	7.690788e-10	1.786670e+01	1.042247e+02
2.770000e-06	2.246640e-09	7.846527e-10	1.823924e+01	1.064620e+02
2.780000e-06	2.292445e-09	8.017163e-10	1.861089e+01	1.086943e+02
2.790000e-06	2.338134e-09	8.199641e-10	1.898160e+01	1.109215e+02
2.800000e-06	2.383694e-09	8.390265e-10	1.935128e+01	1.131436e+02
2.810000e-06	2.429138e-09	8.573343e-10	1.971997e+01	1.153604e+02
2.820000e-06	2.474492e-09	8.742974e-10	2.008789e+01	1.175719e+02
2.830000e-06	2.519748e-09	8.900913e-10	2.045508e+01	1.197779e+02
2.840000e-06	2.564880e-09	9.049071e-10	2.082138e+01	1.219784e+02
2.850000e-06	2.609901e-09	9.185363e-10	2.118681e+01	1.241732e+02
2.860000e-06	2.654831e-09	9.314365e-10	2.155149e+01	1.263622e+02
2.870000e-06	2.699673e-09	9.455120e-10	2.191543e+01	1.285454e+02
2.880000e-06	2.744421e-09	9.621577e-10	2.227856e+01	1.307226e+02
2.890000e-06	2.789078e-09	9.832293e-10	2.264099e+01	1.328937e+02
2.900000e-06	2.833624e-09	1.005827e-09	2.300260e+01	1.350587e+02
2.910000e-06	2.878055e-09	1.025972e-09	2.336326e+01	1.372174e+02
2.920000e-06	2.922384e-09	1.041891e-09	2.372305e+01	1.393697e+02
2.930000e-06	2.966613e-09	1.053479e-09	2.408198e+01	1.415156e+02
2.940000e-06	3.010733e-09	1.062035e-09	2.444004e+01	1.436548e+02
2.950000e-06	3.054736e-09	1.068929e-09	2.479713e+01	1.457874e+02
2.960000e-06	3.098626e-09	1.079012e-09	2.515330e+01	1.479133e+02
2.970000e-06	3.142408e-09	1.097178e-09	2.550855e+01	1.500322e+02
2.980000e-06	3.186070e-09	1.122930e-09	2.586273e+01	1.521442e+02
2.990000e-06	3.229577e-09	1.149418e-09	2.621568e+01	1.542492e+02
3.000000e-06	3.272914e-09	1.171354e-09	2.656726e+01	1.563470e+02
3.010000e-06	3.316107e-09	1.189089e-09	2.691760e+01	1.584375e+02
3.020000e-06	3.359140e-09	1.203419e-09	2.726663e+01	1.605206e+02
3.030000e-06	3.401967e-09	1.215062e-09	2.761409e+01	1.625963e+02
3.040000e-06	3.444577e-09	1.226696e-09	2.795985e+01	1.646645e+02
3.050000e-06	3.486987e-09	1.243503e-09	2.830396e+01	1.667250e+02
3.060000e-06	3.529184e-09	1.267022e-09	2.864633e+01	1.687777e+02
3.070000e-06	3.571140e-09	1.293619e-09	2.898675e+01	1.708227e+02
3.080000e-06	3.612856e-09	1.317151e-09	2.932525e+01	1.728597e+02
3.090000e-06	3.654344e-09	1.333977e-09	2.966196e+01	1.748886e+02
3.100000e-06	3.695587e-09	1.345059e-09	2.999669e+01	1.769095e+02
3.110000e-06	3.736603e-09	1.353329e-09	3.032951e+01	1.789221e+02
3.120000e-06	3.777418e-09	1.363176e-09	3.066069e+01	1.809264e+02
3.130000e-06	3.818023e-09	1.375692e-09	3.099027e+01	1.829223e+02
3.140000e-06	3.858419e-09	1.391576e-09	3.131823e+01	1.849097e+02
3.150000e-06	3.898625e-09	1.411143e-09	3.164461e+01	1.868886e+02
3.160000e-06	3.938684e-09	1.430724e-09	3.196974e+01	1.888587e+02
3.170000e-06	3.978601e-09	1.447589e-09	3.229372e+01	1.908201e+02
3.180000e-06	4.018371e-09	1.461275e-09	3.261644e+01	1.927726e+02
3.190000e-06	4.057997e-09	1.474415e-09	3.293794e+01	1.947162e+02
3.200000e-06	4.097465e-09	1.489369e-09	3.325824e+01	1.966507e+02
3.210000e-06	4.136774e-09	1.505290e-09	3.357725e+01	1.985761e+02
3.220000e-06	4.175919e-09	1.520250e-09	3.389495e+01	2.004922e+02
3.230000e-06	4.214895e-09	1.533352e-09	3.421127e+01	2.023991e+02
3.240000e-06	4.253706e-09	1.544957e-09	3.452622e+01	2.042965e+02
3.250000e-06	4.292343e-09	1.554440e-09	3.483979e+01	2.061845e+02
3.260000e-06	4.330806e-09	1.564215e-09	3.515184e+01	2.080629e+02
3.270000e-06	4.369078e-09	1.574865e-09	3.546231e+01	2.099316e+02
3.280000e-06	4.407137e-09	1.586514e-09	3.577111e+01	2.117906e+02
3.290000e-06	4.445006e-09	1.599273e-09	3.607836e+01	2.136397e+02
3.300000e-06	4.482680e-09	1.613169e-09	3.638403e+01	2.154789e+02
3.310000e-06	4.520130e-09	1.628730e-09	3.668797e+01	2.173081e+02
3.320000e-06	4.557362e-09	1.642709e-09	3.699021e+01	2.191272e+02
3.330000e-06	4.594393e-09	1.656703e-09	3.729083e+01	2.209362e+02
3.340000e-06	4.631229e-09	1.670845e-09	3.758977e+01	2.227348e+02
3.350000e-06	4.667866e-09	1.684003e-09	3.788705e+01	2.245232e+02
3.360000e-06	4.704322e-09	1.696194e-09	3.818289e+01	2.263011e+02
3.370000e-06	4.740615e-09	1.707283e-09	3.847747e+01	2.280684e+02
3.380000e-06	4.776752e-09	1.719672e-09	3.877080e+01	2.298252e+02
3.390000e-06	4.812737e-09	1.732914e-09	3.906286e+01	2.315713e+02
3.400000e-06	4.848561e-09	1.748389e-09	3.935362e+01	2.333067e+02
3.410000e-06	4.884201e-09	1.764537e-09	3.964288e+01	2.350312e+02
3.420000e-06	4.919634e-09	1.776634e-09	3.993041e+01	2.367448e+02
3.430000e-06	4.954838e-09	1.783705e-09	4.021604e+01	2.384474e+02
3.440000e-06	4.989785e-09	1.787230e-09	4.049951e+01	2.401390e+02
3.450000e-06	5.024450e-09	1.791825e-09	4.078067e+01	2.418193e+02
3.460000e-06	5.058804e-09	1.799406e-09	4.105929e+01	2.434885e+02
3.470000e-06	5.092805e-09	1.811681e-09	4.133505e+01	2.451463e+02
3.480000e-06	5.126430e-09	1.828116e-09	4.160782e+01	2.467927e+02
3.490000e-06	5.159709e-09	1.843674e-09	4.187785e+01	2.484277e+02
3.500000e-06	5.192664e-09	1.855613e-09	4.214524e+01	2.500512e+02
3.510000e-06	5.225321e-09	1.864717e-09	4.241021e+01	2.516630e+02
3.520000e-06	5.257729e-09	1.873625e-09	4.267324e+01	2.532631e+02
3.530000e-06	5.289936e-09	1.881164e-09	4.293463e+01	2.548515e+02
3.540000e-06	5.321956e-09	1.887211e-09	4.319449e+01	2.564280e+02
3.550000e-06	5.353781e-09	1.894702e-09	4.345280e+01	2.579927e+02
3.560000e-06	5.385421e-09	1.906713e-09	4.370958e+01	2.595453e+02
3.570000e-06	5.416879e-09	1.922612e-09	4.396486e+01	2.610859e+02
3.580000e-06	5.448131e-09	1.936974e-09	4.421841e+01	2.626143e+02
3.590000e-06	5.479146e-09	1.947618e-09	4.447003e+01	2.641306e+02
3.600000e-06	5.509896e-09	1.956155e-09	4.471955e+01	2.656346e+02
3.610000e-06	5.540381e-09	1.966976e-09	4.496693e+01	2.671262e+02
3.620000e-06	5.570621e-09	1.979990e-09	4.521228e+01	2.686054e+02
3.630000e-06	5.600608e-09	1.992239e-09	4.545556e+01	2.700722e+02
3.640000e-06	5.630358e-09	2.002017e-09	4.569691e+01	2.715264e+02
3.650000e-06	5.659886e-09	2.012144e-09	4.593648e+01	2.729680e+02
3.660000e-06	5.689182e-09	2.025853e-09	4.617420e+01	2.743969e+02
3.670000e-06	5.718243e-09	2.038067e-09	4.641002e+01	2.758131e+02
3.680000e-06	5.747052e-09	2.047973e-09	4.664388e+01	2.772164e+02
3.690000e-06	5.775617e-09	2.058431e-09	4.687580e+01	2.786069e+02
3.700000e-06	5.803973e-09	2.072022e-09	4.710593e+01	2.799845e+02
3.710000e-06	5.832139e-09	2.085128e-09	4.733452e+01	2.813490e+02
3.720000e-06	5.860138e-09	2.096797e-09	4.756173e+01	2.827004e+02
3.730000e-06	5.887969e-09	2.108287e-09	4.778756e+01	2.840388e+02
3.740000e-06	5.915584e-09	2.114797e-09	4.801164e+01	2.853639e+02
3.750000e-06	5.942952e-09	2.118600e-09	4.823369e+01	2.866758e+02
3.760000e-06	5.970028e-09	2.120444e-09	4.845325e+01	2.879743e+02
3.770000e-06	5.996706e-09	2.124837e-09	4.866957e+01	2.892595e+02
3.780000e-06	6.022913e-09	2.134066e-09	4.888206e+01	2.905313e+02
3.790000e-06	6.048658e-09	2.147255e-09	4.909076e+01	2.917895e+02
3.800000e-06	6.073962e-09	2.165472e-09	4.929594e+01	2.930342e+02
3.810000e-06	6.098859e-09	2.181716e-09	4.949787e+01	2.942653e+02
3.820000e-06	6.123404e-09	2.193809e-09	4.969692e+01	2.954827e+02
3.830000e-06	6.147664e-09	2.196936e-09	4.989371e+01	2.966864e+02
3.840000e-06	6.171697e-09	2.195156e-09	5.008870e+01	2.978763e+02
3.850000e-06	6.195511e-09	2.196929e-09	5.028193e+01	2.990523e+02
3.860000e-06	6.219106e-09	2.205030e-09	5.047335e+01	3.002145e+02
3.870000e-06	6.242460e-09	2.222460e-09	5.066284e+01	3.013627e+02
3.880000e-06	6.265526e-09	2.240022e-09	5.085006e+01	3.024970e+02
3.890000e-06	6.288286e-09	2.257081e-09	5.103479e+01	3.036171e+02
3.900000e-06	6.310755e-09	2.270013e-09	5.121715e+01	3.047232e+02
3.910000e-06	6.332960e-09	2.272959e-09	5.139734e+01	3.058151e+02
3.920000e-06	6.354921e-09	2.267687e-09	5.157546e+01	3.068928e+02
3.930000e-06	6.376629e-09	2.258578e-09	5.175154e+01	3.079562e+02
3.940000e-06	6.398047e-09	2.258921e-09	5.192528e+01	3.090054e+02
3.950000e-06	6.419162e-09	2.268843e-09	5.209651e+01	3.100402e+02
3.960000e-06	6.439982e-09	2.285826e-09	5.226535e+01	3.110605e+02
3.970000e-06	6.460509e-09	2.303677e-09	5.243188e+01	3.120665e+02
3.980000e-06	6.480791e-09	2.316922e-09	5.259644e+01	3.130579e+02
3.990000e-06	6.500892e-09	2.326481e-09	5.275955e+01	3.140348e+02
4.000000e-06	6.520816e-09	2.328259e-09	5.292124e+01	3.149971e+02
4.010000e-06	6.540555e-09	2.327832e-09	5.308141e+01	3.159448e+02
4.020000e-06	6.560087e-09	2.328376e-09	5.323988e+01	3.168777e+02
4.030000e-06	6.579342e-09	2.334635e-09	5.339607e+01	3.177960e+02
4.040000e-06	6.598251e-09	2.345138e-09	5.354935e+01	3.186995e+02
4.050000e-06	6.616787e-09	2.353722e-09	5.369967e+01	3.195882e+02
4.060000e-06	6.634957e-09	2.361444e-09	5.384710e+01	3.204621e+02
4.070000e-06	6.652797e-09	2.366785e-09	5.399183e+01	3.213210e+02
4.080000e-06	6.670347e-09	2.371285e-09	5.413424e+01	3.221650e+02
4.090000e-06	6.687637e-09	2.373809e-09	5.427459e+01	3.229941e+02
4.100000e-06	6.704698e-09	2.377346e-09	5.441308e+01	3.238082e+02
4.110000e-06	6.721497e-09	2.383005e-09	5.454943e+01	3.246072e+02
4.120000e-06	6.737998e-09	2.389949e-09	5.468332e+01	3.253911e+02
4.130000e-06	6.754174e-09	2.396445e-09	5.481454e+01	3.261600e+02
4.140000e-06	6.769960e-09	2.399039e-09	5.494252e+01	3.269136e+02
4.150000e-06	6.785314e-09	2.402262e-09	5.506683e+01	3.276521e+02
4.160000e-06	6.800234e-09	2.407223e-09	5.518764e+01	3.283754e+02
4.170000e-06	6.814779e-09	2.414444e-09	5.530554e+01	3.290834e+02
4.180000e-06	6.828989e-09	2.422014e-09	5.542081e+01	3.297761e+02
4.190000e-06	6.842880e-09	2.429520e-09	5.553349e+01	3.304535e+02
4.200000e-06	6.856456e-09	2.437219e-09	5.564361e+01	3.311155e+02
4.210000e-06	6.869705e-09	2.442154e-09	5.575111e+01	3.317622e+02
4.220000e-06	6.882612e-09	2.444057e-09	5.585585e+01	3.323934e+02
4.230000e-06	6.895192e-09	2.442222e-09	5.595793e+01	3.330092e+02
4.240000e-06	6.907478e-09	2.442784e-09	5.605762e+01	3.336096e+02
4.250000e-06	6.919479e-09	2.448974e-09	5.615501e+01	3.341944e+02
4.260000e-06	6.931197e-09	2.458703e-09	5.625006e+01	3.347637e+02
4.270000e-06	6.942579e-09	2.467806e-09	5.634236e+01	3.353175e+02
4.280000e-06	6.953552e-09	2.474696e-09	5.643137e+01	3.358556e+02
4.290000e-06	6.964062e-09	2.481103e-09	5.651656e+01	3.363782e+02
4.300000e-06	6.974052e-09	2.483996e-09	5.659744e+01	3.368852e+02
4.310000e-06	6.983506e-09	2.483916e-09	5.667398e+01	3.373765e+02
4.320000e-06	6.992464e-09	2.483682e-09	5.674657e+01	3.378521e+02
4.330000e-06	7.001015e-09	2.487023e-09	5.681587e+01	3.383120e+02
4.340000e-06	7.009256e-09	2.493780e-09	5.688273e+01	3.387562e+02
4.350000e-06	7.017277e-09	2.502565e-09	5.694787e+01	3.391847e+02
4.360000e-06	7.025113e-09	2.511442e-09	5.701153e+01	3.395974e+02
4.370000e-06	7.032722e-09	2.517110e-09	5.707331e+01	3.399943e+02
4.380000e-06	7.040055e-09	2.521433e-09	5.713285e+01	3.403755e+02
4.390000e-06	7.047075e-09	2.525185e-09	5.718976e+01	3.407408e+02
4.400000e-06	7.053773e-09	2.527341e-09	5.724399e+01	3.410903e+02
4.410000e-06	7.060135e-09	2.526484e-09	5.729559e+01	3.414239e+02
4.420000e-06	7.066165e-09	2.525946e-09	5.734450e+01	3.417417e+02
4.430000e-06	7.071895e-09	2.529566e-09	5.739094e+01	3.420437e+02
4.440000e-06	7.077296e-09	2.537259e-09	5.743473e+01	3.423297e+02
4.450000e-06	7.082350e-09	2.546158e-09	5.747570e+01	3.425998e+02
4.460000e-06	7.087075e-09	2.550433e-09	5.751402e+01	3.428540e+02
4.470000e-06	7.091496e-09	2.551445e-09	5.754992e+01	3.430923e+02
4.480000e-06	7.095676e-09	2.551784e-09	5.758387e+01	3.433146e+02
4.490000e-06	7.099674e-09	2.551283e-09	5.761633e+01	3.435210e+02
4.500000e-06	7.103507e-09	2.549862e-09	5.764743e+01	3.437114e+02
4.510000e-06	7.107128e-09	2.549530e-09	5.767678e+01	3.438859e+02
4.520000e-06	7.110430e-09	2.554389e-09	5.770349e+01	3.440443e+02
4.530000e-06	7.113324e-09	2.560766e-09	5.772682e+01	3.441868e+02
4.540000e-06	7.115736e-09	2.562796e-09	5.774615e+01	3.443133e+02
4.550000e-06	7.117603e-09	2.559909e-09	5.776105e+01	3.444239e+02
4.560000e-06	7.118940e-09	2.555975e-09	5.777169e+01	3.445184e+02
4.570000e-06	7.119818e-09	2.554602e-09	5.777868e+01	3.445969e+02
4.580000e-06	7.120316e-09	2.555827e-09	5.778269e+01	3.446594e+02
4.590000e-06	7.120534e-09	2.556048e-09	5.778443e+01	3.447058e+02
4.600000e-06	7.120553e-09	2.552441e-09	5.778454e+01	3.447363e+02
4.610000e-06	7.120371e-09	2.549168e-09	5.778307e+01	3.447507e+02
4.620000e-06	7.119965e-09	2.548833e-09	5.777980e+01	3.447492e+02
4.630000e-06	7.119280e-09	2.551138e-09	5.777425e+01	3.447316e+02
4.640000e-06	7.118259e-09	2.552290e-09	5.776593e+01	3.446980e+02
4.650000e-06	7.116895e-09	2.550638e-09	5.775485e+01	3.446484e+02
4.660000e-06	7.115223e-09	2.549435e-09	5.774128e+01	3.445828e+02
4.670000e-06	7.113303e-09	2.541452e-09	5.772564e+01	3.445011e+02
4.680000e-06	7.111139e-09	2.526870e-09	5.770801e+01	3.444035e+02
4.690000e-06	7.108677e-09	2.542268e-09	5.768794e+01	3.442899e+02
4.700000e-06	7.105878e-09	2.593413e-09	5.766517e+01	3.441602e+02
4.710000e-06	7.102693e-09	2.588831e-09	5.763928e+01	3.440146e+02
4.720000e-06	7.099121e-09	2.493717e-09	5.761025e+01	3.438530e+02
4.730000e-06	7.095251e-09	2.443940e-09	5.757883e+01	3.436754e+02
4.740000e-06	7.091191e-09	2.544856e-09	5.754583e+01	3.434819e+02
4.750000e-06	7.086963e-09	2.612379e-09	5.751150e+01	3.432724e+02
4.760000e-06	7.082450e-09	2.501665e-09	5.747493e+01	3.430469e+02
4.770000e-06	7.077563e-09	2.476740e-09	5.743538e+01	3.428055e+02
4.780000e-06	7.072315e-09	2.643702e-09	5.739283e+01	3.425482e+02
4.790000e-06	7.066659e-09	2.647142e-09	5.734684e+01	3.422750e+02
4.800000e-06	7.060490e-09	2.490107e-09	5.729669e+01	3.419858e+02
4.810000e-06	7.053762e-09	2.561851e-09	5.724204e+01	3.416808e+02
4.820000e-06	7.046550e-09	2.708761e-09	5.718350e+01	3.413599e+02
4.830000e-06	7.038991e-09	2.604766e-09	5.712218e+01	3.410232e+02
4.840000e-06	7.031188e-09	2.539397e-09	5.705891e+01	3.406706e+02
4.850000e-06	7.023189e-09	2.695980e-09	5.699402e+01	3.403022e+02
4.860000e-06	7.014968e-09	2.690618e-09	5.692734e+01	3.399179e+02
4.870000e-06	7.006497e-09	2.558963e-09	5.685862e+01	3.395179e+02
4.880000e-06	6.997761e-09	2.640409e-09	5.678773e+01	3.391021e+02
4.890000e-06	6.988744e-09	2.683858e-09	5.671456e+01	3.386706e+02
4.900000e-06	6.979429e-09	2.549066e-09	5.663896e+01	3.382233e+02
4.910000e-06	6.969784e-09	2.578500e-09	5.656073e+01	3.377603e+02
4.920000e-06	6.959834e-09	2.680824e-09	5.647996e+01	3.372816e+02
4.930000e-06	6.949586e-09	2.596224e-09	5.639679e+01	3.367872e+02
4.940000e-06	6.939002e-09	2.573519e-09	5.631085e+01	3.362772e+02
4.950000e-06	6.928047e-09	2.659443e-09	5.622182e+01	3.357516e+02
4.960000e-06	6.916707e-09	2.622377e-09	5.612970e+01	3.352104e+02
4.970000e-06	6.905010e-09	2.584489e-09	5.603474e+01	3.346536e+02
4.980000e-06	6.892986e-09	2.607885e-09	5.593709e+01	3.340812e+02
4.990000e-06	6.880619e-09	2.591142e-09	5.583660e+01	3.334933e+02
5.000000e-06	6.867856e-09	2.609720e-09	5.573284e+01	3.328900e+02
5.010000e-06	6.854656e-09	2.631408e-09	5.562545e+01	3.322712e+02
5.020000e-06	6.840965e-09	2.581101e-09	5.551411e+01	3.316369e+02
5.030000e-06	6.826731e-09	2.578173e-09	5.539842e+01	3.309872e+02
5.040000e-06	6.811989e-09	2.587348e-09	5.527867e+01	3.303222e+02
5.050000e-06	6.796834e-09	2.547088e-09	5.515563e+01	3.296418e+02
5.060000e-06	6.781345e-09	2.563233e-09	5.502989e+01	3.289461e+02
5.070000e-06	6.765602e-09	2.573773e-09	5.490213e+01	3.282351e+02
5.080000e-06	6.749639e-09	2.548892e-09	5.477262e+01	3.275088e+02
5.090000e-06	6.733463e-09	2.584324e-09	5.464139e+01	3.267674e+02
5.100000e-06	6.717070e-09	2.593076e-09	5.450839e+01	3.260108e+02
5.110000e-06	6.700415e-09	2.537264e-09	5.437321e+01	3.252390e+02
5.120000e-06	6.683458e-09	2.529831e-09	5.423557e+01	3.244521e+02
5.130000e-06	6.666170e-09	2.543591e-09	5.409521e+01	3.236501e+02
5.140000e-06	6.648552e-09	2.530288e-09	5.395222e+01	3.228331e+02
5.150000e-06	6.630628e-09	2.529958e-09	5.380680e+01	3.220011e+02
5.160000e-06	6.612416e-09	2.528472e-09	5.365892e+01	3.211542e+02
5.170000e-06	6.593887e-09	2.521953e-09	5.350847e+01	3.202923e+02
5.180000e-06	6.575030e-09	2.522637e-09	5.335539e+01	3.194155e+02
5.190000e-06	6.555874e-09	2.511485e-09	5.319985e+01	3.185239e+02
5.200000e-06	6.536433e-09	2.490753e-09	5.304205e+01	3.176176e+02
5.210000e-06	6.516753e-09	2.472710e-09	5.288238e+01	3.166964e+02
5.220000e-06	6.496893e-09	2.468232e-09	5.272129e+01	3.157605e+02
5.230000e-06	6.476867e-09	2.472896e-09	5.255883e+01	3.148100e+02
5.240000e-06	6.456669e-09	2.470177e-09	5.239487e+01	3.138449e+02
5.250000e-06	6.436249e-09	2.457501e-09	5.222908e+01	3.128651e+02
5.260000e-06	6.415544e-09	2.444977e-09	5.206096e+01	3.118709e+02
5.270000e-06	6.394484e-09	2.436986e-09	5.188991e+01	3.108621e+02
5.280000e-06	6.372997e-09	2.423442e-09	5.171538e+01	3.098389e+02
5.290000e-06	6.351035e-09	2.405307e-09	5.153703e+01	3.088013e+02
5.300000e-06	6.328588e-09	2.395457e-09	5.135475e+01	3.077494e+02
5.310000e-06	6.305714e-09	2.392728e-09	5.116905e+01	3.066831e+02
5.320000e-06	6.282465e-09	2.390214e-09	5.098034e+01	3.056027e+02
5.330000e-06	6.258896e-09	2.386023e-09	5.078908e+01	3.045080e+02
5.340000e-06	6.235070e-09	2.370112e-09	5.059573e+01	3.033991e+02
5.350000e-06	6.211020e-09	2.349261e-09	5.040058e+01	3.022762e+02
5.360000e-06	6.186753e-09	2.339348e-09	5.020366e+01	3.011393e+02
5.370000e-06	6.162249e-09	2.331267e-09	5.000479e+01	2.999883e+02
5.380000e-06	6.137492e-09	2.318220e-09	4.980387e+01	2.988234e+02
5.390000e-06	6.112442e-09	2.305223e-09	4.960057e+01	2.976447e+02
5.400000e-06	6.087101e-09	2.298205e-09	4.939485e+01	2.964521e+02
5.410000e-06	6.061483e-09	2.295028e-09	4.918696e+01	2.952457e+02
5.420000e-06	6.035585e-09	2.286730e-09	4.897685e+01	2.940256e+02
5.430000e-06	6.009416e-09	2.273045e-09	4.876449e+01	2.927919e+02
5.440000e-06	5.982983e-09	2.258597e-09	4.854997e+01	2.915445e+02
5.450000e-06	5.956286e-09	2.248891e-09	4.833338e+01	2.902836e+02
5.460000e-06	5.929334e-09	2.244115e-09	4.811470e+01	2.890092e+02
5.470000e-06	5.902137e-09	2.236158e-09	4.789399e+01	2.877214e+02
5.480000e-06	5.874694e-09	2.222696e-09	4.767134e+01	2.864203e+02
5.490000e-06	5.847035e-09	2.210697e-09	4.744697e+01	2.851058e+02
5.500000e-06	5.819205e-09	2.204306e-09	4.722120e+01	2.837781e+02
5.510000e-06	5.791208e-09	2.198041e-09	4.699402e+01	2.824372e+02
5.520000e-06	5.763021e-09	2.184923e-09	4.676522e+01	2.810832e+02
5.530000e-06	5.734609e-09	2.169023e-09	4.653463e+01	2.797161e+02
5.540000e-06	5.705929e-09	2.157439e-09	4.630190e+01	2.783360e+02
5.550000e-06	5.676918e-09	2.149106e-09	4.606643e+01	2.769430e+02
5.560000e-06	5.647521e-09	2.140832e-09	4.582783e+01	2.755371e+02
5.570000e-06	5.617721e-09	2.129345e-09	4.558600e+01	2.741185e+02
5.580000e-06	5.587507e-09	2.116911e-09	4.534080e+01	2.726871e+02
5.590000e-06	5.556888e-09	2.107982e-09	4.509233e+01	2.712430e+02
5.600000e-06	5.525914e-09	2.100358e-09	4.484100e+01	2.697863e+02
5.610000e-06	5.494625e-09	2.089588e-09	4.458715e+01	2.683171e+02
5.620000e-06	5.463051e-09	2.075962e-09	4.433095e+01	2.668355e+02
5.630000e-06	5.431238e-09	2.065770e-09	4.407276e+01	2.653414e+02
5.640000e-06	5.399222e-09	2.059572e-09	4.381291e+01	2.638350e+02
5.650000e-06	5.367011e-09	2.050191e-09	4.355150e+01	2.623164e+02
5.660000e-06	5.334622e-09	2.034974e-09	4.328865e+01	2.607856e+02
5.670000e-06	5.302046e-09	2.019650e-09	4.302429e+01	2.592426e+02
5.680000e-06	5.269259e-09	2.009492e-09	4.275828e+01	2.576876e+02
5.690000e-06	5.236254e-09	2.001561e-09	4.249048e+01	2.561207e+02
5.700000e-06	5.203039e-09	1.991352e-09	4.222090e+01	2.545418e+02
5.710000e-06	5.169628e-09	1.979436e-09	4.194971e+01	2.529512e+02
5.720000e-06	5.135993e-09	1.968481e-09	4.167673e+01	2.513487e+02
5.730000e-06	5.102117e-09	1.959112e-09	4.140177e+01	2.497346e+02
5.740000e-06	5.068010e-09	1.948894e-09	4.112495e+01	2.481089e+02
5.750000e-06	5.033660e-09	1.936043e-09	4.084616e+01	2.464717e+02
5.760000e-06	4.999059e-09	1.921430e-09	4.056531e+01	2.448230e+02
5.770000e-06	4.964228e-09	1.907197e-09	4.028258e+01	2.431630e+02
5.780000e-06	4.929179e-09	1.893833e-09	3.999813e+01	2.414916e+02
5.790000e-06	4.893903e-09	1.880413e-09	3.971191e+01	2.398091e+02
5.800000e-06	4.858436e-09	1.865602e-09	3.942412e+01	2.381154e+02
5.810000e-06	4.822810e-09	1.850050e-09	3.913501e+01	2.364106e+02
5.820000e-06	4.786995e-09	1.836584e-09	3.884439e+01	2.346949e+02
5.830000e-06	4.750996e-09	1.824872e-09	3.855231e+01	2.329682e+02
5.840000e-06	4.714817e-09	1.811882e-09	3.825880e+01	2.312308e+02
5.850000e-06	4.678459e-09	1.795661e-09	3.796377e+01	2.294826e+02
5.860000e-06	4.641922e-09	1.778903e-09	3.766719e+01	2.277237e+02
5.870000e-06	4.605173e-09	1.763721e-09	3.736888e+01	2.259543e+02
5.880000e-06	4.568178e-09	1.748708e-09	3.706856e+01	2.241743e+02
5.890000e-06	4.530906e-09	1.731395e-09	3.676602e+01	2.223840e+02
5.900000e-06	4.493362e-09	1.712014e-09	3.646129e+01	2.205833e+02
5.910000e-06	4.455546e-09	1.697855e-09	3.615438e+01	2.187724e+02
5.920000e-06	4.417448e-09	1.690680e-09	3.584522e+01	2.169513e+02
5.930000e-06	4.379063e-09	1.684809e-09	3.553374e+01	2.151201e+02
5.940000e-06	4.340408e-09	1.674534e-09	3.521999e+01	2.132790e+02
5.950000e-06	4.301487e-09	1.657533e-09	3.490407e+01	2.114279e+02
5.960000e-06	4.262305e-09	1.636744e-09	3.458610e+01	2.095671e+02
5.970000e-06	4.222897e-09	1.612363e-09	3.426628e+01	2.076964e+02
5.980000e-06	4.183282e-09	1.585673e-09	3.394479e+01	2.058162e+02
5.990000e-06	4.143462e-09	1.563813e-09	3.362167e+01	2.039264e+02
6.000000e-06	4.103452e-09	1.553447e-09	3.329698e+01	2.020271e+02
6.010000e-06	4.063280e-09	1.554139e-09	3.297097e+01	2.001184e+02
6.020000e-06	4.022950e-09	1.554496e-09	3.264367e+01	1.982004e+02
6.030000e-06	3.982465e-09	1.543881e-09	3.231507e+01	1.962733e+02
6.040000e-06	3.941829e-09	1.522094e-09	3.198527e+01	1.943370e+02
6.050000e-06	3.901050e-09	1.495696e-09	3.165431e+01	1.923916e+02
6.060000e-06	3.860147e-09	1.470670e-09	3.132229e+01	1.904374e+02
6.070000e-06	3.819109e-09	1.450100e-09	3.098925e+01	1.884743e+02
6.080000e-06	3.777920e-09	1.438262e-09	3.065506e+01	1.865024e+02
6.090000e-06	3.736579e-09	1.434012e-09	3.031958e+01	1.845219e+02
6.100000e-06	3.695078e-09	1.429771e-09	2.998277e+01	1.825329e+02
6.110000e-06	3.653422e-09	1.418800e-09	2.964472e+01	1.805353e+02
6.120000e-06	3.611607e-09	1.398492e-09	2.930537e+01	1.785294e+02
6.130000e-06	3.569639e-09	1.373272e-09	2.896471e+01	1.765151e+02
6.140000e-06	3.527503e-09	1.349748e-09	2.862273e+01	1.744927e+02
6.150000e-06	3.485185e-09	1.329702e-09	2.827931e+01	1.724622e+02
6.160000e-06	3.442708e-09	1.311546e-09	2.793454e+01	1.704236e+02
6.170000e-06	3.400076e-09	1.296301e-09	2.758854e+01	1.683772e+02
6.180000e-06	3.357288e-09	1.285523e-09	2.724134e+01	1.663229e+02
6.190000e-06	3.314351e-09	1.275570e-09	2.689295e+01	1.642609e+02
6.200000e-06	3.271256e-09	1.262588e-09	2.654334e+01	1.621912e+02
6.210000e-06	3.228020e-09	1.245687e-09	2.619257e+01	1.601141e+02
6.220000e-06	3.184669e-09	1.227451e-09	2.584084e+01	1.580295e+02
6.230000e-06	3.141199e-09	1.211056e-09	2.548817e+01	1.559376e+02
6.240000e-06	3.097612e-09	1.195384e-09	2.513453e+01	1.538384e+02
6.250000e-06	3.053919e-09	1.178027e-09	2.478003e+01	1.517321e+02
6.260000e-06	3.010123e-09	1.159979e-09	2.442468e+01	1.496187e+02
6.270000e-06	2.966214e-09	1.143889e-09	2.406836e+01	1.474984e+02
6.280000e-06	2.922199e-09	1.128018e-09	2.371115e+01	1.453712e+02
6.290000e-06	2.878091e-09	1.111233e-09	2.335317e+01	1.432373e+02
6.300000e-06	2.833883e-09	1.095167e-09	2.299432e+01	1.410967e+02
6.310000e-06	2.789577e-09	1.079248e-09	2.263468e+01	1.389496e+02
6.320000e-06	2.745174e-09	1.062643e-09	2.227430e+01	1.367961e+02
6.330000e-06	2.700667e-09	1.045268e-09	2.191312e+01	1.346361e+02
6.340000e-06	2.656047e-09	1.026755e-09	2.155103e+01	1.324700e+02
6.350000e-06	2.611328e-09	1.007692e-09	2.118809e+01	1.302977e+02
6.360000e-06	2.566523e-09	9.908875e-10	2.082438e+01	1.281193e+02
6.370000e-06	2.521606e-09	9.780554e-10	2.045984e+01	1.259350e+02
6.380000e-06	2.476571e-09	9.674413e-10	2.009441e+01	1.237448e+02
6.390000e-06	2.431420e-09	9.556465e-10	1.972807e+01	1.215489e+02
6.400000e-06	2.386155e-09	9.392676e-10	1.936081e+01	1.193473e+02
6.410000e-06	2.340777e-09	9.194697e-10	1.899261e+01	1.171403e+02
6.420000e-06	2.295287e-09	8.995644e-10	1.862350e+01	1.149277e+02
6.430000e-06	2.249694e-09	8.800560e-10	1.825356e+01	1.127099e+02
6.440000e-06	2.203999e-09	8.608902e-10	1.788277e+01	1.104868e+02
6.450000e-06	2.158210e-09	8.424018e-10	1.751119e+01	1.082585e+02
6.460000e-06	2.112305e-09	8.255007e-10	1.713871e+01	1.060253e+02
6.470000e-06	2.066305e-09	8.095584e-10	1.676549e+01	1.037871e+02
6.480000e-06	2.020233e-09	7.925819e-10	1.639164e+01	1.015441e+02
6.490000e-06	1.974074e-09	7.741875e-10	1.601712e+01	9.929642e+01
6.500000e-06	1.927837e-09	7.565348e-10	1.564193e+01	9.704411e+01
6.510000e-06	1.881520e-09	7.403423e-10	1.526603e+01	9.478729e+01
6.520000e-06	1.835120e-09	7.230879e-10	1.488944e+01	9.252608e+01
6.530000e-06	1.788640e-09	7.044697e-10	1.451215e+01	9.026057e+01
6.540000e-06	1.742065e-09	6.846380e-10	1.413417e+01	8.799087e+01
6.550000e-06	1.695412e-09	6.641713e-10	1.375564e+01	8.571709e+01
6.560000e-06	1.648710e-09	6.461351e-10	1.337662e+01	8.343933e+01
6.570000e-06	1.601937e-09	6.300999e-10	1.299698e+01	8.115770e+01
6.580000e-06	1.555079e-09	6.140565e-10	1.261672e+01	7.887230e+01
6.590000e-06	1.508149e-09	5.973990e-10	1.223584e+01	7.658325e+01
6.600000e-06	1.461128e-09	5.780475e-10	1.185422e+01	7.429064e+01
6.610000e-06	1.414032e-09	5.557586e-10	1.147199e+01	7.199458e+01
6.620000e-06	1.366884e-09	5.325534e-10	1.108921e+01	6.969519e+01
6.630000e-06	1.319668e-09	5.097461e-10	1.070586e+01	6.739256e+01
6.640000e-06	1.272382e-09	4.890105e-10	1.032203e+01	6.508680e+01
6.650000e-06	1.225033e-09	4.709019e-10	9.937720e+00	6.277803e+01
6.660000e-06	1.177631e-09	4.544876e-10	9.552996e+00	6.046635e+01
6.670000e-06	1.130179e-09	4.381546e-10	9.167824e+00	5.815186e+01
6.680000e-06	1.082697e-09	4.197778e-10	8.782459e+00	5.583467e+01
6.690000e-06	1.035163e-09	3.976411e-10	8.396660e+00	5.351490e+01
6.700000e-06	9.875777e-10	3.737464e-10	8.010401e+00	5.119265e+01
6.710000e-06	9.399438e-10	3.503857e-10	7.623786e+00	4.886802e+01
6.720000e-06	8.922582e-10	3.280166e-10	7.236753e+00	4.654113e+01
6.730000e-06	8.445540e-10	3.080094e-10	6.849531e+00	4.421208e+01
6.740000e-06	7.968260e-10	2.898841e-10	6.462108e+00	4.188098e+01
6.750000e-06	7.490640e-10	2.735233e-10	6.074513e+00	3.954794e+01
6.760000e-06	7.012558e-10	2.566750e-10	5.686552e+00	3.721307e+01
6.770000e-06	6.534113e-10	2.371467e-10	5.298174e+00	3.487648e+01
6.780000e-06	6.055211e-10	2.174086e-10	4.909345e+00	3.253827e+01
6.790000e-06	5.575937e-10	1.989320e-10	4.520197e+00	3.019856e+01
6.800000e-06	5.096629e-10	1.824218e-10	4.131077e+00	2.785745e+01
6.810000e-06	4.616956e-10	1.661920e-10	3.741760e+00	2.551505e+01
6.820000e-06	4.137058e-10	1.490503e-10	3.352290e+00	2.317147e+01
6.830000e-06	3.656864e-10	1.318586e-10	2.962537e+00	2.082682e+01
6.840000e-06	3.176312e-10	1.148442e-10	2.572420e+00	1.848121e+01
6.850000e-06	2.695730e-10	9.844693e-11	2.182249e+00	1.613474e+01
6.860000e-06	2.215131e-10	8.085993e-11	1.792127e+00	1.378753e+01
6.870000e-06	1.734493e-10	6.289337e-11	1.402009e+00	1.143969e+01
6.880000e-06	1.253807e-10	4.576977e-11	1.011869e+00	9.091323e+00
6.890000e-06	7.733157e-11	2.936070e-11	6.218269e-01	6.742539e+00
6.900000e-06	2.927867e-11	1.319300e-11	2.316806e-01	4.393448e+00
6.910000e-06	-1.879230e-11	-3.530044e-12	-1.585794e-01	2.044159e+00
6.920000e-06	-6.687104e-11	-2.070741e-11	-5.488409e-01	-3.052193e-01
6.930000e-06	-1.149371e-10	-3.931485e-11	-9.389745e-01	-2.654577e+00
6.940000e-06	-1.629622e-10	-5.730326e-11	-1.328774e+00	-5.003805e+00
6.950000e-06	-2.109735e-10	-7.428836e-11	-1.718452e+00	-7.352794e+00
6.960000e-06	-2.589799e-10	-9.135571e-11	-2.108130e+00	-9.701435e+00
6.970000e-06	-3.069583e-10	-1.081834e-10	-2.497620e+00	-1.204962e+01
6.980000e-06	-3.549185e-10	-1.249602e-10	-2.886988e+00	-1.439724e+01
6.990000e-06	-4.028868e-10	-1.410942e-10	-3.276409e+00	-1.674418e+01
7.000000e-06	-4.508337e-10	-1.579245e-10	-3.665560e+00	-1.909034e+01
7.010000e-06	-4.987270e-10	-1.759982e-10	-4.054267e+00	-2.143560e+01
7.020000e-06	-5.465898e-10	-1.949621e-10	-4.442767e+00	-2.377986e+01
7.030000e-06	-5.944144e-10	-2.130846e-10	-4.830926e+00	-2.612301e+01
7.040000e-06	-6.422274e-10	-2.302673e-10	-5.218924e+00	-2.846494e+01
7.050000e-06	-6.900227e-10	-2.480962e-10	-5.606854e+00	-3.080555e+01
7.060000e-06	-7.377697e-10	-2.659006e-10	-5.994430e+00	-3.314471e+01
7.070000e-06	-7.854922e-10	-2.854827e-10	-6.381775e+00	-3.548233e+01
7.080000e-06	-8.331634e-10	-3.072705e-10	-6.768789e+00	-3.781829e+01
7.090000e-06	-8.807612e-10	-3.293309e-10	-7.155247e+00	-4.015248e+01
7.100000e-06	-9.283159e-10	-3.494671e-10	-7.541272e+00	-4.248481e+01
7.110000e-06	-9.758320e-10	-3.674842e-10	-7.926844e+00	-4.481515e+01
7.120000e-06	-1.023277e-09	-3.864701e-10	-8.311830e+00	-4.714341e+01
7.130000e-06	-1.070673e-09	-4.070031e-10	-8.696493e+00	-4.946946e+01
7.140000e-06	-1.118022e-09	-4.256406e-10	-9.080853e+00	-5.179322e+01
7.150000e-06	-1.165278e-09	-4.410874e-10	-9.464480e+00	-5.411456e+01
7.160000e-06	-1.212458e-09	-4.561363e-10	-9.847439e+00	-5.643337e+01
7.170000e-06	-1.259598e-09	-4.716565e-10	-1.023005e+01	-5.874956e+01
7.180000e-06	-1.306672e-09	-4.886990e-10	-1.061218e+01	-6.106301e+01
7.190000e-06	-1.353662e-09	-5.065957e-10	-1.099364e+01	-6.337362e+01
7.200000e-06	-1.400610e-09	-5.255764e-10	-1.137471e+01	-6.568128e+01
7.210000e-06	-1.447517e-09	-5.466898e-10	-1.175541e+01	-6.798587e+01
7.220000e-06	-1.494349e-09	-5.688025e-10	-1.213546e+01	-7.028730e+01
7.230000e-06	-1.541124e-09	-5.907283e-10	-1.251503e+01	-7.258546e+01
7.240000e-06	-1.587842e-09	-6.098864e-10	-1.289414e+01	-7.488024e+01
7.250000e-06	-1.634478e-09	-6.275145e-10	-1.327256e+01	-7.717153e+01
7.260000e-06	-1.681042e-09	-6.436873e-10	-1.365042e+01	-7.945923e+01
7.270000e-06	-1.727547e-09	-6.611403e-10	-1.402783e+01	-8.174323e+01
7.280000e-06	-1.773961e-09	-6.813154e-10	-1.440451e+01	-8.402343e+01
7.290000e-06	-1.820280e-09	-6.998327e-10	-1.478045e+01	-8.629971e+01
7.300000e-06	-1.866525e-09	-7.177377e-10	-1.515577e+01	-8.857198e+01
7.310000e-06	-1.912687e-09	-7.357948e-10	-1.553035e+01	-9.084012e+01
7.320000e-06	-1.958766e-09	-7.540286e-10	-1.590420e+01	-9.310403e+01
7.330000e-06	-2.004745e-09	-7.701280e-10	-1.627728e+01	-9.536362e+01
7.340000e-06	-2.050631e-09	-7.846146e-10	-1.664964e+01	-9.761876e+01
7.350000e-06	-2.096436e-09	-8.008493e-10	-1.702137e+01	-9.986936e+01
7.360000e-06	-2.142130e-09	-8.179200e-10	-1.739219e+01	-1.021153e+02
7.370000e-06	-2.187713e-09	-8.351400e-10	-1.776209e+01	-1.043565e+02
7.380000e-06	-2.233206e-09	-8.505977e-10	-1.813120e+01	-1.065929e+02
7.390000e-06	-2.278601e-09	-8.672440e-10	-1.849950e+01	-1.088242e+02
7.400000e-06	-2.323894e-09	-8.878011e-10	-1.886705e+01	-1.110506e+02
7.410000e-06	-2.369083e-09	-9.096949e-10	-1.923378e+01	-1.132717e+02
7.420000e-06	-2.414174e-09	-9.291228e-10	-1.959969e+01	-1.154876e+02
7.430000e-06	-2.459166e-09	-9.451294e-10	-1.996479e+01	-1.176981e+02
7.440000e-06	-2.504064e-09	-9.601117e-10	-2.032913e+01	-1.199031e+02
7.450000e-06	-2.548866e-09	-9.748065e-10	-2.069271e+01	-1.221026e+02
7.460000e-06	-2.593575e-09	-9.905046e-10	-2.105557e+01	-1.242964e+02
7.470000e-06	-2.638197e-09	-1.005334e-09	-2.141771e+01	-1.264843e+02
7.480000e-06	-2.682728e-09	-1.020789e-09	-2.177909e+01	-1.286664e+02
7.490000e-06	-2.727160e-09	-1.038915e-09	-2.213969e+01	-1.308426e+02
7.500000e-06	-2.771484e-09	-1.056053e-09	-2.249943e+01	-1.330126e+02
7.510000e-06	-2.815691e-09	-1.071548e-09	-2.285818e+01	-1.351764e+02
7.520000e-06	-2.859791e-09	-1.086783e-09	-2.321605e+01	-1.373340e+02
7.530000e-06	-2.903788e-09	-1.103877e-09	-2.357309e+01	-1.394852e+02
7.540000e-06	-2.947673e-09	-1.121168e-09	-2.392920e+01	-1.416298e+02
7.550000e-06	-2.991454e-09	-1.136549e-09	-2.428443e+01	-1.437679e+02
7.560000e-06	-3.035140e-09	-1.150475e-09	-2.463890e+01	-1.458993e+02
7.570000e-06	-3.078716e-09	-1.163660e-09	-2.499252e+01	-1.480239e+02
7.580000e-06	-3.122179e-09	-1.177708e-09	-2.534524e+01	-1.501416e+02
7.590000e-06	-3.165533e-09	-1.193269e-09	-2.569704e+01	-1.522524e+02
7.600000e-06	-3.208765e-09	-1.210222e-09	-2.604783e+01	-1.543560e+02
7.610000e-06	-3.251874e-09	-1.226383e-09	-2.639765e+01	-1.564525e+02
7.620000e-06	-3.294858e-09	-1.241542e-09	-2.674644e+01	-1.585417e+02
7.630000e-06	-3.337709e-09	-1.255926e-09	-2.709410e+01	-1.606236e+02
7.640000e-06	-3.380424e-09	-1.268485e-09	-2.744071e+01	-1.626979e+02
7.650000e-06	-3.422994e-09	-1.278073e-09	-2.778623e+01	-1.647647e+02
7.660000e-06	-3.465398e-09	-1.287376e-09	-2.813043e+01	-1.668238e+02
7.670000e-06	-3.507623e-09	-1.301591e-09	-2.847312e+01	-1.688752e+02
7.680000e-06	-3.549683e-09	-1.320725e-09	-2.881439e+01	-1.709187e+02
7.690000e-06	-3.591596e-09	-1.341705e-09	-2.915448e+01	-1.729542e+02
7.700000e-06	-3.633346e-09	-1.359678e-09	-2.949319e+01	-1.749818e+02
7.710000e-06	-3.674914e-09	-1.374804e-09	-2.983042e+01	-1.770011e+02
7.720000e-06	-3.716318e-09	-1.390221e-09	-3.016640e+01	-1.790123e+02
7.730000e-06	-3.757560e-09	-1.405325e-09	-3.050108e+01	-1.810151e+02
7.740000e-06	-3.798634e-09	-1.417836e-09	-3.083439e+01	-1.830095e+02
7.750000e-06	-3.839553e-09	-1.428728e-09	-3.116648e+01	-1.849954e+02
7.760000e-06	-3.880314e-09	-1.442678e-09	-3.149728e+01	-1.869727e+02
7.770000e-06	-3.920909e-09	-1.460462e-09	-3.182680e+01	-1.889412e+02
7.780000e-06	-3.961368e-09	-1.478041e-09	-3.215521e+01	-1.909010e+02
7.790000e-06	-4.001679e-09	-1.492225e-09	-3.248231e+01	-1.928520e+02
7.800000e-06	-4.041839e-09	-1.505246e-09	-3.280810e+01	-1.947939e+02
7.810000e-06	-4.081876e-09	-1.518752e-09	-3.313286e+01	-1.967268e+02
7.820000e-06	-4.121765e-09	-1.532366e-09	-3.345641e+01	-1.986505e+02
7.830000e-06	-4.161493e-09	-1.546144e-09	-3.377874e+01	-2.005650e+02
7.840000e-06	-4.201053e-09	-1.560433e-09	-3.409973e+01	-2.024702e+02
7.850000e-06	-4.240433e-09	-1.577103e-09	-3.441928e+01	-2.043660e+02
7.860000e-06	-4.279624e-09	-1.595452e-09	-3.473740e+01	-2.062522e+02
7.870000e-06	-4.318583e-09	-1.613380e-09	-3.505361e+01	-2.081289e+02
7.880000e-06	-4.357273e-09	-1.628847e-09	-3.536756e+01	-2.099959e+02
7.890000e-06	-4.395672e-09	-1.643355e-09	-3.567915e+01	-2.118531e+02
7.900000e-06	-4.433749e-09	-1.658754e-09	-3.598825e+01	-2.137005e+02
7.910000e-06	-4.471538e-09	-1.671918e-09	-3.629506e+01	-2.155379e+02
7.920000e-06	-4.509035e-09	-1.682922e-09	-3.659941e+01	-2.173653e+02
7.930000e-06	-4.546193e-09	-1.695543e-09	-3.690094e+01	-2.191826e+02
7.940000e-06	-4.583076e-09	-1.710836e-09	-3.720021e+01	-2.209897e+02
7.950000e-06	-4.619726e-09	-1.725836e-09	-3.749760e+01	-2.227865e+02
7.960000e-06	-4.656149e-09	-1.739767e-09	-3.779315e+01	-2.245730e+02
7.970000e-06	-4.692382e-09	-1.754726e-09	-3.808720e+01	-2.263490e+02
7.980000e-06	-4.728445e-09	-1.769147e-09	-3.837991e+01	-2.281145e+02
7.990000e-06	-4.764347e-09	-1.781839e-09	-3.867123e+01	-2.298694e+02
8.000000e-06	-4.800103e-09	-1.794434e-09	-3.896133e+01	-2.316135e+02
8.010000e-06	-4.835698e-09	-1.809845e-09	-3.925012e+01	-2.333470e+02
8.020000e-06	-4.871104e-09	-1.827014e-09	-3.953733e+01	-2.350695e+02
8.030000e-06	-4.906314e-09	-1.842932e-09	-3.982296e+01	-2.367812e+02
8.040000e-06	-4.941314e-09	-1.859006e-09	-4.010695e+01	-2.384818e+02
8.050000e-06	-4.976098e-09	-1.875273e-09	-4.038923e+01	-2.401714e+02
8.060000e-06	-5.010654e-09	-1.889492e-09	-4.066973e+01	-2.418497e+02
8.070000e-06	-5.044969e-09	-1.899506e-09	-4.094828e+01	-2.435169e+02
8.080000e-06	-5.079046e-09	-1.908150e-09	-4.122487e+01	-2.451727e+02
8.090000e-06	-5.112902e-09	-1.920692e-09	-4.149957e+01	-2.468171e+02
8.100000e-06	-5.146524e-09	-1.936316e-09	-4.177237e+01	-2.484500e+02
8.110000e-06	-5.179885e-09	-1.950921e-09	-4.204314e+01	-2.500713e+02
8.120000e-06	-5.213016e-09	-1.962278e-09	-4.231202e+01	-2.516811e+02
8.130000e-06	-5.245932e-09	-1.969996e-09	-4.257912e+01	-2.532791e+02
8.140000e-06	-5.278618e-09	-1.977885e-09	-4.284435e+01	-2.548654e+02
8.150000e-06	-5.311099e-09	-1.988198e-09	-4.310784e+01	-2.564398e+02
8.160000e-06	-5.343404e-09	-1.999264e-09	-4.336982e+01	-2.580023e+02
8.170000e-06	-5.375524e-09	-2.010672e-09	-4.363032e+01	-2.595528e+02
8.180000e-06	-5.407439e-09	-2.020712e-09	-4.388920e+01	-2.610912e+02
8.190000e-06	-5.439147e-09	-2.030685e-09	-4.414641e+01	-2.626175e+02
8.200000e-06	-5.470632e-09	-2.038759e-09	-4.440182e+01	-2.641315e+02
8.210000e-06	-5.501825e-09	-2.044953e-09	-4.465487e+01	-2.656333e+02
8.220000e-06	-5.532676e-09	-2.053150e-09	-4.490517e+01	-2.671227e+02
8.230000e-06	-5.563172e-09	-2.064219e-09	-4.515259e+01	-2.685997e+02
8.240000e-06	-5.593286e-09	-2.078398e-09	-4.539697e+01	-2.700643e+02
8.250000e-06	-5.622994e-09	-2.091664e-09	-4.563811e+01	-2.715162e+02
8.260000e-06	-5.652308e-09	-2.102672e-09	-4.587608e+01	-2.729556e+02
8.270000e-06	-5.681270e-09	-2.109964e-09	-4.611117e+01	-2.743822e+02
8.280000e-06	-5.709929e-09	-2.114794e-09	-4.634371e+01	-2.757961e+02
8.290000e-06	-5.738346e-09	-2.121122e-09	-4.657421e+01	-2.771972e+02
8.300000e-06	-5.766563e-09	-2.128921e-09	-4.680307e+01	-2.785853e+02
8.310000e-06	-5.794593e-09	-2.139978e-09	-4.703042e+01	-2.799605e+02
8.320000e-06	-5.822446e-09	-2.152508e-09	-4.725639e+01	-2.813227e+02
8.330000e-06	-5.850119e-09	-2.165802e-09	-4.748087e+01	-2.826719e+02
8.340000e-06	-5.877578e-09	-2.179106e-09	-4.770358e+01	-2.840078e+02
8.350000e-06	-5.904782e-09	-2.189882e-09	-4.792425e+01	-2.853306e+02
8.360000e-06	-5.931699e-09	-2.196904e-09	-4.814263e+01	-2.866401e+02
8.370000e-06	-5.958310e-09	-2.200568e-09	-4.835854e+01	-2.879363e+02
8.380000e-06	-5.984650e-09	-2.207821e-09	-4.857220e+01	-2.892191e+02
8.390000e-06	-6.010728e-09	-2.219892e-09	-4.878367e+01	-2.904884e+02
8.400000e-06	-6.036532e-09	-2.233136e-09	-4.899293e+01	-2.917442e+02
8.410000e-06	-6.062067e-09	-2.245049e-09	-4.920006e+01	-2.929865e+02
8.420000e-06	-6.087299e-09	-2.255954e-09	-4.940484e+01	-2.942151e+02
8.430000e-06	-6.112239e-09	-2.266157e-09	-4.960723e+01	-2.954301e+02
8.440000e-06	-6.136911e-09	-2.272662e-09	-4.980741e+01	-2.966313e+02
8.450000e-06	-6.161338e-09	-2.276772e-09	-5.000560e+01	-2.978188e+02
8.460000e-06	-6.185567e-09	-2.281085e-09	-5.020214e+01	-2.989924e+02
8.470000e-06	-6.209619e-09	-2.289777e-09	-5.039723e+01	-3.001520e+02
8.480000e-06	-6.233498e-09	-2.300980e-09	-5.059092e+01	-3.012978e+02
8.490000e-06	-6.257169e-09	-2.311367e-09	-5.078289e+01	-3.024295e+02
8.500000e-06	-6.280575e-09	-2.322374e-09	-5.097273e+01	-3.035471e+02
8.510000e-06	-6.303653e-09	-2.333677e-09	-5.116001e+01	-3.046507e+02
8.520000e-06	-6.326339e-09	-2.345490e-09	-5.134410e+01	-3.057400e+02
8.530000e-06	-6.348584e-09	-2.355597e-09	-5.152464e+01	-3.068152e+02
8.540000e-06	-6.370343e-09	-2.364010e-09	-5.170125e+01	-3.078761e+02
8.550000e-06	-6.391632e-09	-2.371867e-09	-5.187405e+01	-3.089227e+02
8.560000e-06	-6.412508e-09	-2.381147e-09	-5.204347e+01	-3.099549e+02
8.570000e-06	-6.433035e-09	-2.390399e-09	-5.221004e+01	-3.109727e+02
8.580000e-06	-6.453316e-09	-2.397853e-09	-5.237461e+01	-3.119760e+02
8.590000e-06	-6.473410e-09	-2.406873e-09	-5.253760e+01	-3.129649e+02
8.600000e-06	-6.493321e-09	-2.416130e-09	-5.269910e+01	-3.139392e+02
8.610000e-06	-6.513032e-09	-2.425652e-09	-5.285896e+01	-3.148988e+02
8.620000e-06	-6.532508e-09	-2.435499e-09	-5.301697e+01	-3.158439e+02
8.630000e-06	-6.551713e-09	-2.444858e-09	-5.317284e+01	-3.167743e+02
8.640000e-06	-6.570612e-09	-2.453963e-09	-5.332618e+01	-3.176899e+02
8.650000e-06	-6.589191e-09	-2.461848e-09	-5.347684e+01	-3.185907e+02
8.660000e-06	-6.607481e-09	-2.468209e-09	-5.362515e+01	-3.194768e+02
8.670000e-06	-6.625521e-09	-2.474474e-09	-5.377142e+01	-3.203480e+02
8.680000e-06	-6.643297e-09	-2.484503e-09	-5.391558e+01	-3.212043e+02
8.690000e-06	-6.660794e-09	-2.496623e-09	-5.405752e+01	-3.220457e+02
8.700000e-06	-6.677973e-09	-2.506594e-09	-5.419689e+01	-3.228720e+02
8.710000e-06	-6.694832e-09	-2.512786e-09	-5.433370e+01	-3.236834e+02
8.720000e-06	-6.711408e-09	-2.516818e-09	-5.446819e+01	-3.244798e+02
8.730000e-06	-6.727735e-09	-2.521204e-09	-5.460061e+01	-3.252610e+02
8.740000e-06	-6.743864e-09	-2.525710e-09	-5.473142e+01	-3.260271e+02
8.750000e-06	-6.759791e-09	-2.530612e-09	-5.486062e+01	-3.267781e+02
8.760000e-06	-6.775474e-09	-2.537475e-09	-5.498780e+01	-3.275138e+02
8.770000e-06	-6.790820e-09	-2.547412e-09	-5.511228e+01	-3.282344e+02
8.780000e-06	-6.805708e-09	-2.557230e-09	-5.523311e+01	-3.289397e+02
8.790000e-06	-6.820073e-09	-2.563414e-09	-5.534967e+01	-3.296296e+02
8.800000e-06	-6.833886e-09	-2.566245e-09	-5.546173e+01	-3.303043e+02
8.810000e-06	-6.847182e-09	-2.569522e-09	-5.556962e+01	-3.309636e+02
8.820000e-06	-6.860061e-09	-2.573772e-09	-5.567411e+01	-3.316075e+02
8.830000e-06	-6.872592e-09	-2.576376e-09	-5.577576e+01	-3.322360e+02
8.840000e-06	-6.884805e-09	-2.577714e-09	-5.587485e+01	-3.328490e+02
8.850000e-06	-6.896731e-09	-2.577999e-09	-5.597161e+01	-3.334466e+02
8.860000e-06	-6.908372e-09	-2.580910e-09	-5.606608e+01	-3.340287e+02
8.870000e-06	-6.919692e-09	-2.587351e-09	-5.615797e+01	-3.345952e+02
8.880000e-06	-6.930658e-09	-2.593774e-09	-5.624695e+01	-3.351462e+02
8.890000e-06	-6.941272e-09	-2.597446e-09	-5.633300e+01	-3.356816e+02
8.900000e-06	-6.951578e-09	-2.598510e-09	-5.641659e+01	-3.362014e+02
8.910000e-06	-6.961619e-09	-2.600283e-09	-5.649802e+01	-3.367055e+02
8.920000e-06	-6.971393e-09	-2.600708e-09	-5.657719e+01	-3.371940e+02
8.930000e-06	-6.980835e-09	-2.600041e-09	-5.665372e+01	-3.376669e+02
8.940000e-06	-6.989915e-09	-2.600775e-09	-5.672737e+01	-3.381240e+02
8.950000e-06	-6.998670e-09	-2.603554e-09	-5.679838e+01	-3.385654e+02
8.960000e-06	-7.007145e-09	-2.607956e-09	-5.686711e+01	-3.389910e+02
8.970000e-06	-7.015393e-09	-2.610734e-09	-5.693398e+01	-3.394009e+02
8.980000e-06	-7.023464e-09	-2.613620e-09	-5.699944e+01	-3.397951e+02
8.990000e-06	-7.031347e-09	-2.617284e-09	-5.706334e+01	-3.401734e+02
9.000000e-06	-7.038999e-09	-2.621204e-09	-5.712533e+01	-3.405359e+02
9.010000e-06	-7.046329e-09	-2.624431e-09	-5.718473e+01	-3.408826e+02
9.020000e-06	-7.053219e-09	-2.625981e-09	-5.724059e+01	-3.412134e+02
9.030000e-06	-7.059601e-09	-2.626556e-09	-5.729239e+01	-3.415283e+02
9.040000e-06	-7.065448e-09	-2.625432e-09	-5.733991e+01	-3.418274e+02
9.050000e-06	-7.070781e-09	-2.625091e-09	-5.738324e+01	-3.421106e+02
9.060000e-06	-7.075675e-09	-2.625978e-09	-5.742300e+01	-3.423779e+02
9.070000e-06	-7.080206e-09	-2.627682e-09	-5.745973e+01	-3.426292e+02
9.080000e-06	-7.084468e-09	-2.629997e-09	-5.749425e+01	-3.428647e+02
9.090000e-06	-7.088552e-09	-2.633383e-09	-5.752729e+01	-3.430842e+02
9.100000e-06	-7.092462e-09	-2.638007e-09	-5.755894e+01	-3.432877e+02
9.110000e-06	-7.096122e-09	-2.640878e-09	-5.758861e+01	-3.434753e+02
9.120000e-06	-7.099467e-09	-2.642054e-09	-5.761574e+01	-3.436469e+02
9.130000e-06	-7.102499e-09	-2.642508e-09	-5.764029e+01	-3.438025e+02
9.140000e-06	-7.105215e-09	-2.643402e-09	-5.766233e+01	-3.439421e+02
9.150000e-06	-7.107624e-09	-2.644294e-09	-5.768186e+01	-3.440658e+02
9.160000e-06	-7.109780e-09	-2.645180e-09	-5.769923e+01	-3.441735e+02
9.170000e-06	-7.111696e-09	-2.647749e-09	-5.771461e+01	-3.442651e+02
9.180000e-06	-7.113240e-09	-2.651343e-09	-5.772700e+01	-3.443408e+02
9.190000e-06	-7.114345e-09	-2.654267e-09	-5.773588e+01	-3.444004e+02
9.200000e-06	-7.115134e-09	-2.654329e-09	-5.774228e+01	-3.444440e+02
9.210000e-06	-7.115680e-09	-2.651698e-09	-5.774667e+01	-3.444716e+02
