2.583942e-15
2.786468e-15
3.481526e-15
3.427574e-15
1.127412e-14
4.788775e-14
4.890337e-14
5.075907e-14
4.831339e-14
5.229461e-14
5.057827e-14
5.130884e-14
5.230803e-14
4.923972e-14
4.906200e-14
5.097159e-14
4.932640e-14
5.006802e-14
4.979283e-14
5.218619e-14
5.238289e-14
5.127655e-14
4.867894e-14
5.224182e-14
5.052089e-14
5.248559e-14
5.135583e-14
5.257723e-14
5.095269e-14
4.999593e-14
5.155733e-14
5.135931e-14
5.211337e-14
5.188384e-14
5.230766e-14
5.228890e-14
5.202797e-14
5.252792e-14
5.200131e-14
5.185217e-14
5.156739e-14
5.206962e-14
5.237790e-14
5.190120e-14
5.356186e-14
2.899556e-14
7.719465e-15
5.979247e-15
6.658671e-15
4.834183e-15
