# Temperatura_=_20.0
# Concentracion g/m^3_=_10770.0
# C_Vs_to_Am_M_A/Vsm_=_25649819763.59163
# pendiente_HvsI_1/m_=_3716.3
# ordenada_HvsI_A/m_=_1297.0
# frecuencia_Hz_=_108139.73716435448
# Promedio de 29 ciclos

Tiempo_(s)	Campo_(V.s)	Magnetizacion_(V.s)	Campo_(kA/m)	Magnetizacion_(A/m)
0.000000e+00	-4.278522e-09	-1.218595e-08	-3.621536e+01	-3.097022e+02
1.000000e-08	-4.278734e-09	-1.218986e-08	-3.621715e+01	-3.097713e+02
2.000000e-08	-4.278830e-09	-1.219806e-08	-3.621796e+01	-3.098377e+02
3.000000e-08	-4.278801e-09	-1.221405e-08	-3.621772e+01	-3.099038e+02
4.000000e-08	-4.278643e-09	-1.223805e-08	-3.621637e+01	-3.099708e+02
5.000000e-08	-4.278372e-09	-1.224149e-08	-3.621409e+01	-3.100387e+02
6.000000e-08	-4.277972e-09	-1.218065e-08	-3.621070e+01	-3.101063e+02
7.000000e-08	-4.277371e-09	-1.210753e-08	-3.620561e+01	-3.101712e+02
8.000000e-08	-4.276515e-09	-1.211651e-08	-3.619836e+01	-3.102300e+02
9.000000e-08	-4.275386e-09	-1.217600e-08	-3.618881e+01	-3.102786e+02
1.000000e-07	-4.273971e-09	-1.216934e-08	-3.617683e+01	-3.103128e+02
1.100000e-07	-4.272237e-09	-1.207278e-08	-3.616215e+01	-3.103287e+02
1.200000e-07	-4.270179e-09	-1.204666e-08	-3.614473e+01	-3.103228e+02
1.300000e-07	-4.267831e-09	-1.217399e-08	-3.612486e+01	-3.102926e+02
1.400000e-07	-4.265159e-09	-1.224482e-08	-3.610224e+01	-3.102369e+02
1.500000e-07	-4.262168e-09	-1.213859e-08	-3.607692e+01	-3.101555e+02
1.600000e-07	-4.258928e-09	-1.204883e-08	-3.604950e+01	-3.100496e+02
1.700000e-07	-4.255463e-09	-1.209389e-08	-3.602017e+01	-3.099216e+02
1.800000e-07	-4.251807e-09	-1.213268e-08	-3.598922e+01	-3.097744e+02
1.900000e-07	-4.248002e-09	-1.207960e-08	-3.595702e+01	-3.096117e+02
2.000000e-07	-4.244078e-09	-1.204739e-08	-3.592381e+01	-3.094373e+02
2.100000e-07	-4.240060e-09	-1.209554e-08	-3.588979e+01	-3.092550e+02
2.200000e-07	-4.235946e-09	-1.212288e-08	-3.585497e+01	-3.090681e+02
2.300000e-07	-4.231720e-09	-1.209486e-08	-3.581920e+01	-3.088796e+02
2.400000e-07	-4.227370e-09	-1.210665e-08	-3.578238e+01	-3.086917e+02
2.500000e-07	-4.222870e-09	-1.215199e-08	-3.574429e+01	-3.085060e+02
2.600000e-07	-4.218188e-09	-1.212469e-08	-3.570466e+01	-3.083237e+02
2.700000e-07	-4.213313e-09	-1.203507e-08	-3.566339e+01	-3.081455e+02
2.800000e-07	-4.208248e-09	-1.199285e-08	-3.562052e+01	-3.079719e+02
2.900000e-07	-4.202982e-09	-1.201352e-08	-3.557594e+01	-3.078033e+02
3.000000e-07	-4.197499e-09	-1.204200e-08	-3.552954e+01	-3.076403e+02
3.100000e-07	-4.191797e-09	-1.208523e-08	-3.548127e+01	-3.074834e+02
3.200000e-07	-4.185881e-09	-1.211416e-08	-3.543120e+01	-3.073336e+02
3.300000e-07	-4.179768e-09	-1.205600e-08	-3.537946e+01	-3.071918e+02
3.400000e-07	-4.173477e-09	-1.196025e-08	-3.532620e+01	-3.070590e+02
3.500000e-07	-4.167004e-09	-1.193369e-08	-3.527141e+01	-3.069362e+02
3.600000e-07	-4.160308e-09	-1.197011e-08	-3.521473e+01	-3.068240e+02
3.700000e-07	-4.153390e-09	-1.199998e-08	-3.515617e+01	-3.067226e+02
3.800000e-07	-4.146280e-09	-1.203149e-08	-3.509600e+01	-3.066317e+02
3.900000e-07	-4.138982e-09	-1.206315e-08	-3.503422e+01	-3.065503e+02
4.000000e-07	-4.131491e-09	-1.201836e-08	-3.497082e+01	-3.064767e+02
4.100000e-07	-4.123831e-09	-1.191684e-08	-3.490598e+01	-3.064084e+02
4.200000e-07	-4.116040e-09	-1.187412e-08	-3.484003e+01	-3.063423e+02
4.300000e-07	-4.108146e-09	-1.189926e-08	-3.477321e+01	-3.062750e+02
4.400000e-07	-4.100163e-09	-1.192510e-08	-3.470563e+01	-3.062023e+02
4.500000e-07	-4.092090e-09	-1.198152e-08	-3.463731e+01	-3.061203e+02
4.600000e-07	-4.083927e-09	-1.205618e-08	-3.456820e+01	-3.060247e+02
4.700000e-07	-4.075644e-09	-1.205148e-08	-3.449810e+01	-3.059113e+02
4.800000e-07	-4.067187e-09	-1.200386e-08	-3.442652e+01	-3.057765e+02
4.900000e-07	-4.058545e-09	-1.197588e-08	-3.435336e+01	-3.056165e+02
5.000000e-07	-4.049675e-09	-1.191091e-08	-3.427829e+01	-3.054283e+02
5.100000e-07	-4.040510e-09	-1.182727e-08	-3.420071e+01	-3.052091e+02
5.200000e-07	-4.031032e-09	-1.182686e-08	-3.412048e+01	-3.049568e+02
5.300000e-07	-4.021232e-09	-1.184453e-08	-3.403753e+01	-3.046694e+02
5.400000e-07	-4.011086e-09	-1.181175e-08	-3.395165e+01	-3.043458e+02
5.500000e-07	-4.000585e-09	-1.181086e-08	-3.386276e+01	-3.039849e+02
5.600000e-07	-3.989768e-09	-1.181525e-08	-3.377120e+01	-3.035865e+02
5.700000e-07	-3.978696e-09	-1.175994e-08	-3.367748e+01	-3.031507e+02
5.800000e-07	-3.967384e-09	-1.172350e-08	-3.358173e+01	-3.026780e+02
5.900000e-07	-3.955859e-09	-1.171598e-08	-3.348418e+01	-3.021697e+02
6.000000e-07	-3.944162e-09	-1.167898e-08	-3.338517e+01	-3.016274e+02
6.100000e-07	-3.932292e-09	-1.166183e-08	-3.328470e+01	-3.010531e+02
6.200000e-07	-3.920273e-09	-1.166374e-08	-3.318296e+01	-3.004495e+02
6.300000e-07	-3.908116e-09	-1.162705e-08	-3.308006e+01	-2.998193e+02
6.400000e-07	-3.895806e-09	-1.159742e-08	-3.297586e+01	-2.991655e+02
6.500000e-07	-3.883341e-09	-1.158935e-08	-3.287036e+01	-2.984913e+02
6.600000e-07	-3.870704e-09	-1.154754e-08	-3.276339e+01	-2.977995e+02
6.700000e-07	-3.857865e-09	-1.149545e-08	-3.265472e+01	-2.970929e+02
6.800000e-07	-3.844841e-09	-1.147094e-08	-3.254447e+01	-2.963740e+02
6.900000e-07	-3.831634e-09	-1.144495e-08	-3.243269e+01	-2.956445e+02
7.000000e-07	-3.818248e-09	-1.141329e-08	-3.231938e+01	-2.949059e+02
7.100000e-07	-3.804660e-09	-1.139303e-08	-3.220436e+01	-2.941589e+02
7.200000e-07	-3.790865e-09	-1.137109e-08	-3.208760e+01	-2.934040e+02
7.300000e-07	-3.776899e-09	-1.135223e-08	-3.196938e+01	-2.926409e+02
7.400000e-07	-3.762775e-09	-1.133812e-08	-3.184983e+01	-2.918693e+02
7.500000e-07	-3.748472e-09	-1.130108e-08	-3.172877e+01	-2.910885e+02
7.600000e-07	-3.733949e-09	-1.124312e-08	-3.160584e+01	-2.902978e+02
7.700000e-07	-3.719185e-09	-1.119759e-08	-3.148087e+01	-2.894966e+02
7.800000e-07	-3.704197e-09	-1.117152e-08	-3.135400e+01	-2.886845e+02
7.900000e-07	-3.688954e-09	-1.114741e-08	-3.122498e+01	-2.878613e+02
8.000000e-07	-3.673438e-09	-1.112032e-08	-3.109364e+01	-2.870271e+02
8.100000e-07	-3.657685e-09	-1.109382e-08	-3.096030e+01	-2.861825e+02
8.200000e-07	-3.641682e-09	-1.107080e-08	-3.082484e+01	-2.853280e+02
8.300000e-07	-3.625457e-09	-1.104720e-08	-3.068751e+01	-2.844647e+02
8.400000e-07	-3.609053e-09	-1.101149e-08	-3.054866e+01	-2.835936e+02
8.500000e-07	-3.592465e-09	-1.096264e-08	-3.040825e+01	-2.827156e+02
8.600000e-07	-3.575694e-09	-1.091472e-08	-3.026629e+01	-2.818316e+02
8.700000e-07	-3.558781e-09	-1.088231e-08	-3.012313e+01	-2.809422e+02
8.800000e-07	-3.541751e-09	-1.086028e-08	-2.997898e+01	-2.800478e+02
8.900000e-07	-3.524599e-09	-1.083066e-08	-2.983380e+01	-2.791483e+02
9.000000e-07	-3.507327e-09	-1.079106e-08	-2.968760e+01	-2.782434e+02
9.100000e-07	-3.489938e-09	-1.075698e-08	-2.954041e+01	-2.773325e+02
9.200000e-07	-3.472429e-09	-1.073254e-08	-2.939221e+01	-2.764144e+02
9.300000e-07	-3.454791e-09	-1.070188e-08	-2.924291e+01	-2.754883e+02
9.400000e-07	-3.437019e-09	-1.065732e-08	-2.909248e+01	-2.745527e+02
9.500000e-07	-3.419102e-09	-1.061273e-08	-2.894082e+01	-2.736067e+02
9.600000e-07	-3.401026e-09	-1.058046e-08	-2.878782e+01	-2.726492e+02
9.700000e-07	-3.382782e-09	-1.055041e-08	-2.863340e+01	-2.716795e+02
9.800000e-07	-3.364345e-09	-1.051084e-08	-2.847733e+01	-2.706974e+02
9.900000e-07	-3.345701e-09	-1.046865e-08	-2.831952e+01	-2.697030e+02
1.000000e-06	-3.326878e-09	-1.043356e-08	-2.816020e+01	-2.686966e+02
1.010000e-06	-3.307863e-09	-1.040387e-08	-2.799924e+01	-2.676791e+02
1.020000e-06	-3.288648e-09	-1.037182e-08	-2.783660e+01	-2.666517e+02
1.030000e-06	-3.269257e-09	-1.033149e-08	-2.767247e+01	-2.656158e+02
1.040000e-06	-3.249720e-09	-1.028532e-08	-2.750709e+01	-2.645728e+02
1.050000e-06	-3.230069e-09	-1.024379e-08	-2.734076e+01	-2.635240e+02
1.060000e-06	-3.210315e-09	-1.020801e-08	-2.717355e+01	-2.624707e+02
1.070000e-06	-3.190476e-09	-1.016859e-08	-2.700563e+01	-2.614136e+02
1.080000e-06	-3.170572e-09	-1.012225e-08	-2.683715e+01	-2.603533e+02
1.090000e-06	-3.150614e-09	-1.007471e-08	-2.666821e+01	-2.592897e+02
1.100000e-06	-3.130601e-09	-1.003380e-08	-2.649881e+01	-2.582223e+02
1.110000e-06	-3.110518e-09	-9.998964e-09	-2.632882e+01	-2.571504e+02
1.120000e-06	-3.090352e-09	-9.959923e-09	-2.615813e+01	-2.560725e+02
1.130000e-06	-3.070094e-09	-9.915561e-09	-2.598666e+01	-2.549874e+02
1.140000e-06	-3.049747e-09	-9.877043e-09	-2.581443e+01	-2.538935e+02
1.150000e-06	-3.029280e-09	-9.842646e-09	-2.564119e+01	-2.527894e+02
1.160000e-06	-3.008672e-09	-9.798984e-09	-2.546675e+01	-2.516739e+02
1.170000e-06	-2.987913e-09	-9.745756e-09	-2.529103e+01	-2.505463e+02
1.180000e-06	-2.966994e-09	-9.693018e-09	-2.511397e+01	-2.494063e+02
1.190000e-06	-2.945930e-09	-9.646136e-09	-2.493568e+01	-2.482539e+02
1.200000e-06	-2.924719e-09	-9.605348e-09	-2.475614e+01	-2.470900e+02
1.210000e-06	-2.903361e-09	-9.567512e-09	-2.457535e+01	-2.459154e+02
1.220000e-06	-2.881857e-09	-9.525874e-09	-2.439333e+01	-2.447315e+02
1.230000e-06	-2.860214e-09	-9.478786e-09	-2.421013e+01	-2.435397e+02
1.240000e-06	-2.838454e-09	-9.430605e-09	-2.402595e+01	-2.423412e+02
1.250000e-06	-2.816576e-09	-9.381348e-09	-2.384076e+01	-2.411371e+02
1.260000e-06	-2.794585e-09	-9.330176e-09	-2.365462e+01	-2.399282e+02
1.270000e-06	-2.772487e-09	-9.280646e-09	-2.346757e+01	-2.387147e+02
1.280000e-06	-2.750292e-09	-9.235475e-09	-2.327971e+01	-2.374964e+02
1.290000e-06	-2.728016e-09	-9.191935e-09	-2.309115e+01	-2.362725e+02
1.300000e-06	-2.705625e-09	-9.146718e-09	-2.290162e+01	-2.350419e+02
1.310000e-06	-2.683123e-09	-9.100108e-09	-2.271115e+01	-2.338033e+02
1.320000e-06	-2.660498e-09	-9.052696e-09	-2.251964e+01	-2.325552e+02
1.330000e-06	-2.637730e-09	-9.001461e-09	-2.232693e+01	-2.312964e+02
1.340000e-06	-2.614821e-09	-8.946486e-09	-2.213301e+01	-2.300259e+02
1.350000e-06	-2.591751e-09	-8.896215e-09	-2.193774e+01	-2.287430e+02
1.360000e-06	-2.568545e-09	-8.848193e-09	-2.174132e+01	-2.274477e+02
1.370000e-06	-2.545217e-09	-8.793779e-09	-2.154385e+01	-2.261405e+02
1.380000e-06	-2.521768e-09	-8.738687e-09	-2.134537e+01	-2.248223e+02
1.390000e-06	-2.498198e-09	-8.690688e-09	-2.114587e+01	-2.234946e+02
1.400000e-06	-2.474504e-09	-8.648025e-09	-2.094531e+01	-2.221591e+02
1.410000e-06	-2.450727e-09	-8.603382e-09	-2.074405e+01	-2.208174e+02
1.420000e-06	-2.426883e-09	-8.551742e-09	-2.054222e+01	-2.194713e+02
1.430000e-06	-2.402973e-09	-8.494917e-09	-2.033984e+01	-2.181219e+02
1.440000e-06	-2.379018e-09	-8.437355e-09	-2.013707e+01	-2.167702e+02
1.450000e-06	-2.355013e-09	-8.381932e-09	-1.993388e+01	-2.154164e+02
1.460000e-06	-2.330957e-09	-8.328153e-09	-1.973026e+01	-2.140605e+02
1.470000e-06	-2.306836e-09	-8.275713e-09	-1.952608e+01	-2.127015e+02
1.480000e-06	-2.282639e-09	-8.224846e-09	-1.932127e+01	-2.113386e+02
1.490000e-06	-2.258378e-09	-8.176768e-09	-1.911591e+01	-2.099701e+02
1.500000e-06	-2.234047e-09	-8.129641e-09	-1.890997e+01	-2.085947e+02
1.510000e-06	-2.209632e-09	-8.075054e-09	-1.870331e+01	-2.072110e+02
1.520000e-06	-2.185131e-09	-8.014847e-09	-1.849592e+01	-2.058179e+02
1.530000e-06	-2.160534e-09	-7.958615e-09	-1.828772e+01	-2.044147e+02
1.540000e-06	-2.135834e-09	-7.907881e-09	-1.807865e+01	-2.030010e+02
1.550000e-06	-2.111011e-09	-7.856828e-09	-1.786853e+01	-2.015770e+02
1.560000e-06	-2.086058e-09	-7.803396e-09	-1.765731e+01	-2.001433e+02
1.570000e-06	-2.060974e-09	-7.750142e-09	-1.744500e+01	-1.987009e+02
1.580000e-06	-2.035726e-09	-7.696250e-09	-1.723128e+01	-1.972506e+02
1.590000e-06	-2.010302e-09	-7.639820e-09	-1.701608e+01	-1.957938e+02
1.600000e-06	-1.984730e-09	-7.579328e-09	-1.679963e+01	-1.943313e+02
1.610000e-06	-1.958999e-09	-7.516675e-09	-1.658183e+01	-1.928639e+02
1.620000e-06	-1.933091e-09	-7.457274e-09	-1.636254e+01	-1.913922e+02
1.630000e-06	-1.907001e-09	-7.405318e-09	-1.614170e+01	-1.899161e+02
1.640000e-06	-1.880729e-09	-7.356605e-09	-1.591932e+01	-1.884356e+02
1.650000e-06	-1.854310e-09	-7.302820e-09	-1.569571e+01	-1.869501e+02
1.660000e-06	-1.827758e-09	-7.243546e-09	-1.547095e+01	-1.854591e+02
1.670000e-06	-1.801071e-09	-7.182848e-09	-1.524506e+01	-1.839617e+02
1.680000e-06	-1.774248e-09	-7.123112e-09	-1.501802e+01	-1.824573e+02
1.690000e-06	-1.747286e-09	-7.063300e-09	-1.478980e+01	-1.809453e+02
1.700000e-06	-1.720203e-09	-7.003982e-09	-1.456056e+01	-1.794255e+02
1.710000e-06	-1.693018e-09	-6.945171e-09	-1.433046e+01	-1.778976e+02
1.720000e-06	-1.665757e-09	-6.889370e-09	-1.409971e+01	-1.763619e+02
1.730000e-06	-1.638417e-09	-6.838774e-09	-1.386829e+01	-1.748187e+02
1.740000e-06	-1.610966e-09	-6.783754e-09	-1.363593e+01	-1.732685e+02
1.750000e-06	-1.583427e-09	-6.718605e-09	-1.340283e+01	-1.717119e+02
1.760000e-06	-1.555819e-09	-6.653338e-09	-1.316914e+01	-1.701494e+02
1.770000e-06	-1.528139e-09	-6.594780e-09	-1.293485e+01	-1.685815e+02
1.780000e-06	-1.500403e-09	-6.533346e-09	-1.270007e+01	-1.670085e+02
1.790000e-06	-1.472614e-09	-6.465812e-09	-1.246485e+01	-1.654305e+02
1.800000e-06	-1.444775e-09	-6.402498e-09	-1.222921e+01	-1.638475e+02
1.810000e-06	-1.416894e-09	-6.346447e-09	-1.199322e+01	-1.622591e+02
1.820000e-06	-1.388984e-09	-6.289280e-09	-1.175697e+01	-1.606651e+02
1.830000e-06	-1.361051e-09	-6.227299e-09	-1.152053e+01	-1.590650e+02
1.840000e-06	-1.333087e-09	-6.166343e-09	-1.128383e+01	-1.574584e+02
1.850000e-06	-1.305094e-09	-6.105950e-09	-1.104688e+01	-1.558447e+02
1.860000e-06	-1.277066e-09	-6.042114e-09	-1.080965e+01	-1.542238e+02
1.870000e-06	-1.249013e-09	-5.974192e-09	-1.057219e+01	-1.525953e+02
1.880000e-06	-1.220941e-09	-5.903842e-09	-1.033457e+01	-1.509590e+02
1.890000e-06	-1.192848e-09	-5.837114e-09	-1.009679e+01	-1.493149e+02
1.900000e-06	-1.164741e-09	-5.775263e-09	-9.858869e+00	-1.476627e+02
1.910000e-06	-1.136618e-09	-5.714078e-09	-9.620827e+00	-1.460025e+02
1.920000e-06	-1.108458e-09	-5.651070e-09	-9.382469e+00	-1.443340e+02
1.930000e-06	-1.080265e-09	-5.588592e-09	-9.143831e+00	-1.426571e+02
1.940000e-06	-1.052066e-09	-5.527011e-09	-8.905138e+00	-1.409717e+02
1.950000e-06	-1.023847e-09	-5.460321e-09	-8.666282e+00	-1.392773e+02
1.960000e-06	-9.955856e-10	-5.384841e-09	-8.427062e+00	-1.375739e+02
1.970000e-06	-9.672844e-10	-5.307694e-09	-8.187508e+00	-1.358612e+02
1.980000e-06	-9.389470e-10	-5.240090e-09	-7.947646e+00	-1.341393e+02
1.990000e-06	-9.105824e-10	-5.179721e-09	-7.707555e+00	-1.324081e+02
2.000000e-06	-8.821920e-10	-5.115795e-09	-7.467245e+00	-1.306681e+02
2.010000e-06	-8.537529e-10	-5.045705e-09	-7.226524e+00	-1.289196e+02
2.020000e-06	-8.252728e-10	-4.976218e-09	-6.985455e+00	-1.271635e+02
2.030000e-06	-7.967551e-10	-4.910279e-09	-6.744069e+00	-1.254006e+02
2.040000e-06	-7.682114e-10	-4.843375e-09	-6.502463e+00	-1.236319e+02
2.050000e-06	-7.396466e-10	-4.772571e-09	-6.260678e+00	-1.218582e+02
2.060000e-06	-7.110467e-10	-4.697882e-09	-6.018595e+00	-1.200806e+02
2.070000e-06	-6.824059e-10	-4.623061e-09	-5.776167e+00	-1.182996e+02
2.080000e-06	-6.537318e-10	-4.552154e-09	-5.533457e+00	-1.165160e+02
2.090000e-06	-6.250342e-10	-4.483419e-09	-5.290548e+00	-1.147298e+02
2.100000e-06	-5.963105e-10	-4.414503e-09	-5.047417e+00	-1.129411e+02
2.110000e-06	-5.675704e-10	-4.347749e-09	-4.804148e+00	-1.111495e+02
2.120000e-06	-5.388169e-10	-4.283320e-09	-4.560766e+00	-1.093544e+02
2.130000e-06	-5.100383e-10	-4.215936e-09	-4.317171e+00	-1.075551e+02
2.140000e-06	-4.812366e-10	-4.144081e-09	-4.073381e+00	-1.057507e+02
2.150000e-06	-4.524051e-10	-4.070393e-09	-3.829338e+00	-1.039403e+02
2.160000e-06	-4.235594e-10	-3.996371e-09	-3.585175e+00	-1.021230e+02
2.170000e-06	-3.946853e-10	-3.921697e-09	-3.340772e+00	-1.002982e+02
2.180000e-06	-3.657620e-10	-3.847544e-09	-3.095953e+00	-9.846535e+01
2.190000e-06	-3.368157e-10	-3.775882e-09	-2.850938e+00	-9.662402e+01
2.200000e-06	-3.078514e-10	-3.706279e-09	-2.605771e+00	-9.477411e+01
2.210000e-06	-2.788763e-10	-3.637658e-09	-2.360513e+00	-9.291567e+01
2.220000e-06	-2.498893e-10	-3.569862e-09	-2.115154e+00	-9.104886e+01
2.230000e-06	-2.208796e-10	-3.501722e-09	-1.869603e+00	-8.917393e+01
2.240000e-06	-1.918585e-10	-3.430776e-09	-1.623955e+00	-8.729117e+01
2.250000e-06	-1.628363e-10	-3.356389e-09	-1.378298e+00	-8.540082e+01
2.260000e-06	-1.338025e-10	-3.277589e-09	-1.132543e+00	-8.350306e+01
2.270000e-06	-1.047511e-10	-3.196985e-09	-8.866391e-01	-8.159799e+01
2.280000e-06	-7.569522e-11	-3.123799e-09	-6.406976e-01	-7.968556e+01
2.290000e-06	-4.664963e-11	-3.056488e-09	-3.948428e-01	-7.776566e+01
2.300000e-06	-1.760993e-11	-2.984619e-09	-1.490378e-01	-7.583805e+01
2.310000e-06	1.142863e-11	-2.908709e-09	9.675763e-02	-7.390248e+01
2.320000e-06	4.045909e-11	-2.834255e-09	3.424845e-01	-7.195865e+01
2.330000e-06	6.950647e-11	-2.760682e-09	5.883545e-01	-7.000629e+01
2.340000e-06	9.855375e-11	-2.686202e-09	8.342237e-01	-6.804517e+01
2.350000e-06	1.275606e-10	-2.610705e-09	1.079751e+00	-6.607516e+01
2.360000e-06	1.565536e-10	-2.534574e-09	1.325161e+00	-6.409623e+01
2.370000e-06	1.855645e-10	-2.457391e-09	1.570722e+00	-6.210843e+01
2.380000e-06	2.145681e-10	-2.377405e-09	1.816222e+00	-6.011193e+01
2.390000e-06	2.435307e-10	-2.294576e-09	2.061374e+00	-5.810700e+01
2.400000e-06	2.724648e-10	-2.212456e-09	2.306285e+00	-5.609397e+01
2.410000e-06	3.013972e-10	-2.134628e-09	2.551182e+00	-5.407320e+01
2.420000e-06	3.303402e-10	-2.059593e-09	2.796169e+00	-5.204508e+01
2.430000e-06	3.592923e-10	-1.985598e-09	3.041232e+00	-5.000997e+01
2.440000e-06	3.882181e-10	-1.910909e-09	3.286073e+00	-4.796814e+01
2.450000e-06	4.171108e-10	-1.829564e-09	3.530634e+00	-4.591980e+01
2.460000e-06	4.459833e-10	-1.741480e-09	3.775023e+00	-4.386501e+01
2.470000e-06	4.748337e-10	-1.656190e-09	4.019225e+00	-4.180369e+01
2.480000e-06	5.036469e-10	-1.576079e-09	4.263113e+00	-3.973560e+01
2.490000e-06	5.324016e-10	-1.493612e-09	4.506507e+00	-3.766033e+01
2.500000e-06	5.611263e-10	-1.409787e-09	4.749646e+00	-3.557730e+01
2.510000e-06	5.898251e-10	-1.330893e-09	4.992565e+00	-3.348580e+01
2.520000e-06	6.184944e-10	-1.252962e-09	5.235235e+00	-3.138506e+01
2.530000e-06	6.471404e-10	-1.170760e-09	5.477708e+00	-2.927421e+01
2.540000e-06	6.757615e-10	-1.085941e-09	5.719969e+00	-2.715244e+01
2.550000e-06	7.043503e-10	-1.000169e-09	5.961958e+00	-2.501900e+01
2.560000e-06	7.329095e-10	-9.146328e-10	6.203696e+00	-2.287330e+01
2.570000e-06	7.614222e-10	-8.291026e-10	6.445041e+00	-2.071495e+01
2.580000e-06	7.898929e-10	-7.401065e-10	6.686030e+00	-1.854382e+01
2.590000e-06	8.183538e-10	-6.506118e-10	6.926935e+00	-1.636005e+01
2.600000e-06	8.467818e-10	-5.655397e-10	7.167563e+00	-1.416408e+01
2.610000e-06	8.751695e-10	-4.814122e-10	7.407849e+00	-1.195659e+01
2.620000e-06	9.035355e-10	-3.936594e-10	7.647952e+00	-9.738501e+00
2.630000e-06	9.318789e-10	-3.031404e-10	7.887864e+00	-7.510893e+00
2.640000e-06	9.601824e-10	-2.134670e-10	8.127437e+00	-5.274916e+00
2.650000e-06	9.884521e-10	-1.288612e-10	8.366725e+00	-3.031722e+00
2.660000e-06	1.016710e-09	-4.862153e-11	8.605909e+00	-7.823822e-01
2.670000e-06	1.044947e-09	3.945420e-11	8.844922e+00	1.472185e+00
2.680000e-06	1.073145e-09	1.397476e-10	9.083607e+00	3.731260e+00
2.690000e-06	1.101308e-09	2.378739e-10	9.321988e+00	5.994351e+00
2.700000e-06	1.129446e-09	3.264541e-10	9.560160e+00	8.261190e+00
2.710000e-06	1.157559e-09	4.125753e-10	9.798128e+00	1.053171e+01
2.720000e-06	1.185656e-09	5.017083e-10	1.003595e+01	1.280602e+01
2.730000e-06	1.213732e-09	5.898546e-10	1.027360e+01	1.508430e+01
2.740000e-06	1.241777e-09	6.737034e-10	1.051099e+01	1.736679e+01
2.750000e-06	1.269798e-09	7.605451e-10	1.074817e+01	1.965371e+01
2.760000e-06	1.297803e-09	8.535692e-10	1.098521e+01	2.194521e+01
2.770000e-06	1.325789e-09	9.504784e-10	1.122210e+01	2.424136e+01
2.780000e-06	1.353752e-09	1.047221e-09	1.145880e+01	2.654211e+01
2.790000e-06	1.381695e-09	1.134842e-09	1.169532e+01	2.884735e+01
2.800000e-06	1.409609e-09	1.213801e-09	1.193160e+01	3.115688e+01
2.810000e-06	1.437491e-09	1.296686e-09	1.216760e+01	3.347049e+01
2.820000e-06	1.465334e-09	1.387689e-09	1.240328e+01	3.578800e+01
2.830000e-06	1.493135e-09	1.480490e-09	1.263860e+01	3.810927e+01
2.840000e-06	1.520897e-09	1.574558e-09	1.287359e+01	4.043424e+01
2.850000e-06	1.548598e-09	1.673080e-09	1.310806e+01	4.276293e+01
2.860000e-06	1.576242e-09	1.773388e-09	1.334205e+01	4.509541e+01
2.870000e-06	1.603828e-09	1.867374e-09	1.357555e+01	4.743181e+01
2.880000e-06	1.631325e-09	1.948730e-09	1.380830e+01	4.977223e+01
2.890000e-06	1.658725e-09	2.023448e-09	1.404023e+01	5.211669e+01
2.900000e-06	1.686017e-09	2.106346e-09	1.427123e+01	5.446512e+01
2.910000e-06	1.713187e-09	2.203416e-09	1.450122e+01	5.681727e+01
2.920000e-06	1.740230e-09	2.306520e-09	1.473012e+01	5.917271e+01
2.930000e-06	1.767136e-09	2.406089e-09	1.495786e+01	6.153082e+01
2.940000e-06	1.793917e-09	2.500902e-09	1.518455e+01	6.389085e+01
2.950000e-06	1.820575e-09	2.593979e-09	1.541019e+01	6.625190e+01
2.960000e-06	1.847047e-09	2.685844e-09	1.563426e+01	6.861304e+01
2.970000e-06	1.873331e-09	2.770675e-09	1.585674e+01	7.097335e+01
2.980000e-06	1.899447e-09	2.848803e-09	1.607780e+01	7.333202e+01
2.990000e-06	1.925385e-09	2.936978e-09	1.629735e+01	7.568837e+01
3.000000e-06	1.951169e-09	3.041376e-09	1.651560e+01	7.804193e+01
3.010000e-06	1.976807e-09	3.144866e-09	1.673261e+01	8.039245e+01
3.020000e-06	2.002283e-09	3.235708e-09	1.694825e+01	8.273988e+01
3.030000e-06	2.027573e-09	3.322446e-09	1.716232e+01	8.508437e+01
3.040000e-06	2.052718e-09	3.413871e-09	1.737516e+01	8.742618e+01
3.050000e-06	2.077751e-09	3.506552e-09	1.758705e+01	8.976567e+01
3.060000e-06	2.102639e-09	3.597601e-09	1.779771e+01	9.210319e+01
3.070000e-06	2.127394e-09	3.688552e-09	1.800724e+01	9.443906e+01
3.080000e-06	2.152038e-09	3.780635e-09	1.821584e+01	9.677351e+01
3.090000e-06	2.176583e-09	3.874791e-09	1.842360e+01	9.910664e+01
3.100000e-06	2.201040e-09	3.969153e-09	1.863062e+01	1.014384e+02
3.110000e-06	2.225401e-09	4.059341e-09	1.883682e+01	1.037688e+02
3.120000e-06	2.249687e-09	4.145475e-09	1.904239e+01	1.060975e+02
3.130000e-06	2.273900e-09	4.235998e-09	1.924734e+01	1.084243e+02
3.140000e-06	2.298041e-09	4.334233e-09	1.945168e+01	1.107491e+02
3.150000e-06	2.322127e-09	4.430503e-09	1.965555e+01	1.130715e+02
3.160000e-06	2.346154e-09	4.517541e-09	1.985893e+01	1.153914e+02
3.170000e-06	2.370124e-09	4.601656e-09	2.006182e+01	1.177087e+02
3.180000e-06	2.394030e-09	4.690900e-09	2.026417e+01	1.200233e+02
3.190000e-06	2.417860e-09	4.782312e-09	2.046588e+01	1.223352e+02
3.200000e-06	2.441615e-09	4.874617e-09	2.066695e+01	1.246440e+02
3.210000e-06	2.465289e-09	4.971128e-09	2.086734e+01	1.269498e+02
3.220000e-06	2.488858e-09	5.067348e-09	2.106684e+01	1.292522e+02
3.230000e-06	2.512300e-09	5.157344e-09	2.126526e+01	1.315509e+02
3.240000e-06	2.535635e-09	5.244349e-09	2.146279e+01	1.338453e+02
3.250000e-06	2.558872e-09	5.331859e-09	2.165947e+01	1.361350e+02
3.260000e-06	2.581943e-09	5.417985e-09	2.185475e+01	1.384194e+02
3.270000e-06	2.604849e-09	5.505130e-09	2.204864e+01	1.406980e+02
3.280000e-06	2.627630e-09	5.597230e-09	2.224146e+01	1.429703e+02
3.290000e-06	2.650284e-09	5.690803e-09	2.243322e+01	1.452359e+02
3.300000e-06	2.672807e-09	5.781551e-09	2.262387e+01	1.474948e+02
3.310000e-06	2.695224e-09	5.872240e-09	2.281362e+01	1.497468e+02
3.320000e-06	2.717539e-09	5.962400e-09	2.300250e+01	1.519920e+02
3.330000e-06	2.739743e-09	6.047754e-09	2.319045e+01	1.542306e+02
3.340000e-06	2.761852e-09	6.130872e-09	2.337759e+01	1.564626e+02
3.350000e-06	2.783859e-09	6.216491e-09	2.356386e+01	1.586882e+02
3.360000e-06	2.805760e-09	6.302649e-09	2.374925e+01	1.609074e+02
3.370000e-06	2.827559e-09	6.385027e-09	2.393376e+01	1.631197e+02
3.380000e-06	2.849246e-09	6.467492e-09	2.411733e+01	1.653248e+02
3.390000e-06	2.870791e-09	6.555325e-09	2.429969e+01	1.675219e+02
3.400000e-06	2.892201e-09	6.649398e-09	2.448092e+01	1.697101e+02
3.410000e-06	2.913497e-09	6.744867e-09	2.466118e+01	1.718885e+02
3.420000e-06	2.934645e-09	6.833274e-09	2.484018e+01	1.740560e+02
3.430000e-06	2.955611e-09	6.913593e-09	2.501765e+01	1.762116e+02
3.440000e-06	2.976408e-09	6.988828e-09	2.519368e+01	1.783547e+02
3.450000e-06	2.997056e-09	7.062424e-09	2.536846e+01	1.804848e+02
3.460000e-06	3.017569e-09	7.138514e-09	2.554209e+01	1.826018e+02
3.470000e-06	3.037969e-09	7.219154e-09	2.571477e+01	1.847058e+02
3.480000e-06	3.058275e-09	7.305630e-09	2.588664e+01	1.867975e+02
3.490000e-06	3.078509e-09	7.399970e-09	2.605792e+01	1.888774e+02
3.500000e-06	3.098678e-09	7.496120e-09	2.622863e+01	1.909463e+02
3.510000e-06	3.118778e-09	7.578671e-09	2.639877e+01	1.930050e+02
3.520000e-06	3.138802e-09	7.645730e-09	2.656826e+01	1.950539e+02
3.530000e-06	3.158759e-09	7.711664e-09	2.673719e+01	1.970932e+02
3.540000e-06	3.178657e-09	7.784152e-09	2.690562e+01	1.991225e+02
3.550000e-06	3.198491e-09	7.859143e-09	2.707350e+01	2.011411e+02
3.560000e-06	3.218227e-09	7.935748e-09	2.724055e+01	2.031477e+02
3.570000e-06	3.237829e-09	8.017578e-09	2.740647e+01	2.051408e+02
3.580000e-06	3.257288e-09	8.103253e-09	2.757118e+01	2.071184e+02
3.590000e-06	3.276574e-09	8.187305e-09	2.773443e+01	2.090786e+02
3.600000e-06	3.295693e-09	8.264151e-09	2.789626e+01	2.110198e+02
3.610000e-06	3.314635e-09	8.333741e-09	2.805659e+01	2.129403e+02
3.620000e-06	3.333354e-09	8.400906e-09	2.821504e+01	2.148392e+02
3.630000e-06	3.351867e-09	8.467865e-09	2.837174e+01	2.167159e+02
3.640000e-06	3.370192e-09	8.533753e-09	2.852686e+01	2.185705e+02
3.650000e-06	3.388332e-09	8.598204e-09	2.868039e+01	2.204037e+02
3.660000e-06	3.406292e-09	8.667429e-09	2.883242e+01	2.222163e+02
3.670000e-06	3.424097e-09	8.746657e-09	2.898313e+01	2.240099e+02
3.680000e-06	3.441767e-09	8.827453e-09	2.913269e+01	2.257859e+02
3.690000e-06	3.459308e-09	8.898996e-09	2.928117e+01	2.275457e+02
3.700000e-06	3.476730e-09	8.962280e-09	2.942864e+01	2.292904e+02
3.710000e-06	3.494040e-09	9.024119e-09	2.957516e+01	2.310209e+02
3.720000e-06	3.511226e-09	9.087011e-09	2.972062e+01	2.327374e+02
3.730000e-06	3.528274e-09	9.149714e-09	2.986493e+01	2.344398e+02
3.740000e-06	3.545199e-09	9.210855e-09	3.000819e+01	2.361276e+02
3.750000e-06	3.561998e-09	9.271097e-09	3.015038e+01	2.377997e+02
3.760000e-06	3.578654e-09	9.334424e-09	3.029137e+01	2.394550e+02
3.770000e-06	3.595134e-09	9.404640e-09	3.043086e+01	2.410923e+02
3.780000e-06	3.611422e-09	9.475346e-09	3.056873e+01	2.427104e+02
3.790000e-06	3.627497e-09	9.536900e-09	3.070480e+01	2.443082e+02
3.800000e-06	3.643358e-09	9.595657e-09	3.083906e+01	2.458851e+02
3.810000e-06	3.659004e-09	9.660889e-09	3.097148e+01	2.474407e+02
3.820000e-06	3.674390e-09	9.725065e-09	3.110172e+01	2.489748e+02
3.830000e-06	3.689525e-09	9.779601e-09	3.122983e+01	2.504876e+02
3.840000e-06	3.704431e-09	9.830575e-09	3.135600e+01	2.519795e+02
3.850000e-06	3.719130e-09	9.885247e-09	3.148042e+01	2.534509e+02
3.860000e-06	3.733657e-09	9.941957e-09	3.160339e+01	2.549022e+02
3.870000e-06	3.748016e-09	9.998471e-09	3.172493e+01	2.563338e+02
3.880000e-06	3.762199e-09	1.005771e-08	3.184498e+01	2.577460e+02
3.890000e-06	3.776231e-09	1.011994e-08	3.196375e+01	2.591387e+02
3.900000e-06	3.790127e-09	1.018095e-08	3.208137e+01	2.605119e+02
3.910000e-06	3.803876e-09	1.023683e-08	3.219775e+01	2.618655e+02
3.920000e-06	3.817446e-09	1.028427e-08	3.231261e+01	2.631992e+02
3.930000e-06	3.830824e-09	1.032492e-08	3.242585e+01	2.645128e+02
3.940000e-06	3.844009e-09	1.036764e-08	3.253745e+01	2.658063e+02
3.950000e-06	3.856985e-09	1.041621e-08	3.264729e+01	2.670798e+02
3.960000e-06	3.869774e-09	1.046814e-08	3.275553e+01	2.683332e+02
3.970000e-06	3.882389e-09	1.052392e-08	3.286231e+01	2.695670e+02
3.980000e-06	3.894824e-09	1.058108e-08	3.296757e+01	2.707813e+02
3.990000e-06	3.907103e-09	1.063143e-08	3.307151e+01	2.719764e+02
4.000000e-06	3.919263e-09	1.067579e-08	3.317443e+01	2.731525e+02
4.010000e-06	3.931281e-09	1.072148e-08	3.327616e+01	2.743097e+02
4.020000e-06	3.943139e-09	1.076323e-08	3.337653e+01	2.754477e+02
4.030000e-06	3.954814e-09	1.079900e-08	3.347536e+01	2.765663e+02
4.040000e-06	3.966280e-09	1.083844e-08	3.357241e+01	2.776648e+02
4.050000e-06	3.977501e-09	1.088021e-08	3.366739e+01	2.787428e+02
4.060000e-06	3.988458e-09	1.091529e-08	3.376013e+01	2.797996e+02
4.070000e-06	3.999137e-09	1.094763e-08	3.385052e+01	2.808345e+02
4.080000e-06	4.009495e-09	1.099072e-08	3.393820e+01	2.818473e+02
4.090000e-06	4.019534e-09	1.104297e-08	3.402317e+01	2.828379e+02
4.100000e-06	4.029249e-09	1.108768e-08	3.410540e+01	2.838065e+02
4.110000e-06	4.038660e-09	1.112137e-08	3.418506e+01	2.847534e+02
4.120000e-06	4.047793e-09	1.115504e-08	3.426237e+01	2.856796e+02
4.130000e-06	4.056667e-09	1.119256e-08	3.433748e+01	2.865860e+02
4.140000e-06	4.065312e-09	1.122556e-08	3.441065e+01	2.874736e+02
4.150000e-06	4.073765e-09	1.125038e-08	3.448220e+01	2.883433e+02
4.160000e-06	4.082053e-09	1.127491e-08	3.455236e+01	2.891960e+02
4.170000e-06	4.090223e-09	1.130707e-08	3.462152e+01	2.900322e+02
4.180000e-06	4.098312e-09	1.134571e-08	3.468998e+01	2.908521e+02
4.190000e-06	4.106315e-09	1.138426e-08	3.475772e+01	2.916555e+02
4.200000e-06	4.114211e-09	1.141979e-08	3.482456e+01	2.924421e+02
4.210000e-06	4.121980e-09	1.145232e-08	3.489032e+01	2.932111e+02
4.220000e-06	4.129603e-09	1.148093e-08	3.495484e+01	2.939619e+02
4.230000e-06	4.137049e-09	1.150358e-08	3.501787e+01	2.946937e+02
4.240000e-06	4.144288e-09	1.152048e-08	3.507914e+01	2.954061e+02
4.250000e-06	4.151330e-09	1.153841e-08	3.513875e+01	2.960990e+02
4.260000e-06	4.158185e-09	1.156391e-08	3.519678e+01	2.967722e+02
4.270000e-06	4.164853e-09	1.159306e-08	3.525321e+01	2.974265e+02
4.280000e-06	4.171323e-09	1.162076e-08	3.530798e+01	2.980624e+02
4.290000e-06	4.177601e-09	1.165137e-08	3.536112e+01	2.986810e+02
4.300000e-06	4.183718e-09	1.168611e-08	3.541290e+01	2.992831e+02
4.310000e-06	4.189663e-09	1.171402e-08	3.546322e+01	2.998697e+02
4.320000e-06	4.195440e-09	1.172718e-08	3.551212e+01	3.004412e+02
4.330000e-06	4.201043e-09	1.173275e-08	3.555954e+01	3.009981e+02
4.340000e-06	4.206436e-09	1.174236e-08	3.560519e+01	3.015400e+02
4.350000e-06	4.211600e-09	1.175834e-08	3.564890e+01	3.020663e+02
4.360000e-06	4.216557e-09	1.177527e-08	3.569086e+01	3.025762e+02
4.370000e-06	4.221302e-09	1.179589e-08	3.573102e+01	3.030684e+02
4.380000e-06	4.225838e-09	1.182756e-08	3.576941e+01	3.035419e+02
4.390000e-06	4.230224e-09	1.186155e-08	3.580654e+01	3.039956e+02
4.400000e-06	4.234504e-09	1.188121e-08	3.584277e+01	3.044289e+02
4.410000e-06	4.238686e-09	1.188645e-08	3.587817e+01	3.048417e+02
4.420000e-06	4.242766e-09	1.189031e-08	3.591271e+01	3.052342e+02
4.430000e-06	4.246749e-09	1.189645e-08	3.594642e+01	3.056075e+02
4.440000e-06	4.250625e-09	1.190354e-08	3.597922e+01	3.059629e+02
4.450000e-06	4.254365e-09	1.191715e-08	3.601088e+01	3.063020e+02
4.460000e-06	4.257947e-09	1.193909e-08	3.604120e+01	3.066266e+02
4.470000e-06	4.261358e-09	1.196157e-08	3.607008e+01	3.069383e+02
4.480000e-06	4.264548e-09	1.197695e-08	3.609708e+01	3.072381e+02
4.490000e-06	4.267458e-09	1.198504e-08	3.612171e+01	3.075267e+02
4.500000e-06	4.270066e-09	1.199090e-08	3.614378e+01	3.078040e+02
4.510000e-06	4.272340e-09	1.199848e-08	3.616303e+01	3.080692e+02
4.520000e-06	4.274261e-09	1.200505e-08	3.617929e+01	3.083209e+02
4.530000e-06	4.275850e-09	1.200820e-08	3.619274e+01	3.085574e+02
4.540000e-06	4.277147e-09	1.201560e-08	3.620372e+01	3.087768e+02
4.550000e-06	4.278177e-09	1.203205e-08	3.621244e+01	3.089773e+02
4.560000e-06	4.278942e-09	1.204713e-08	3.621891e+01	3.091575e+02
4.570000e-06	4.279471e-09	1.205358e-08	3.622339e+01	3.093169e+02
4.580000e-06	4.279839e-09	1.205860e-08	3.622650e+01	3.094558e+02
4.590000e-06	4.280088e-09	1.206391e-08	3.622861e+01	3.095754e+02
4.600000e-06	4.280229e-09	1.206359e-08	3.622980e+01	3.096780e+02
4.610000e-06	4.280262e-09	1.205996e-08	3.623009e+01	3.097666e+02
4.620000e-06	4.280189e-09	1.206088e-08	3.622947e+01	3.098445e+02
4.630000e-06	4.279992e-09	1.206661e-08	3.622780e+01	3.099154e+02
4.640000e-06	4.279657e-09	1.206887e-08	3.622496e+01	3.099826e+02
4.650000e-06	4.279165e-09	1.205591e-08	3.622080e+01	3.100486e+02
4.660000e-06	4.278477e-09	1.202722e-08	3.621497e+01	3.101152e+02
4.670000e-06	4.277567e-09	1.203183e-08	3.620727e+01	3.101829e+02
4.680000e-06	4.276446e-09	1.209577e-08	3.619778e+01	3.102509e+02
4.690000e-06	4.275112e-09	1.214218e-08	3.618649e+01	3.103172e+02
4.700000e-06	4.273564e-09	1.212651e-08	3.617339e+01	3.103787e+02
4.710000e-06	4.271840e-09	1.209523e-08	3.615880e+01	3.104315e+02
4.720000e-06	4.269930e-09	1.211780e-08	3.614263e+01	3.104716e+02
4.730000e-06	4.267818e-09	1.219526e-08	3.612475e+01	3.104947e+02
4.740000e-06	4.265539e-09	1.219677e-08	3.610546e+01	3.104972e+02
4.750000e-06	4.263115e-09	1.211484e-08	3.608494e+01	3.104762e+02
4.760000e-06	4.260545e-09	1.211870e-08	3.606319e+01	3.104300e+02
4.770000e-06	4.257784e-09	1.219644e-08	3.603981e+01	3.103580e+02
4.780000e-06	4.254798e-09	1.219638e-08	3.601454e+01	3.102609e+02
4.790000e-06	4.251621e-09	1.213662e-08	3.598765e+01	3.101407e+02
4.800000e-06	4.248279e-09	1.215455e-08	3.595936e+01	3.100001e+02
4.810000e-06	4.244768e-09	1.222516e-08	3.592964e+01	3.098427e+02
4.820000e-06	4.241113e-09	1.219786e-08	3.589870e+01	3.096721e+02
4.830000e-06	4.237338e-09	1.211526e-08	3.586675e+01	3.094922e+02
4.840000e-06	4.233452e-09	1.212904e-08	3.583386e+01	3.093067e+02
4.850000e-06	4.229473e-09	1.218488e-08	3.580018e+01	3.091185e+02
4.860000e-06	4.225397e-09	1.214938e-08	3.576568e+01	3.089301e+02
4.870000e-06	4.221217e-09	1.207520e-08	3.573029e+01	3.087435e+02
4.880000e-06	4.216877e-09	1.207439e-08	3.569356e+01	3.085599e+02
4.890000e-06	4.212336e-09	1.211023e-08	3.565512e+01	3.083802e+02
4.900000e-06	4.207569e-09	1.209446e-08	3.561478e+01	3.082049e+02
4.910000e-06	4.202519e-09	1.206525e-08	3.557203e+01	3.080345e+02
4.920000e-06	4.197134e-09	1.207252e-08	3.552645e+01	3.078695e+02
4.930000e-06	4.191409e-09	1.204852e-08	3.547798e+01	3.077104e+02
4.940000e-06	4.185343e-09	1.200504e-08	3.542664e+01	3.075580e+02
4.950000e-06	4.178938e-09	1.204312e-08	3.537243e+01	3.074133e+02
4.960000e-06	4.172209e-09	1.213361e-08	3.531547e+01	3.072771e+02
4.970000e-06	4.165155e-09	1.215179e-08	3.525576e+01	3.071507e+02
4.980000e-06	4.157854e-09	1.209477e-08	3.519396e+01	3.070346e+02
4.990000e-06	4.150371e-09	1.205295e-08	3.513062e+01	3.069293e+02
5.000000e-06	4.142717e-09	1.201703e-08	3.506583e+01	3.068346e+02
5.010000e-06	4.134937e-09	1.197865e-08	3.499998e+01	3.067499e+02
5.020000e-06	4.127068e-09	1.201854e-08	3.493337e+01	3.066737e+02
5.030000e-06	4.119108e-09	1.210785e-08	3.486600e+01	3.066038e+02
5.040000e-06	4.111034e-09	1.210381e-08	3.479766e+01	3.065373e+02
5.050000e-06	4.102845e-09	1.200994e-08	3.472834e+01	3.064709e+02
5.060000e-06	4.094534e-09	1.193188e-08	3.465799e+01	3.064007e+02
5.070000e-06	4.086065e-09	1.185400e-08	3.458630e+01	3.063227e+02
5.080000e-06	4.077417e-09	1.177806e-08	3.451310e+01	3.062325e+02
5.090000e-06	4.068586e-09	1.181137e-08	3.443835e+01	3.061262e+02
5.100000e-06	4.059562e-09	1.192254e-08	3.436197e+01	3.059997e+02
5.110000e-06	4.050331e-09	1.199397e-08	3.428383e+01	3.058494e+02
5.120000e-06	4.040879e-09	1.206722e-08	3.420383e+01	3.056719e+02
5.130000e-06	4.031239e-09	1.214658e-08	3.412223e+01	3.054644e+02
5.140000e-06	4.021439e-09	1.210768e-08	3.403928e+01	3.052245e+02
5.150000e-06	4.011484e-09	1.201687e-08	3.395502e+01	3.049502e+02
5.160000e-06	4.001376e-09	1.199157e-08	3.386946e+01	3.046399e+02
5.170000e-06	3.991087e-09	1.193149e-08	3.378237e+01	3.042928e+02
5.180000e-06	3.980601e-09	1.184338e-08	3.369361e+01	3.039082e+02
5.190000e-06	3.969917e-09	1.187466e-08	3.360317e+01	3.034860e+02
5.200000e-06	3.959046e-09	1.190151e-08	3.351116e+01	3.030267e+02
5.210000e-06	3.947983e-09	1.184997e-08	3.341751e+01	3.025313e+02
5.220000e-06	3.936693e-09	1.187263e-08	3.332195e+01	3.020013e+02
5.230000e-06	3.925199e-09	1.188269e-08	3.322466e+01	3.014385e+02
5.240000e-06	3.913552e-09	1.181032e-08	3.312608e+01	3.008454e+02
5.250000e-06	3.901751e-09	1.178876e-08	3.302618e+01	3.002246e+02
5.260000e-06	3.889770e-09	1.178822e-08	3.292477e+01	2.995792e+02
5.270000e-06	3.877612e-09	1.174494e-08	3.282186e+01	2.989122e+02
5.280000e-06	3.865289e-09	1.171697e-08	3.271755e+01	2.982267e+02
5.290000e-06	3.852783e-09	1.169296e-08	3.261169e+01	2.975253e+02
5.300000e-06	3.840054e-09	1.164937e-08	3.250395e+01	2.968108e+02
5.310000e-06	3.827080e-09	1.163278e-08	3.239414e+01	2.960850e+02
5.320000e-06	3.813827e-09	1.162199e-08	3.228196e+01	2.953497e+02
5.330000e-06	3.800268e-09	1.158768e-08	3.216719e+01	2.946058e+02
5.340000e-06	3.786419e-09	1.155737e-08	3.204997e+01	2.938538e+02
5.350000e-06	3.772242e-09	1.152397e-08	3.192996e+01	2.930937e+02
5.360000e-06	3.757714e-09	1.148486e-08	3.180699e+01	2.923254e+02
5.370000e-06	3.742877e-09	1.145144e-08	3.168141e+01	2.915480e+02
5.380000e-06	3.727765e-09	1.141108e-08	3.155349e+01	2.907611e+02
5.390000e-06	3.712446e-09	1.137406e-08	3.142382e+01	2.899638e+02
5.400000e-06	3.696982e-09	1.135638e-08	3.129293e+01	2.891558e+02
5.410000e-06	3.681366e-09	1.133658e-08	3.116075e+01	2.883367e+02
5.420000e-06	3.665615e-09	1.130430e-08	3.102742e+01	2.875066e+02
5.430000e-06	3.649778e-09	1.126543e-08	3.089338e+01	2.866657e+02
5.440000e-06	3.633857e-09	1.121805e-08	3.075861e+01	2.858148e+02
5.450000e-06	3.617840e-09	1.117675e-08	3.062303e+01	2.849547e+02
5.460000e-06	3.601732e-09	1.114505e-08	3.048669e+01	2.840864e+02
5.470000e-06	3.585525e-09	1.110636e-08	3.034951e+01	2.832108e+02
5.480000e-06	3.569199e-09	1.106280e-08	3.021132e+01	2.823289e+02
5.490000e-06	3.552718e-09	1.103148e-08	3.007181e+01	2.814415e+02
5.500000e-06	3.536068e-09	1.101050e-08	2.993088e+01	2.805489e+02
5.510000e-06	3.519249e-09	1.098015e-08	2.978852e+01	2.796514e+02
5.520000e-06	3.502236e-09	1.093537e-08	2.964451e+01	2.787486e+02
5.530000e-06	3.485038e-09	1.088810e-08	2.949893e+01	2.778400e+02
5.540000e-06	3.467674e-09	1.084956e-08	2.935196e+01	2.769247e+02
5.550000e-06	3.450152e-09	1.081319e-08	2.920364e+01	2.760017e+02
5.560000e-06	3.432473e-09	1.077040e-08	2.905400e+01	2.750698e+02
5.570000e-06	3.414659e-09	1.072318e-08	2.890322e+01	2.741278e+02
5.580000e-06	3.396735e-09	1.068079e-08	2.875150e+01	2.731746e+02
5.590000e-06	3.378699e-09	1.065226e-08	2.859884e+01	2.722095e+02
5.600000e-06	3.360539e-09	1.062440e-08	2.844512e+01	2.712320e+02
5.610000e-06	3.342225e-09	1.058334e-08	2.829010e+01	2.702421e+02
5.620000e-06	3.323744e-09	1.053600e-08	2.813367e+01	2.692400e+02
5.630000e-06	3.305107e-09	1.049528e-08	2.797591e+01	2.682266e+02
5.640000e-06	3.286332e-09	1.045876e-08	2.781700e+01	2.672027e+02
5.650000e-06	3.267402e-09	1.041218e-08	2.765677e+01	2.661698e+02
5.660000e-06	3.248294e-09	1.035685e-08	2.749503e+01	2.651293e+02
5.670000e-06	3.229030e-09	1.030975e-08	2.733197e+01	2.640825e+02
5.680000e-06	3.209638e-09	1.027890e-08	2.716783e+01	2.630308e+02
5.690000e-06	3.190148e-09	1.024876e-08	2.700286e+01	2.619750e+02
5.700000e-06	3.170555e-09	1.020538e-08	2.683701e+01	2.609159e+02
5.710000e-06	3.150865e-09	1.015476e-08	2.667035e+01	2.598536e+02
5.720000e-06	3.131090e-09	1.010806e-08	2.650295e+01	2.587878e+02
5.730000e-06	3.111232e-09	1.006374e-08	2.633487e+01	2.577177e+02
5.740000e-06	3.091311e-09	1.001443e-08	2.616625e+01	2.566422e+02
5.750000e-06	3.071337e-09	9.966982e-09	2.599718e+01	2.555600e+02
5.760000e-06	3.051311e-09	9.930902e-09	2.582767e+01	2.544695e+02
5.770000e-06	3.031194e-09	9.902254e-09	2.565739e+01	2.533693e+02
5.780000e-06	3.010961e-09	9.863679e-09	2.548613e+01	2.522581e+02
5.790000e-06	2.990594e-09	9.808135e-09	2.531373e+01	2.511351e+02
5.800000e-06	2.970088e-09	9.750137e-09	2.514016e+01	2.499996e+02
5.810000e-06	2.949412e-09	9.699808e-09	2.496515e+01	2.488518e+02
5.820000e-06	2.928526e-09	9.654808e-09	2.478836e+01	2.476921e+02
5.830000e-06	2.907441e-09	9.612928e-09	2.460989e+01	2.465213e+02
5.840000e-06	2.886155e-09	9.573631e-09	2.442972e+01	2.453407e+02
5.850000e-06	2.864659e-09	9.532788e-09	2.424777e+01	2.441517e+02
5.860000e-06	2.842941e-09	9.487136e-09	2.406393e+01	2.429555e+02
5.870000e-06	2.820996e-09	9.434229e-09	2.387818e+01	2.417534e+02
5.880000e-06	2.798815e-09	9.374347e-09	2.369043e+01	2.405463e+02
5.890000e-06	2.776382e-09	9.317053e-09	2.350055e+01	2.393346e+02
5.900000e-06	2.753709e-09	9.269773e-09	2.330864e+01	2.381181e+02
5.910000e-06	2.730833e-09	9.232022e-09	2.311500e+01	2.368964e+02
5.920000e-06	2.707772e-09	9.197193e-09	2.291981e+01	2.356684e+02
5.930000e-06	2.684573e-09	9.157222e-09	2.272344e+01	2.344330e+02
5.940000e-06	2.661251e-09	9.107728e-09	2.252603e+01	2.331886e+02
5.950000e-06	2.637774e-09	9.050648e-09	2.232731e+01	2.319339e+02
5.960000e-06	2.614170e-09	8.992955e-09	2.212752e+01	2.306678e+02
5.970000e-06	2.590494e-09	8.936658e-09	2.192711e+01	2.293895e+02
5.980000e-06	2.566753e-09	8.882364e-09	2.172615e+01	2.280987e+02
5.990000e-06	2.542932e-09	8.833732e-09	2.152453e+01	2.267958e+02
6.000000e-06	2.519043e-09	8.791883e-09	2.132231e+01	2.254815e+02
6.010000e-06	2.495104e-09	8.751384e-09	2.111968e+01	2.241572e+02
6.020000e-06	2.471116e-09	8.704593e-09	2.091664e+01	2.228244e+02
6.030000e-06	2.447067e-09	8.648977e-09	2.071308e+01	2.214849e+02
6.040000e-06	2.422947e-09	8.589920e-09	2.050892e+01	2.201402e+02
6.050000e-06	2.398762e-09	8.534598e-09	2.030420e+01	2.187920e+02
6.060000e-06	2.374515e-09	8.478220e-09	2.009896e+01	2.174411e+02
6.070000e-06	2.350191e-09	8.418445e-09	1.989307e+01	2.160881e+02
6.080000e-06	2.325781e-09	8.366411e-09	1.968645e+01	2.147331e+02
6.090000e-06	2.301281e-09	8.320821e-09	1.947908e+01	2.133754e+02
6.100000e-06	2.276657e-09	8.268870e-09	1.927065e+01	2.120141e+02
6.110000e-06	2.251922e-09	8.210419e-09	1.906128e+01	2.106479e+02
6.120000e-06	2.227101e-09	8.153925e-09	1.885119e+01	2.092753e+02
6.130000e-06	2.202150e-09	8.100003e-09	1.863999e+01	2.078948e+02
6.140000e-06	2.177080e-09	8.044573e-09	1.842778e+01	2.065053e+02
6.150000e-06	2.151911e-09	7.988692e-09	1.821474e+01	2.051058e+02
6.160000e-06	2.126632e-09	7.933513e-09	1.800077e+01	2.036960e+02
6.170000e-06	2.101230e-09	7.878705e-09	1.778576e+01	2.022758e+02
6.180000e-06	2.075718e-09	7.823690e-09	1.756981e+01	2.008456e+02
6.190000e-06	2.050122e-09	7.765268e-09	1.735315e+01	1.994062e+02
6.200000e-06	2.024433e-09	7.701001e-09	1.713571e+01	1.979588e+02
6.210000e-06	1.998664e-09	7.635527e-09	1.691759e+01	1.965042e+02
6.220000e-06	1.972838e-09	7.579814e-09	1.669899e+01	1.950437e+02
6.230000e-06	1.946942e-09	7.532887e-09	1.647979e+01	1.935781e+02
6.240000e-06	1.920954e-09	7.481287e-09	1.625982e+01	1.921080e+02
6.250000e-06	1.894864e-09	7.423282e-09	1.603898e+01	1.906336e+02
6.260000e-06	1.868693e-09	7.364114e-09	1.581745e+01	1.891548e+02
6.270000e-06	1.842452e-09	7.301775e-09	1.559534e+01	1.876712e+02
6.280000e-06	1.816117e-09	7.236224e-09	1.537243e+01	1.861824e+02
6.290000e-06	1.789699e-09	7.171091e-09	1.514881e+01	1.846874e+02
6.300000e-06	1.763217e-09	7.109585e-09	1.492466e+01	1.831857e+02
6.310000e-06	1.736633e-09	7.055763e-09	1.469964e+01	1.816766e+02
6.320000e-06	1.709944e-09	7.006829e-09	1.447373e+01	1.801597e+02
6.330000e-06	1.683178e-09	6.951104e-09	1.424717e+01	1.786348e+02
6.340000e-06	1.656314e-09	6.886095e-09	1.401978e+01	1.771020e+02
6.350000e-06	1.629364e-09	6.820595e-09	1.379167e+01	1.755616e+02
6.360000e-06	1.602338e-09	6.759967e-09	1.356291e+01	1.740139e+02
6.370000e-06	1.575211e-09	6.700654e-09	1.333329e+01	1.724596e+02
6.380000e-06	1.548009e-09	6.637434e-09	1.310304e+01	1.708993e+02
6.390000e-06	1.520749e-09	6.574450e-09	1.287230e+01	1.693334e+02
6.400000e-06	1.493412e-09	6.516746e-09	1.264091e+01	1.677623e+02
6.410000e-06	1.465991e-09	6.459902e-09	1.240880e+01	1.661862e+02
6.420000e-06	1.438512e-09	6.397173e-09	1.217621e+01	1.646050e+02
6.430000e-06	1.410985e-09	6.332616e-09	1.194321e+01	1.630187e+02
6.440000e-06	1.383389e-09	6.272983e-09	1.170962e+01	1.614269e+02
6.450000e-06	1.355740e-09	6.215194e-09	1.147558e+01	1.598291e+02
6.460000e-06	1.328045e-09	6.153724e-09	1.124116e+01	1.582250e+02
6.470000e-06	1.300305e-09	6.087082e-09	1.100636e+01	1.566140e+02
6.480000e-06	1.272536e-09	6.018756e-09	1.077131e+01	1.549958e+02
6.490000e-06	1.244734e-09	5.951671e-09	1.053598e+01	1.533702e+02
6.500000e-06	1.216902e-09	5.887677e-09	1.030040e+01	1.517368e+02
6.510000e-06	1.189059e-09	5.827630e-09	1.006473e+01	1.500956e+02
6.520000e-06	1.161194e-09	5.769092e-09	9.828861e+00	1.484464e+02
6.530000e-06	1.133291e-09	5.710717e-09	9.592677e+00	1.467891e+02
6.540000e-06	1.105368e-09	5.650156e-09	9.356320e+00	1.451237e+02
6.550000e-06	1.077437e-09	5.584607e-09	9.119906e+00	1.434500e+02
6.560000e-06	1.049487e-09	5.513716e-09	8.883318e+00	1.417677e+02
6.570000e-06	1.021503e-09	5.440421e-09	8.646446e+00	1.400766e+02
6.580000e-06	9.934946e-10	5.369612e-09	8.409373e+00	1.383766e+02
6.590000e-06	9.654782e-10	5.303523e-09	8.172228e+00	1.366674e+02
6.600000e-06	9.374532e-10	5.241429e-09	7.935012e+00	1.349488e+02
6.610000e-06	9.094133e-10	5.179839e-09	7.697668e+00	1.332211e+02
6.620000e-06	8.813493e-10	5.117576e-09	7.460122e+00	1.314843e+02
6.630000e-06	8.532566e-10	5.054331e-09	7.222332e+00	1.297389e+02
6.640000e-06	8.251221e-10	4.987073e-09	6.984189e+00	1.279856e+02
6.650000e-06	7.969507e-10	4.915277e-09	6.745732e+00	1.262251e+02
6.660000e-06	7.687649e-10	4.843500e-09	6.507155e+00	1.244585e+02
6.670000e-06	7.405830e-10	4.774573e-09	6.268610e+00	1.226865e+02
6.680000e-06	7.123852e-10	4.706039e-09	6.029931e+00	1.209103e+02
6.690000e-06	6.841476e-10	4.635730e-09	5.790915e+00	1.191305e+02
6.700000e-06	6.558897e-10	4.563650e-09	5.551727e+00	1.173479e+02
6.710000e-06	6.276191e-10	4.493099e-09	5.312431e+00	1.155626e+02
6.720000e-06	5.993322e-10	4.427498e-09	5.072998e+00	1.137749e+02
6.730000e-06	5.710176e-10	4.364307e-09	4.833330e+00	1.119845e+02
6.740000e-06	5.426885e-10	4.297229e-09	4.593540e+00	1.101908e+02
6.750000e-06	5.143538e-10	4.225564e-09	4.353702e+00	1.083932e+02
6.760000e-06	4.860133e-10	4.154064e-09	4.113815e+00	1.065908e+02
6.770000e-06	4.576459e-10	4.081272e-09	3.873701e+00	1.047828e+02
6.780000e-06	4.292474e-10	4.003056e-09	3.633323e+00	1.029682e+02
6.790000e-06	4.008382e-10	3.925079e-09	3.392855e+00	1.011463e+02
6.800000e-06	3.724028e-10	3.856796e-09	3.152165e+00	9.931647e+01
6.810000e-06	3.439411e-10	3.795753e-09	2.911253e+00	9.747830e+01
6.820000e-06	3.154546e-10	3.730933e-09	2.670130e+00	9.563158e+01
6.830000e-06	2.869488e-10	3.659628e-09	2.428844e+00	9.377629e+01
6.840000e-06	2.584293e-10	3.585950e-09	2.187442e+00	9.191254e+01
6.850000e-06	2.298947e-10	3.509480e-09	1.945912e+00	9.004058e+01
6.860000e-06	2.013497e-10	3.428141e-09	1.704295e+00	8.816068e+01
6.870000e-06	1.727773e-10	3.344543e-09	1.462445e+00	8.627310e+01
6.880000e-06	1.441844e-10	3.266023e-09	1.220422e+00	8.437807e+01
6.890000e-06	1.155828e-10	3.195892e-09	9.783257e-01	8.247570e+01
6.900000e-06	8.698638e-11	3.128752e-09	7.362729e-01	8.056602e+01
6.910000e-06	5.840104e-11	3.058164e-09	4.943136e-01	7.864892e+01
6.920000e-06	2.980460e-11	2.980762e-09	2.522607e-01	7.672421e+01
6.930000e-06	1.225002e-12	2.900146e-09	1.035038e-02	7.479165e+01
6.940000e-06	-2.732040e-11	2.826475e-09	-2.312706e-01	7.285094e+01
6.950000e-06	-5.587395e-11	2.756593e-09	-4.729606e-01	7.090179e+01
6.960000e-06	-8.445359e-11	2.676090e-09	-7.148713e-01	6.894397e+01
6.970000e-06	-1.130386e-10	2.588515e-09	-9.568280e-01	6.697729e+01
6.980000e-06	-1.416020e-10	2.504762e-09	-1.198601e+00	6.500168e+01
6.990000e-06	-1.701177e-10	2.424636e-09	-1.439971e+00	6.301716e+01
7.000000e-06	-1.986060e-10	2.346048e-09	-1.681109e+00	6.102387e+01
7.010000e-06	-2.271166e-10	2.270444e-09	-1.922436e+00	5.902203e+01
7.020000e-06	-2.556366e-10	2.200924e-09	-2.163842e+00	5.701197e+01
7.030000e-06	-2.841433e-10	2.135957e-09	-2.405136e+00	5.499402e+01
7.040000e-06	-3.126326e-10	2.064880e-09	-2.646282e+00	5.296859e+01
7.050000e-06	-3.410903e-10	1.977644e-09	-2.887161e+00	5.093604e+01
7.060000e-06	-3.695351e-10	1.880093e-09	-3.127931e+00	4.889668e+01
7.070000e-06	-3.979634e-10	1.785851e-09	-3.368560e+00	4.685075e+01
7.080000e-06	-4.263483e-10	1.701151e-09	-3.608823e+00	4.479837e+01
7.090000e-06	-4.547026e-10	1.624720e-09	-3.848826e+00	4.273952e+01
7.100000e-06	-4.830486e-10	1.553755e-09	-4.088760e+00	4.067400e+01
7.110000e-06	-5.113643e-10	1.484995e-09	-4.328437e+00	3.860146e+01
7.120000e-06	-5.396390e-10	1.412617e-09	-4.567767e+00	3.652139e+01
7.130000e-06	-5.679013e-10	1.332825e-09	-4.806991e+00	3.443314e+01
7.140000e-06	-5.961649e-10	1.247380e-09	-5.046227e+00	3.233592e+01
7.150000e-06	-6.244124e-10	1.159969e-09	-5.285327e+00	3.022891e+01
7.160000e-06	-6.526305e-10	1.069785e-09	-5.524179e+00	2.811126e+01
7.170000e-06	-6.808243e-10	9.796093e-10	-5.762824e+00	2.598221e+01
7.180000e-06	-7.089890e-10	8.955936e-10	-6.001224e+00	2.384109e+01
7.190000e-06	-7.371168e-10	8.157424e-10	-6.239311e+00	2.168744e+01
7.200000e-06	-7.652219e-10	7.376245e-10	-6.477205e+00	1.952103e+01
7.210000e-06	-7.933112e-10	6.611988e-10	-6.714966e+00	1.734189e+01
7.220000e-06	-8.213806e-10	5.844740e-10	-6.952558e+00	1.515037e+01
7.230000e-06	-8.494387e-10	5.037464e-10	-7.190055e+00	1.294705e+01
7.240000e-06	-8.774870e-10	4.181897e-10	-7.427469e+00	1.073278e+01
7.250000e-06	-9.055206e-10	3.299288e-10	-7.664759e+00	8.508584e+00
7.260000e-06	-9.335359e-10	2.387908e-10	-7.901894e+00	6.275592e+00
7.270000e-06	-9.615251e-10	1.453554e-10	-8.138807e+00	4.034965e+00
7.280000e-06	-9.894910e-10	5.065118e-11	-8.375524e+00	1.787809e+00
7.290000e-06	-1.017440e-09	-4.129180e-11	-8.612098e+00	-4.648951e-01
7.300000e-06	-1.045374e-09	-1.245964e-10	-8.848548e+00	-2.722353e+00
7.310000e-06	-1.073282e-09	-2.000943e-10	-9.084769e+00	-4.983986e+00
7.320000e-06	-1.101162e-09	-2.769169e-10	-9.320762e+00	-7.249447e+00
7.330000e-06	-1.129025e-09	-3.600272e-10	-9.556608e+00	-9.518599e+00
7.340000e-06	-1.156867e-09	-4.468714e-10	-9.792271e+00	-1.179148e+01
7.350000e-06	-1.184685e-09	-5.396688e-10	-1.002774e+01	-1.406827e+01
7.360000e-06	-1.212489e-09	-6.384305e-10	-1.026308e+01	-1.634917e+01
7.370000e-06	-1.240274e-09	-7.391343e-10	-1.049827e+01	-1.863442e+01
7.380000e-06	-1.268027e-09	-8.367721e-10	-1.073318e+01	-2.092421e+01
7.390000e-06	-1.295741e-09	-9.253996e-10	-1.096777e+01	-2.321862e+01
7.400000e-06	-1.323401e-09	-1.006508e-09	-1.120189e+01	-2.551766e+01
7.410000e-06	-1.351008e-09	-1.087828e-09	-1.143558e+01	-2.782123e+01
7.420000e-06	-1.378576e-09	-1.174963e-09	-1.166892e+01	-3.012916e+01
7.430000e-06	-1.406105e-09	-1.264785e-09	-1.190194e+01	-3.244126e+01
7.440000e-06	-1.433587e-09	-1.355999e-09	-1.213456e+01	-3.475731e+01
7.450000e-06	-1.460998e-09	-1.452173e-09	-1.236658e+01	-3.707717e+01
7.460000e-06	-1.488314e-09	-1.550064e-09	-1.259779e+01	-3.940074e+01
7.470000e-06	-1.515549e-09	-1.644699e-09	-1.282832e+01	-4.172801e+01
7.480000e-06	-1.542726e-09	-1.738312e-09	-1.305836e+01	-4.405905e+01
7.490000e-06	-1.569817e-09	-1.833697e-09	-1.328767e+01	-4.639396e+01
7.500000e-06	-1.596826e-09	-1.928189e-09	-1.351629e+01	-4.873286e+01
7.510000e-06	-1.623756e-09	-2.020307e-09	-1.374424e+01	-5.107580e+01
7.520000e-06	-1.650598e-09	-2.108061e-09	-1.397144e+01	-5.342275e+01
7.530000e-06	-1.677341e-09	-2.191186e-09	-1.419780e+01	-5.577353e+01
7.540000e-06	-1.703979e-09	-2.276345e-09	-1.442328e+01	-5.812777e+01
7.550000e-06	-1.730515e-09	-2.368862e-09	-1.464789e+01	-6.048494e+01
7.560000e-06	-1.756947e-09	-2.467123e-09	-1.487162e+01	-6.284432e+01
7.570000e-06	-1.783300e-09	-2.567398e-09	-1.509469e+01	-6.520505e+01
7.580000e-06	-1.809586e-09	-2.667346e-09	-1.531719e+01	-6.756622e+01
7.590000e-06	-1.835794e-09	-2.762355e-09	-1.553903e+01	-6.992689e+01
7.600000e-06	-1.861920e-09	-2.851671e-09	-1.576017e+01	-7.228621e+01
7.610000e-06	-1.887969e-09	-2.938614e-09	-1.598066e+01	-7.464345e+01
7.620000e-06	-1.913929e-09	-3.022761e-09	-1.620039e+01	-7.699804e+01
7.630000e-06	-1.939812e-09	-3.106053e-09	-1.641948e+01	-7.934966e+01
7.640000e-06	-1.965642e-09	-3.196360e-09	-1.663812e+01	-8.169819e+01
7.650000e-06	-1.991393e-09	-3.295388e-09	-1.685609e+01	-8.404370e+01
7.660000e-06	-2.017047e-09	-3.392556e-09	-1.707323e+01	-8.638641e+01
7.670000e-06	-2.042607e-09	-3.483859e-09	-1.728958e+01	-8.872667e+01
7.680000e-06	-2.068073e-09	-3.576779e-09	-1.750514e+01	-9.106483e+01
7.690000e-06	-2.093461e-09	-3.671281e-09	-1.772003e+01	-9.340123e+01
7.700000e-06	-2.118754e-09	-3.761993e-09	-1.793412e+01	-9.573613e+01
7.710000e-06	-2.143916e-09	-3.849364e-09	-1.814711e+01	-9.806968e+01
7.720000e-06	-2.168944e-09	-3.936271e-09	-1.835895e+01	-1.004019e+02
7.730000e-06	-2.193875e-09	-4.024594e-09	-1.856998e+01	-1.027328e+02
7.740000e-06	-2.218706e-09	-4.114343e-09	-1.878017e+01	-1.050620e+02
7.750000e-06	-2.243401e-09	-4.202459e-09	-1.898919e+01	-1.073896e+02
7.760000e-06	-2.267965e-09	-4.291263e-09	-1.919711e+01	-1.097151e+02
7.770000e-06	-2.292412e-09	-4.384428e-09	-1.940404e+01	-1.120383e+02
7.780000e-06	-2.316778e-09	-4.477983e-09	-1.961029e+01	-1.143591e+02
7.790000e-06	-2.341079e-09	-4.571051e-09	-1.981599e+01	-1.166774e+02
7.800000e-06	-2.365300e-09	-4.663043e-09	-2.002101e+01	-1.189930e+02
7.810000e-06	-2.389449e-09	-4.750252e-09	-2.022541e+01	-1.213058e+02
7.820000e-06	-2.413531e-09	-4.834453e-09	-2.042925e+01	-1.236158e+02
7.830000e-06	-2.437553e-09	-4.921072e-09	-2.063259e+01	-1.259227e+02
7.840000e-06	-2.461531e-09	-5.010382e-09	-2.083555e+01	-1.282263e+02
7.850000e-06	-2.485468e-09	-5.098491e-09	-2.103816e+01	-1.305263e+02
7.860000e-06	-2.509354e-09	-5.186101e-09	-2.124034e+01	-1.328223e+02
7.870000e-06	-2.533184e-09	-5.276184e-09	-2.144205e+01	-1.351137e+02
7.880000e-06	-2.556951e-09	-5.369715e-09	-2.164323e+01	-1.374001e+02
7.890000e-06	-2.580636e-09	-5.464069e-09	-2.184371e+01	-1.396808e+02
7.900000e-06	-2.604246e-09	-5.553833e-09	-2.204355e+01	-1.419553e+02
7.910000e-06	-2.627768e-09	-5.636977e-09	-2.224265e+01	-1.442234e+02
7.920000e-06	-2.651149e-09	-5.717413e-09	-2.244056e+01	-1.464847e+02
7.930000e-06	-2.674391e-09	-5.800888e-09	-2.263729e+01	-1.487392e+02
7.940000e-06	-2.697492e-09	-5.887492e-09	-2.283283e+01	-1.509869e+02
7.950000e-06	-2.720447e-09	-5.975170e-09	-2.302713e+01	-1.532278e+02
7.960000e-06	-2.743227e-09	-6.064139e-09	-2.321995e+01	-1.554622e+02
7.970000e-06	-2.765784e-09	-6.154937e-09	-2.341088e+01	-1.576902e+02
7.980000e-06	-2.788100e-09	-6.245658e-09	-2.359977e+01	-1.599116e+02
7.990000e-06	-2.810184e-09	-6.331718e-09	-2.378670e+01	-1.621265e+02
8.000000e-06	-2.832028e-09	-6.414479e-09	-2.397160e+01	-1.643343e+02
8.010000e-06	-2.853645e-09	-6.499241e-09	-2.415457e+01	-1.665343e+02
8.020000e-06	-2.875053e-09	-6.586787e-09	-2.433578e+01	-1.687259e+02
8.030000e-06	-2.896218e-09	-6.671956e-09	-2.451493e+01	-1.709080e+02
8.040000e-06	-2.917158e-09	-6.751824e-09	-2.469218e+01	-1.730795e+02
8.050000e-06	-2.937907e-09	-6.831566e-09	-2.486780e+01	-1.752395e+02
8.060000e-06	-2.958496e-09	-6.915377e-09	-2.504208e+01	-1.773873e+02
8.070000e-06	-2.978942e-09	-7.001549e-09	-2.521514e+01	-1.795221e+02
8.080000e-06	-2.999257e-09	-7.086790e-09	-2.538710e+01	-1.816438e+02
8.090000e-06	-3.019453e-09	-7.173448e-09	-2.555804e+01	-1.837525e+02
8.100000e-06	-3.039546e-09	-7.263113e-09	-2.572812e+01	-1.858486e+02
8.110000e-06	-3.059566e-09	-7.350248e-09	-2.589758e+01	-1.879327e+02
8.120000e-06	-3.079526e-09	-7.428619e-09	-2.606653e+01	-1.900055e+02
8.130000e-06	-3.099438e-09	-7.499297e-09	-2.623508e+01	-1.920678e+02
8.140000e-06	-3.119295e-09	-7.570903e-09	-2.640315e+01	-1.941203e+02
8.150000e-06	-3.139068e-09	-7.649160e-09	-2.657052e+01	-1.961631e+02
8.160000e-06	-3.158756e-09	-7.732972e-09	-2.673717e+01	-1.981960e+02
8.170000e-06	-3.178343e-09	-7.817715e-09	-2.690296e+01	-2.002186e+02
8.180000e-06	-3.197804e-09	-7.901778e-09	-2.706769e+01	-2.022297e+02
8.190000e-06	-3.217109e-09	-7.984036e-09	-2.723110e+01	-2.042279e+02
8.200000e-06	-3.236276e-09	-8.062628e-09	-2.739333e+01	-2.062113e+02
8.210000e-06	-3.255285e-09	-8.138304e-09	-2.755424e+01	-2.081781e+02
8.220000e-06	-3.274104e-09	-8.211887e-09	-2.771352e+01	-2.101264e+02
8.230000e-06	-3.292755e-09	-8.284957e-09	-2.787140e+01	-2.120546e+02
8.240000e-06	-3.311266e-09	-8.357469e-09	-2.802809e+01	-2.139614e+02
8.250000e-06	-3.329628e-09	-8.429422e-09	-2.818351e+01	-2.158462e+02
8.260000e-06	-3.347836e-09	-8.501428e-09	-2.833763e+01	-2.177088e+02
8.270000e-06	-3.365913e-09	-8.575229e-09	-2.849064e+01	-2.195497e+02
8.280000e-06	-3.383873e-09	-8.651441e-09	-2.864266e+01	-2.213697e+02
8.290000e-06	-3.401733e-09	-8.725381e-09	-2.879384e+01	-2.231701e+02
8.300000e-06	-3.419481e-09	-8.794966e-09	-2.894406e+01	-2.249524e+02
8.310000e-06	-3.437081e-09	-8.862228e-09	-2.909304e+01	-2.267179e+02
8.320000e-06	-3.454534e-09	-8.929040e-09	-2.924077e+01	-2.284680e+02
8.330000e-06	-3.471819e-09	-8.993113e-09	-2.938707e+01	-2.302035e+02
8.340000e-06	-3.488930e-09	-9.056182e-09	-2.953191e+01	-2.319251e+02
8.350000e-06	-3.505878e-09	-9.126411e-09	-2.967536e+01	-2.336327e+02
8.360000e-06	-3.522643e-09	-9.201613e-09	-2.981727e+01	-2.353259e+02
8.370000e-06	-3.539249e-09	-9.272885e-09	-2.995783e+01	-2.370038e+02
8.380000e-06	-3.555705e-09	-9.337519e-09	-3.009712e+01	-2.386654e+02
8.390000e-06	-3.572009e-09	-9.397710e-09	-3.023513e+01	-2.403094e+02
8.400000e-06	-3.588195e-09	-9.456116e-09	-3.037214e+01	-2.419346e+02
8.410000e-06	-3.604283e-09	-9.514737e-09	-3.050831e+01	-2.435400e+02
8.420000e-06	-3.620273e-09	-9.573240e-09	-3.064366e+01	-2.451246e+02
8.430000e-06	-3.636161e-09	-9.631537e-09	-3.077814e+01	-2.466879e+02
8.440000e-06	-3.651950e-09	-9.695618e-09	-3.091179e+01	-2.482299e+02
8.450000e-06	-3.667654e-09	-9.764879e-09	-3.104471e+01	-2.497504e+02
8.460000e-06	-3.683235e-09	-9.828429e-09	-3.117660e+01	-2.512499e+02
8.470000e-06	-3.698640e-09	-9.881649e-09	-3.130699e+01	-2.527287e+02
8.480000e-06	-3.713819e-09	-9.931430e-09	-3.143547e+01	-2.541873e+02
8.490000e-06	-3.728738e-09	-9.982837e-09	-3.156175e+01	-2.556261e+02
8.500000e-06	-3.743382e-09	-1.003575e-08	-3.168571e+01	-2.570453e+02
8.510000e-06	-3.757711e-09	-1.009305e-08	-3.180699e+01	-2.584450e+02
8.520000e-06	-3.771718e-09	-1.015453e-08	-3.192555e+01	-2.598253e+02
8.530000e-06	-3.785438e-09	-1.021549e-08	-3.204169e+01	-2.611861e+02
8.540000e-06	-3.798892e-09	-1.027142e-08	-3.215556e+01	-2.625270e+02
8.550000e-06	-3.812068e-09	-1.032038e-08	-3.226709e+01	-2.638480e+02
8.560000e-06	-3.824986e-09	-1.036254e-08	-3.237644e+01	-2.651488e+02
8.570000e-06	-3.837671e-09	-1.040219e-08	-3.248381e+01	-2.664296e+02
8.580000e-06	-3.850136e-09	-1.044571e-08	-3.258931e+01	-2.676903e+02
8.590000e-06	-3.862400e-09	-1.049575e-08	-3.269312e+01	-2.689313e+02
8.600000e-06	-3.874504e-09	-1.055097e-08	-3.279558e+01	-2.701526e+02
8.610000e-06	-3.886477e-09	-1.060591e-08	-3.289692e+01	-2.713547e+02
8.620000e-06	-3.898308e-09	-1.065834e-08	-3.299706e+01	-2.725378e+02
8.630000e-06	-3.910001e-09	-1.070730e-08	-3.309604e+01	-2.737019e+02
8.640000e-06	-3.921514e-09	-1.074921e-08	-3.319349e+01	-2.748469e+02
8.650000e-06	-3.932827e-09	-1.078581e-08	-3.328924e+01	-2.759726e+02
8.660000e-06	-3.943954e-09	-1.082220e-08	-3.338343e+01	-2.770785e+02
8.670000e-06	-3.954888e-09	-1.085953e-08	-3.347598e+01	-2.781640e+02
8.680000e-06	-3.965613e-09	-1.089861e-08	-3.356676e+01	-2.792286e+02
8.690000e-06	-3.976133e-09	-1.094600e-08	-3.365581e+01	-2.802715e+02
8.700000e-06	-3.986482e-09	-1.100099e-08	-3.374341e+01	-2.812924e+02
8.710000e-06	-3.996678e-09	-1.105142e-08	-3.382971e+01	-2.822911e+02
8.720000e-06	-4.006730e-09	-1.109288e-08	-3.391480e+01	-2.832676e+02
8.730000e-06	-4.016642e-09	-1.112882e-08	-3.399869e+01	-2.842224e+02
8.740000e-06	-4.026392e-09	-1.116006e-08	-3.408122e+01	-2.851561e+02
8.750000e-06	-4.035975e-09	-1.118553e-08	-3.416233e+01	-2.860696e+02
8.760000e-06	-4.045388e-09	-1.120984e-08	-3.424201e+01	-2.869640e+02
8.770000e-06	-4.054608e-09	-1.124201e-08	-3.432006e+01	-2.878401e+02
8.780000e-06	-4.063627e-09	-1.128369e-08	-3.439640e+01	-2.886989e+02
8.790000e-06	-4.072431e-09	-1.133105e-08	-3.447092e+01	-2.895411e+02
8.800000e-06	-4.081022e-09	-1.137896e-08	-3.454364e+01	-2.903669e+02
8.810000e-06	-4.089452e-09	-1.142168e-08	-3.461499e+01	-2.911763e+02
8.820000e-06	-4.097734e-09	-1.145165e-08	-3.468509e+01	-2.919691e+02
8.830000e-06	-4.105886e-09	-1.146710e-08	-3.475409e+01	-2.927445e+02
8.840000e-06	-4.113943e-09	-1.147849e-08	-3.482229e+01	-2.935020e+02
8.850000e-06	-4.121903e-09	-1.149598e-08	-3.488967e+01	-2.942408e+02
8.860000e-06	-4.129761e-09	-1.152619e-08	-3.495618e+01	-2.949603e+02
8.870000e-06	-4.137514e-09	-1.156915e-08	-3.502180e+01	-2.956603e+02
8.880000e-06	-4.145142e-09	-1.161703e-08	-3.508637e+01	-2.963407e+02
8.890000e-06	-4.152614e-09	-1.165870e-08	-3.514962e+01	-2.970018e+02
8.900000e-06	-4.159903e-09	-1.168531e-08	-3.521132e+01	-2.976443e+02
8.910000e-06	-4.166996e-09	-1.169956e-08	-3.527135e+01	-2.982691e+02
8.920000e-06	-4.173841e-09	-1.171138e-08	-3.532929e+01	-2.988771e+02
8.930000e-06	-4.180385e-09	-1.172814e-08	-3.538468e+01	-2.994693e+02
8.940000e-06	-4.186608e-09	-1.174972e-08	-3.543735e+01	-3.000463e+02
8.950000e-06	-4.192506e-09	-1.177727e-08	-3.548727e+01	-3.006085e+02
8.960000e-06	-4.198085e-09	-1.181278e-08	-3.553450e+01	-3.011559e+02
8.970000e-06	-4.203350e-09	-1.184534e-08	-3.557907e+01	-3.016880e+02
8.980000e-06	-4.208315e-09	-1.186573e-08	-3.562109e+01	-3.022039e+02
8.990000e-06	-4.213024e-09	-1.187929e-08	-3.566095e+01	-3.027027e+02
9.000000e-06	-4.217506e-09	-1.189565e-08	-3.569889e+01	-3.031831e+02
9.010000e-06	-4.221797e-09	-1.191588e-08	-3.573521e+01	-3.036441e+02
9.020000e-06	-4.225961e-09	-1.193553e-08	-3.577045e+01	-3.040849e+02
9.030000e-06	-4.230019e-09	-1.195380e-08	-3.580481e+01	-3.045051e+02
9.040000e-06	-4.233980e-09	-1.197178e-08	-3.583833e+01	-3.049049e+02
9.050000e-06	-4.237840e-09	-1.198811e-08	-3.587100e+01	-3.052850e+02
9.060000e-06	-4.241572e-09	-1.199964e-08	-3.590259e+01	-3.056468e+02
9.070000e-06	-4.245159e-09	-1.201003e-08	-3.593295e+01	-3.059916e+02
9.080000e-06	-4.248592e-09	-1.202366e-08	-3.596201e+01	-3.063214e+02
9.090000e-06	-4.251850e-09	-1.204050e-08	-3.598959e+01	-3.066376e+02
9.100000e-06	-4.254915e-09	-1.206002e-08	-3.601553e+01	-3.069416e+02
9.110000e-06	-4.257770e-09	-1.208047e-08	-3.603970e+01	-3.072343e+02
9.120000e-06	-4.260411e-09	-1.209687e-08	-3.606206e+01	-3.075157e+02
9.130000e-06	-4.262864e-09	-1.210475e-08	-3.608282e+01	-3.077854e+02
9.140000e-06	-4.265140e-09	-1.210794e-08	-3.610208e+01	-3.080422e+02
9.150000e-06	-4.267252e-09	-1.211236e-08	-3.611996e+01	-3.082845e+02
9.160000e-06	-4.269232e-09	-1.212072e-08	-3.613672e+01	-3.085103e+02
9.170000e-06	-4.271084e-09	-1.213131e-08	-3.615240e+01	-3.087178e+02
9.180000e-06	-4.272790e-09	-1.214220e-08	-3.616683e+01	-3.089055e+02
9.190000e-06	-4.274195e-09	-1.215337e-08	-3.617873e+01	-3.090725e+02
9.200000e-06	-4.275296e-09	-1.216437e-08	-3.618804e+01	-3.092188e+02
9.210000e-06	-4.276266e-09	-1.217367e-08	-3.619626e+01	-3.093452e+02
9.220000e-06	-4.277099e-09	-1.217881e-08	-3.620331e+01	-3.094537e+02
9.230000e-06	-4.277738e-09	-1.218161e-08	-3.620872e+01	-3.095471e+02
9.240000e-06	-4.278196e-09	-1.218379e-08	-3.621259e+01	-3.096284e+02
