# Configuracion:
# Concentracion g/m^3_=_10770.0
# C_Vs_to_Am_M_A/Vsm_=_116720831517.84952
# pendiente_HvsI_1/m_=_3716.3
# ordenada_HvsI_A/m_=_1297.0
# frecuencia_ref_Hz_=_311781.33837971557
# 
Resultados:
# tau_s_=_(3.40+/-0.36)e+01
# dphi_rad_=_6.35+/-0.01
# SAR_W/g_=_56.23+/-5.86
# Hc_kA/m_=_2.95+/-0.19
# Mr_A/m_=_20.18+/-1.52
# Suceptibilidad_a_M=0_=_0.0069+/-0.0001
Nombre_archivo	Time_m_(s)	Temperatura_(ºC)	Mr_(A/m)	Hc_(kA/m)	Campo_max_(A/m)	Mag_max_(A/m)	f0	mag0	dphi0	SAR_(W/g)	Tau_(ns)	N	xi_M_0
300kHz_084dA_100Mss_bobN1_NF0007.txt		20.00	17.67	2.57	32513.92	226.14	3.118040e+05	8.567305e+00	6.338429e+00	46.65	28.229288	4490	6.864e-03
300kHz_084dA_100Mss_bobN1_NF0008.txt		20.00	21.44	3.09	32513.92	220.73	3.118040e+05	8.443713e+00	6.357609e+00	61.92	38.062402	4490	6.598e-03
300kHz_084dA_100Mss_bobN1_NF0009.txt		20.00	17.01	2.61	32513.92	224.92	3.118040e+05	8.493154e+00	6.334711e+00	43.14	26.326302	4490	6.690e-03
300kHz_084dA_100Mss_bobN1_NF0010.txt		20.00	19.73	2.92	32513.92	223.41	3.118040e+05	8.497393e+00	6.349247e+00	55.32	33.772400	4490	6.803e-03
300kHz_084dA_100Mss_bobN1_NF0011.txt		20.00	18.66	2.70	32513.92	227.77	3.118040e+05	8.613341e+00	6.341330e+00	49.36	29.715143	4490	6.841e-03
300kHz_084dA_100Mss_bobN1_NF0012.txt		20.00	21.22	3.11	32513.92	221.60	3.118040e+05	8.433678e+00	6.358081e+00	62.23	38.304486	4490	6.853e-03
300kHz_084dA_100Mss_bobN1_NF0015.txt		20.00	22.60	3.27	32513.92	224.65	3.118040e+05	8.592114e+00	6.360817e+00	65.72	39.708885	4490	6.830e-03
300kHz_084dA_100Mss_bobN1_NF0016.txt		20.00	18.80	2.81	32513.92	223.73	3.118040e+05	8.509125e+00	6.344986e+00	51.83	31.588251	4490	6.734e-03
300kHz_084dA_100Mss_bobN1_NF0017.txt		20.00	17.58	2.66	32513.92	228.63	3.118040e+05	8.668816e+00	6.338014e+00	46.85	28.016843	4490	6.687e-03
300kHz_084dA_100Mss_bobN1_NF0018.txt		20.00	20.13	2.95	32513.92	226.42	3.118040e+05	8.599725e+00	6.347757e+00	54.73	33.008005	4490	6.955e-03
300kHz_084dA_100Mss_bobN1_NF0019.txt		20.00	20.86	3.05	32513.92	225.93	3.118040e+05	8.617156e+00	6.352194e+00	58.60	35.283199	4490	6.877e-03
300kHz_084dA_100Mss_bobN1_NF0020.txt		20.00	19.78	3.00	32513.92	226.04	3.118040e+05	8.582736e+00	6.350199e+00	56.68	34.260216	4490	6.959e-03
300kHz_084dA_100Mss_bobN1_NF0021.txt		20.00	20.38	2.95	32513.92	227.31	3.118040e+05	8.628382e+00	6.348655e+00	55.67	33.468289	4490	7.046e-03
300kHz_084dA_100Mss_bobN1_NF0022.txt		20.00	20.23	2.97	32513.92	224.52	3.118040e+05	8.526206e+00	6.351917e+00	57.75	35.141027	4490	6.880e-03
300kHz_084dA_100Mss_bobN1_NF0023.txt		20.00	19.85	2.86	32513.92	228.76	3.118040e+05	8.676676e+00	6.347240e+00	54.77	32.743383	4490	7.062e-03
300kHz_084dA_100Mss_bobN1_NF0024.txt		20.00	20.82	3.04	32513.92	225.83	3.118040e+05	8.606349e+00	6.352543e+00	58.82	35.462516	4490	6.910e-03
300kHz_084dA_100Mss_bobN1_NF0025.txt		20.00	20.31	2.94	32513.92	225.42	3.118040e+05	8.550651e+00	6.349057e+00	55.51	33.674474	4490	6.740e-03
300kHz_084dA_100Mss_bobN1_NF0027.txt		20.00	22.80	3.34	32513.92	220.87	3.118040e+05	8.454577e+00	6.362297e+00	65.89	40.468806	4490	6.811e-03
300kHz_084dA_100Mss_bobN1_NF0028.txt		20.00	19.92	2.94	32513.92	224.24	3.118040e+05	8.519401e+00	6.349505e+00	55.68	33.904530	4490	6.825e-03
300kHz_084dA_100Mss_bobN1_NF0029.txt		20.00	22.36	3.18	32513.92	223.07	3.118040e+05	8.523837e+00	6.359400e+00	64.01	38.980946	4490	6.849e-03
300kHz_084dA_100Mss_bobN1_NF0030.txt		20.00	20.90	2.91	32513.92	229.70	3.118040e+05	8.729758e+00	6.350566e+00	57.97	34.447776	4490	7.099e-03
300kHz_084dA_100Mss_bobN1_NF0031.txt		20.00	19.52	2.86	32513.92	225.53	3.118040e+05	8.541133e+00	6.345245e+00	52.24	31.720451	4490	6.844e-03
300kHz_084dA_100Mss_bobN1_NF0033.txt		20.00	19.33	2.82	32513.92	229.21	3.118040e+05	8.714206e+00	6.347076e+00	54.87	32.659191	4490	6.793e-03
300kHz_084dA_100Mss_bobN1_NF0035.txt		20.00	22.40	3.21	32513.92	227.81	3.118040e+05	8.697678e+00	6.357205e+00	63.43	37.854217	4490	7.067e-03
