# Temperatura_=_20.0
# Concentracion g/m^3_=_10770.0
# C_Vs_to_Am_M_A/Vsm_=_25649819763.59163
# pendiente_HvsI_1/m_=_3716.3
# ordenada_HvsI_A/m_=_1297.0
# frecuencia_Hz_=_108150.34399070809
# Promedio de 25 ciclos

Tiempo_(s)	Campo_(V.s)	Magnetizacion_(V.s)	Campo_(kA/m)	Magnetizacion_(A/m)
0.000000e+00	-4.479276e-09	-1.592848e-08	-3.769207e+01	-4.030639e+02
1.000000e-08	-4.479491e-09	-1.593980e-08	-3.769387e+01	-4.031408e+02
2.000000e-08	-4.479568e-09	-1.593722e-08	-3.769452e+01	-4.032158e+02
3.000000e-08	-4.479523e-09	-1.593052e-08	-3.769415e+01	-4.032925e+02
4.000000e-08	-4.479381e-09	-1.593694e-08	-3.769294e+01	-4.033729e+02
5.000000e-08	-4.479117e-09	-1.598409e-08	-3.769073e+01	-4.034575e+02
6.000000e-08	-4.478676e-09	-1.604739e-08	-3.768702e+01	-4.035447e+02
7.000000e-08	-4.477991e-09	-1.598059e-08	-3.768125e+01	-4.036315e+02
8.000000e-08	-4.477012e-09	-1.578633e-08	-3.767302e+01	-4.037135e+02
9.000000e-08	-4.475689e-09	-1.578352e-08	-3.766188e+01	-4.037852e+02
1.000000e-07	-4.474036e-09	-1.597094e-08	-3.764797e+01	-4.038412e+02
1.100000e-07	-4.472064e-09	-1.587934e-08	-3.763138e+01	-4.038761e+02
1.200000e-07	-4.469715e-09	-1.563450e-08	-3.761162e+01	-4.038858e+02
1.300000e-07	-4.467040e-09	-1.585015e-08	-3.758910e+01	-4.038676e+02
1.400000e-07	-4.464095e-09	-1.620148e-08	-3.756432e+01	-4.038208e+02
1.500000e-07	-4.460900e-09	-1.594889e-08	-3.753744e+01	-4.037471e+02
1.600000e-07	-4.457463e-09	-1.557334e-08	-3.750852e+01	-4.036505e+02
1.700000e-07	-4.453803e-09	-1.585116e-08	-3.747772e+01	-4.035371e+02
1.800000e-07	-4.449999e-09	-1.618420e-08	-3.744571e+01	-4.034148e+02
1.900000e-07	-4.446093e-09	-1.584962e-08	-3.741284e+01	-4.032927e+02
2.000000e-07	-4.442075e-09	-1.556380e-08	-3.737903e+01	-4.031808e+02
2.100000e-07	-4.437942e-09	-1.592557e-08	-3.734425e+01	-4.030888e+02
2.200000e-07	-4.433706e-09	-1.608960e-08	-3.730861e+01	-4.030255e+02
2.300000e-07	-4.429338e-09	-1.567503e-08	-3.727185e+01	-4.029985e+02
2.400000e-07	-4.424796e-09	-1.564711e-08	-3.723363e+01	-4.030130e+02
2.500000e-07	-4.420072e-09	-1.607810e-08	-3.719388e+01	-4.030722e+02
2.600000e-07	-4.415144e-09	-1.596198e-08	-3.715241e+01	-4.031760e+02
2.700000e-07	-4.409978e-09	-1.557283e-08	-3.710895e+01	-4.033221e+02
2.800000e-07	-4.404590e-09	-1.579660e-08	-3.706360e+01	-4.035052e+02
2.900000e-07	-4.399003e-09	-1.602700e-08	-3.701659e+01	-4.037180e+02
3.000000e-07	-4.393207e-09	-1.566285e-08	-3.696782e+01	-4.039512e+02
3.100000e-07	-4.387197e-09	-1.557606e-08	-3.691725e+01	-4.041945e+02
3.200000e-07	-4.381012e-09	-1.596332e-08	-3.686521e+01	-4.044370e+02
3.300000e-07	-4.374645e-09	-1.584662e-08	-3.681163e+01	-4.046680e+02
3.400000e-07	-4.368011e-09	-1.547142e-08	-3.675581e+01	-4.048778e+02
3.500000e-07	-4.361122e-09	-1.569818e-08	-3.669783e+01	-4.050581e+02
3.600000e-07	-4.354048e-09	-1.590214e-08	-3.663831e+01	-4.052026e+02
3.700000e-07	-4.346775e-09	-1.553508e-08	-3.657711e+01	-4.053073e+02
3.800000e-07	-4.339289e-09	-1.548789e-08	-3.651412e+01	-4.053706e+02
3.900000e-07	-4.331646e-09	-1.586187e-08	-3.644980e+01	-4.053934e+02
4.000000e-07	-4.323872e-09	-1.570966e-08	-3.638438e+01	-4.053787e+02
4.100000e-07	-4.315981e-09	-1.541154e-08	-3.631798e+01	-4.053312e+02
4.200000e-07	-4.307996e-09	-1.568727e-08	-3.625079e+01	-4.052566e+02
4.300000e-07	-4.299912e-09	-1.577868e-08	-3.618276e+01	-4.051614e+02
4.400000e-07	-4.291716e-09	-1.542342e-08	-3.611380e+01	-4.050515e+02
4.500000e-07	-4.283378e-09	-1.552335e-08	-3.604363e+01	-4.049322e+02
4.600000e-07	-4.274862e-09	-1.579781e-08	-3.597198e+01	-4.048071e+02
4.700000e-07	-4.266120e-09	-1.552030e-08	-3.589842e+01	-4.046777e+02
4.800000e-07	-4.257126e-09	-1.540807e-08	-3.582273e+01	-4.045433e+02
4.900000e-07	-4.247852e-09	-1.574419e-08	-3.574470e+01	-4.044008e+02
5.000000e-07	-4.238214e-09	-1.563726e-08	-3.566359e+01	-4.042449e+02
5.100000e-07	-4.228192e-09	-1.535207e-08	-3.557927e+01	-4.040685e+02
5.200000e-07	-4.217813e-09	-1.561170e-08	-3.549192e+01	-4.038633e+02
5.300000e-07	-4.207094e-09	-1.573629e-08	-3.540173e+01	-4.036204e+02
5.400000e-07	-4.196069e-09	-1.542406e-08	-3.530896e+01	-4.033312e+02
5.500000e-07	-4.184806e-09	-1.544106e-08	-3.521418e+01	-4.029881e+02
5.600000e-07	-4.173330e-09	-1.562978e-08	-3.511762e+01	-4.025855e+02
5.700000e-07	-4.161649e-09	-1.545625e-08	-3.501933e+01	-4.021200e+02
5.800000e-07	-4.149788e-09	-1.535523e-08	-3.491952e+01	-4.015908e+02
5.900000e-07	-4.137760e-09	-1.548489e-08	-3.481830e+01	-4.010000e+02
6.000000e-07	-4.125575e-09	-1.543048e-08	-3.471577e+01	-4.003523e+02
6.100000e-07	-4.113208e-09	-1.532419e-08	-3.461171e+01	-3.996547e+02
6.200000e-07	-4.100636e-09	-1.537187e-08	-3.450592e+01	-3.989156e+02
6.300000e-07	-4.087881e-09	-1.534859e-08	-3.439858e+01	-3.981446e+02
6.400000e-07	-4.074930e-09	-1.525198e-08	-3.428961e+01	-3.973512e+02
6.500000e-07	-4.061776e-09	-1.525696e-08	-3.417891e+01	-3.965444e+02
6.600000e-07	-4.048447e-09	-1.527271e-08	-3.406676e+01	-3.957317e+02
6.700000e-07	-4.034917e-09	-1.521898e-08	-3.395291e+01	-3.949189e+02
6.800000e-07	-4.021194e-09	-1.516989e-08	-3.383743e+01	-3.941095e+02
6.900000e-07	-4.007296e-09	-1.515686e-08	-3.372049e+01	-3.933048e+02
7.000000e-07	-3.993217e-09	-1.515008e-08	-3.360201e+01	-3.925041e+02
7.100000e-07	-3.978979e-09	-1.510795e-08	-3.348220e+01	-3.917049e+02
7.200000e-07	-3.964544e-09	-1.504683e-08	-3.336074e+01	-3.909035e+02
7.300000e-07	-3.949843e-09	-1.502506e-08	-3.323703e+01	-3.900954e+02
7.400000e-07	-3.934817e-09	-1.502030e-08	-3.311059e+01	-3.892763e+02
7.500000e-07	-3.919475e-09	-1.497929e-08	-3.298149e+01	-3.884422e+02
7.600000e-07	-3.903906e-09	-1.494095e-08	-3.285048e+01	-3.875901e+02
7.700000e-07	-3.888113e-09	-1.492491e-08	-3.271758e+01	-3.867181e+02
7.800000e-07	-3.872027e-09	-1.488820e-08	-3.258222e+01	-3.858258e+02
7.900000e-07	-3.855666e-09	-1.485037e-08	-3.244455e+01	-3.849138e+02
8.000000e-07	-3.839129e-09	-1.482806e-08	-3.230540e+01	-3.839838e+02
8.100000e-07	-3.822404e-09	-1.478395e-08	-3.216466e+01	-3.830381e+02
8.200000e-07	-3.805509e-09	-1.473311e-08	-3.202249e+01	-3.820795e+02
8.300000e-07	-3.788505e-09	-1.471741e-08	-3.187941e+01	-3.811104e+02
8.400000e-07	-3.771348e-09	-1.470052e-08	-3.173504e+01	-3.801329e+02
8.500000e-07	-3.754046e-09	-1.464830e-08	-3.158945e+01	-3.791485e+02
8.600000e-07	-3.736635e-09	-1.460269e-08	-3.144294e+01	-3.781578e+02
8.700000e-07	-3.719116e-09	-1.457590e-08	-3.129551e+01	-3.771605e+02
8.800000e-07	-3.701475e-09	-1.453472e-08	-3.114707e+01	-3.761557e+02
8.900000e-07	-3.683689e-09	-1.448386e-08	-3.099741e+01	-3.751419e+02
9.000000e-07	-3.665738e-09	-1.444728e-08	-3.084635e+01	-3.741176e+02
9.100000e-07	-3.647620e-09	-1.441185e-08	-3.069389e+01	-3.730811e+02
9.200000e-07	-3.629335e-09	-1.437061e-08	-3.054003e+01	-3.720309e+02
9.300000e-07	-3.610844e-09	-1.433994e-08	-3.038443e+01	-3.709664e+02
9.400000e-07	-3.592109e-09	-1.430637e-08	-3.022678e+01	-3.698873e+02
9.500000e-07	-3.573164e-09	-1.425488e-08	-3.006737e+01	-3.687940e+02
9.600000e-07	-3.554038e-09	-1.420768e-08	-2.990643e+01	-3.676875e+02
9.700000e-07	-3.534733e-09	-1.417664e-08	-2.974398e+01	-3.665692e+02
9.800000e-07	-3.515270e-09	-1.413467e-08	-2.958020e+01	-3.654405e+02
9.900000e-07	-3.495652e-09	-1.407857e-08	-2.941512e+01	-3.643032e+02
1.000000e-06	-3.475911e-09	-1.403259e-08	-2.924900e+01	-3.631586e+02
1.010000e-06	-3.456085e-09	-1.399162e-08	-2.908217e+01	-3.620074e+02
1.020000e-06	-3.436184e-09	-1.394618e-08	-2.891471e+01	-3.608503e+02
1.030000e-06	-3.416225e-09	-1.390419e-08	-2.874676e+01	-3.596871e+02
1.040000e-06	-3.396207e-09	-1.386481e-08	-2.857831e+01	-3.585172e+02
1.050000e-06	-3.376112e-09	-1.381858e-08	-2.840921e+01	-3.573396e+02
1.060000e-06	-3.355928e-09	-1.377246e-08	-2.823938e+01	-3.561532e+02
1.070000e-06	-3.335653e-09	-1.373011e-08	-2.806877e+01	-3.549566e+02
1.080000e-06	-3.315283e-09	-1.367741e-08	-2.789735e+01	-3.537488e+02
1.090000e-06	-3.294790e-09	-1.361962e-08	-2.772491e+01	-3.525288e+02
1.100000e-06	-3.274143e-09	-1.357313e-08	-2.755117e+01	-3.512962e+02
1.110000e-06	-3.253324e-09	-1.353425e-08	-2.737599e+01	-3.500507e+02
1.120000e-06	-3.232328e-09	-1.348965e-08	-2.719931e+01	-3.487927e+02
1.130000e-06	-3.211172e-09	-1.344172e-08	-2.702129e+01	-3.475227e+02
1.140000e-06	-3.189859e-09	-1.339594e-08	-2.684194e+01	-3.462414e+02
1.150000e-06	-3.168374e-09	-1.334753e-08	-2.666115e+01	-3.449496e+02
1.160000e-06	-3.146727e-09	-1.329529e-08	-2.647900e+01	-3.436483e+02
1.170000e-06	-3.124937e-09	-1.324210e-08	-2.629564e+01	-3.423379e+02
1.180000e-06	-3.103001e-09	-1.318983e-08	-2.611105e+01	-3.410190e+02
1.190000e-06	-3.080941e-09	-1.313939e-08	-2.592543e+01	-3.396917e+02
1.200000e-06	-3.058784e-09	-1.309189e-08	-2.573897e+01	-3.383560e+02
1.210000e-06	-3.036507e-09	-1.304311e-08	-2.555152e+01	-3.370117e+02
1.220000e-06	-3.014100e-09	-1.298807e-08	-2.536297e+01	-3.356584e+02
1.230000e-06	-2.991560e-09	-1.293407e-08	-2.517330e+01	-3.342958e+02
1.240000e-06	-2.968877e-09	-1.288614e-08	-2.498243e+01	-3.329234e+02
1.250000e-06	-2.946049e-09	-1.283654e-08	-2.479034e+01	-3.315409e+02
1.260000e-06	-2.923081e-09	-1.278233e-08	-2.459707e+01	-3.301483e+02
1.270000e-06	-2.899965e-09	-1.273085e-08	-2.440256e+01	-3.287456e+02
1.280000e-06	-2.876716e-09	-1.268202e-08	-2.420692e+01	-3.273329e+02
1.290000e-06	-2.853325e-09	-1.262748e-08	-2.401009e+01	-3.259105e+02
1.300000e-06	-2.829799e-09	-1.256907e-08	-2.381212e+01	-3.244789e+02
1.310000e-06	-2.806172e-09	-1.251380e-08	-2.361331e+01	-3.230385e+02
1.320000e-06	-2.782448e-09	-1.246215e-08	-2.341367e+01	-3.215896e+02
1.330000e-06	-2.758645e-09	-1.241080e-08	-2.321338e+01	-3.201326e+02
1.340000e-06	-2.734774e-09	-1.235671e-08	-2.301251e+01	-3.186679e+02
1.350000e-06	-2.710822e-09	-1.230066e-08	-2.281096e+01	-3.171958e+02
1.360000e-06	-2.686783e-09	-1.224693e-08	-2.260867e+01	-3.157164e+02
1.370000e-06	-2.662679e-09	-1.219518e-08	-2.240585e+01	-3.142301e+02
1.380000e-06	-2.638503e-09	-1.213740e-08	-2.220241e+01	-3.127370e+02
1.390000e-06	-2.614240e-09	-1.207504e-08	-2.199824e+01	-3.112375e+02
1.400000e-06	-2.589871e-09	-1.201947e-08	-2.179318e+01	-3.097319e+02
1.410000e-06	-2.565381e-09	-1.196707e-08	-2.158710e+01	-3.082202e+02
1.420000e-06	-2.540765e-09	-1.191018e-08	-2.137997e+01	-3.067029e+02
1.430000e-06	-2.516015e-09	-1.185261e-08	-2.117170e+01	-3.051801e+02
1.440000e-06	-2.491125e-09	-1.179607e-08	-2.096226e+01	-3.036516e+02
1.450000e-06	-2.466088e-09	-1.173949e-08	-2.075158e+01	-3.021173e+02
1.460000e-06	-2.440904e-09	-1.168485e-08	-2.053967e+01	-3.005769e+02
1.470000e-06	-2.415541e-09	-1.162941e-08	-2.032625e+01	-2.990296e+02
1.480000e-06	-2.389977e-09	-1.156748e-08	-2.011113e+01	-2.974748e+02
1.490000e-06	-2.364210e-09	-1.150372e-08	-1.989430e+01	-2.959115e+02
1.500000e-06	-2.338263e-09	-1.144284e-08	-1.967597e+01	-2.943387e+02
1.510000e-06	-2.312149e-09	-1.137986e-08	-1.945622e+01	-2.927555e+02
1.520000e-06	-2.285839e-09	-1.131608e-08	-1.923483e+01	-2.911613e+02
1.530000e-06	-2.259323e-09	-1.125791e-08	-1.901171e+01	-2.895553e+02
1.540000e-06	-2.232616e-09	-1.120079e-08	-1.878698e+01	-2.879375e+02
1.550000e-06	-2.205735e-09	-1.113791e-08	-1.856078e+01	-2.863079e+02
1.560000e-06	-2.178685e-09	-1.107277e-08	-1.833316e+01	-2.846668e+02
1.570000e-06	-2.151489e-09	-1.100836e-08	-1.810431e+01	-2.830151e+02
1.580000e-06	-2.124159e-09	-1.094159e-08	-1.787434e+01	-2.813535e+02
1.590000e-06	-2.096703e-09	-1.087287e-08	-1.764330e+01	-2.796831e+02
1.600000e-06	-2.069146e-09	-1.080600e-08	-1.741142e+01	-2.780047e+02
1.610000e-06	-2.041507e-09	-1.074226e-08	-1.717884e+01	-2.763193e+02
1.620000e-06	-2.013801e-09	-1.068135e-08	-1.694570e+01	-2.746272e+02
1.630000e-06	-1.986038e-09	-1.061958e-08	-1.671208e+01	-2.729289e+02
1.640000e-06	-1.958211e-09	-1.055059e-08	-1.647793e+01	-2.712240e+02
1.650000e-06	-1.930333e-09	-1.047465e-08	-1.624333e+01	-2.695123e+02
1.660000e-06	-1.902415e-09	-1.040011e-08	-1.600841e+01	-2.677931e+02
1.670000e-06	-1.874461e-09	-1.033134e-08	-1.577319e+01	-2.660653e+02
1.680000e-06	-1.846476e-09	-1.026488e-08	-1.553770e+01	-2.643281e+02
1.690000e-06	-1.818464e-09	-1.019875e-08	-1.530198e+01	-2.625806e+02
1.700000e-06	-1.790416e-09	-1.013322e-08	-1.506597e+01	-2.608220e+02
1.710000e-06	-1.762331e-09	-1.006678e-08	-1.482963e+01	-2.590519e+02
1.720000e-06	-1.734211e-09	-9.997003e-09	-1.459301e+01	-2.572699e+02
1.730000e-06	-1.706057e-09	-9.923715e-09	-1.435610e+01	-2.554763e+02
1.740000e-06	-1.677851e-09	-9.850767e-09	-1.411875e+01	-2.536715e+02
1.750000e-06	-1.649587e-09	-9.779580e-09	-1.388092e+01	-2.518561e+02
1.760000e-06	-1.621245e-09	-9.708085e-09	-1.364243e+01	-2.500309e+02
1.770000e-06	-1.592843e-09	-9.637114e-09	-1.340343e+01	-2.481968e+02
1.780000e-06	-1.564398e-09	-9.567777e-09	-1.316407e+01	-2.463546e+02
1.790000e-06	-1.535870e-09	-9.495220e-09	-1.292401e+01	-2.445049e+02
1.800000e-06	-1.507262e-09	-9.417212e-09	-1.268329e+01	-2.426483e+02
1.810000e-06	-1.478592e-09	-9.341614e-09	-1.244204e+01	-2.407850e+02
1.820000e-06	-1.449854e-09	-9.273044e-09	-1.220022e+01	-2.389149e+02
1.830000e-06	-1.421051e-09	-9.205627e-09	-1.195784e+01	-2.370380e+02
1.840000e-06	-1.392162e-09	-9.133213e-09	-1.171475e+01	-2.351537e+02
1.850000e-06	-1.363170e-09	-9.058572e-09	-1.147079e+01	-2.332617e+02
1.860000e-06	-1.334108e-09	-8.985319e-09	-1.122624e+01	-2.313614e+02
1.870000e-06	-1.304984e-09	-8.911417e-09	-1.098116e+01	-2.294524e+02
1.880000e-06	-1.275810e-09	-8.835734e-09	-1.073568e+01	-2.275343e+02
1.890000e-06	-1.246581e-09	-8.757157e-09	-1.048972e+01	-2.256068e+02
1.900000e-06	-1.217281e-09	-8.679095e-09	-1.024316e+01	-2.236699e+02
1.910000e-06	-1.187927e-09	-8.607077e-09	-9.996160e+00	-2.217234e+02
1.920000e-06	-1.158519e-09	-8.538869e-09	-9.748697e+00	-2.197674e+02
1.930000e-06	-1.129055e-09	-8.467812e-09	-9.500767e+00	-2.178022e+02
1.940000e-06	-1.099529e-09	-8.391079e-09	-9.252315e+00	-2.158278e+02
1.950000e-06	-1.069942e-09	-8.313503e-09	-9.003346e+00	-2.138444e+02
1.960000e-06	-1.040324e-09	-8.236451e-09	-8.754115e+00	-2.118520e+02
1.970000e-06	-1.010671e-09	-8.156460e-09	-8.504591e+00	-2.098507e+02
1.980000e-06	-9.809743e-10	-8.072037e-09	-8.254703e+00	-2.078403e+02
1.990000e-06	-9.512413e-10	-7.987553e-09	-8.004506e+00	-2.058208e+02
2.000000e-06	-9.214566e-10	-7.912932e-09	-7.753875e+00	-2.037920e+02
2.010000e-06	-8.916187e-10	-7.847039e-09	-7.502796e+00	-2.017536e+02
2.020000e-06	-8.617467e-10	-7.777360e-09	-7.251429e+00	-1.997055e+02
2.030000e-06	-8.318544e-10	-7.699552e-09	-6.999892e+00	-1.976475e+02
2.040000e-06	-8.019428e-10	-7.620014e-09	-6.748193e+00	-1.955796e+02
2.050000e-06	-7.720042e-10	-7.539229e-09	-6.496267e+00	-1.935016e+02
2.060000e-06	-7.420495e-10	-7.451896e-09	-6.244205e+00	-1.914136e+02
2.070000e-06	-7.120746e-10	-7.362005e-09	-5.991972e+00	-1.893156e+02
2.080000e-06	-6.820727e-10	-7.277452e-09	-5.739513e+00	-1.872078e+02
2.090000e-06	-6.520544e-10	-7.201249e-09	-5.486915e+00	-1.850902e+02
2.100000e-06	-6.220182e-10	-7.129796e-09	-5.234167e+00	-1.829630e+02
2.110000e-06	-5.919720e-10	-7.055160e-09	-4.981335e+00	-1.808261e+02
2.120000e-06	-5.619003e-10	-6.972622e-09	-4.728289e+00	-1.786797e+02
2.130000e-06	-5.318066e-10	-6.883057e-09	-4.475057e+00	-1.765238e+02
2.140000e-06	-5.017036e-10	-6.792161e-09	-4.221747e+00	-1.743583e+02
2.150000e-06	-4.715793e-10	-6.706362e-09	-3.968257e+00	-1.721831e+02
2.160000e-06	-4.414326e-10	-6.623396e-09	-3.714580e+00	-1.699983e+02
2.170000e-06	-4.112691e-10	-6.538298e-09	-3.460761e+00	-1.678038e+02
2.180000e-06	-3.810975e-10	-6.455926e-09	-3.206874e+00	-1.655993e+02
2.190000e-06	-3.509110e-10	-6.379843e-09	-2.952861e+00	-1.633848e+02
2.200000e-06	-3.207174e-10	-6.300003e-09	-2.698789e+00	-1.611602e+02
2.210000e-06	-2.905028e-10	-6.206101e-09	-2.444539e+00	-1.589253e+02
2.220000e-06	-2.602626e-10	-6.107728e-09	-2.190075e+00	-1.566799e+02
2.230000e-06	-2.300297e-10	-6.020210e-09	-1.935672e+00	-1.544238e+02
2.240000e-06	-1.998060e-10	-5.937110e-09	-1.681346e+00	-1.521567e+02
2.250000e-06	-1.695794e-10	-5.846552e-09	-1.426996e+00	-1.498784e+02
2.260000e-06	-1.393405e-10	-5.753719e-09	-1.172542e+00	-1.475885e+02
2.270000e-06	-1.090691e-10	-5.666478e-09	-9.178153e-01	-1.452867e+02
2.280000e-06	-7.877185e-11	-5.581001e-09	-6.628707e-01	-1.429727e+02
2.290000e-06	-4.848330e-11	-5.490309e-09	-4.079992e-01	-1.406460e+02
2.300000e-06	-1.822542e-11	-5.392749e-09	-1.533854e-01	-1.383064e+02
2.310000e-06	1.202731e-11	-5.293584e-09	1.011848e-01	-1.359534e+02
2.320000e-06	4.227619e-11	-5.199686e-09	3.557224e-01	-1.335868e+02
2.330000e-06	7.251570e-11	-5.107738e-09	6.101811e-01	-1.312062e+02
2.340000e-06	1.027625e-10	-5.012550e-09	8.647015e-01	-1.288113e+02
2.350000e-06	1.330107e-10	-4.915220e-09	1.119233e+00	-1.264017e+02
2.360000e-06	1.632472e-10	-4.823148e-09	1.373666e+00	-1.239772e+02
2.370000e-06	1.934670e-10	-4.736231e-09	1.627959e+00	-1.215375e+02
2.380000e-06	2.236745e-10	-4.638666e-09	1.882148e+00	-1.190821e+02
2.390000e-06	2.538495e-10	-4.527933e-09	2.136065e+00	-1.166108e+02
2.400000e-06	2.840339e-10	-4.420218e-09	2.390059e+00	-1.141234e+02
2.410000e-06	3.142329e-10	-4.326135e-09	2.644178e+00	-1.116196e+02
2.420000e-06	3.444199e-10	-4.237114e-09	2.898194e+00	-1.090994e+02
2.430000e-06	3.745956e-10	-4.141188e-09	3.152116e+00	-1.065627e+02
2.440000e-06	4.047395e-10	-4.040105e-09	3.405770e+00	-1.040096e+02
2.450000e-06	4.348757e-10	-3.937358e-09	3.659359e+00	-1.014405e+02
2.460000e-06	4.650353e-10	-3.833822e-09	3.913145e+00	-9.885559e+01
2.470000e-06	4.951860e-10	-3.726743e-09	4.166856e+00	-9.625543e+01
2.480000e-06	5.253034e-10	-3.617213e-09	4.420287e+00	-9.364049e+01
2.490000e-06	5.553805e-10	-3.515810e-09	4.673379e+00	-9.101128e+01
2.500000e-06	5.854311e-10	-3.426054e-09	4.926249e+00	-8.836822e+01
2.510000e-06	6.154686e-10	-3.339488e-09	5.179007e+00	-8.571165e+01
2.520000e-06	6.454909e-10	-3.240281e-09	5.431638e+00	-8.304173e+01
2.530000e-06	6.754988e-10	-3.122158e-09	5.684147e+00	-8.035841e+01
2.540000e-06	7.054713e-10	-2.998241e-09	5.936360e+00	-7.766146e+01
2.550000e-06	7.354175e-10	-2.883577e-09	6.188350e+00	-7.495043e+01
2.560000e-06	7.653523e-10	-2.779774e-09	6.440245e+00	-7.222472e+01
2.570000e-06	7.952602e-10	-2.680295e-09	6.691913e+00	-6.948360e+01
2.580000e-06	8.251430e-10	-2.583406e-09	6.943370e+00	-6.672631e+01
2.590000e-06	8.549956e-10	-2.488053e-09	7.194572e+00	-6.395209e+01
2.600000e-06	8.848013e-10	-2.387836e-09	7.445381e+00	-6.116030e+01
2.610000e-06	9.145624e-10	-2.275273e-09	7.695815e+00	-5.835044e+01
2.620000e-06	9.442871e-10	-2.150356e-09	7.945942e+00	-5.552220e+01
2.630000e-06	9.739907e-10	-2.024481e-09	8.195890e+00	-5.267549e+01
2.640000e-06	1.003661e-09	-1.910680e-09	8.445563e+00	-4.981041e+01
2.650000e-06	1.033302e-09	-1.808132e-09	8.694984e+00	-4.692726e+01
2.660000e-06	1.062901e-09	-1.704633e-09	8.944054e+00	-4.402646e+01
2.670000e-06	1.092450e-09	-1.597494e-09	9.192697e+00	-4.110851e+01
2.680000e-06	1.121966e-09	-1.488878e-09	9.441068e+00	-3.817394e+01
2.690000e-06	1.151426e-09	-1.376934e-09	9.688968e+00	-3.522325e+01
2.700000e-06	1.180822e-09	-1.260560e-09	9.936328e+00	-3.225690e+01
2.710000e-06	1.210170e-09	-1.138449e-09	1.018329e+01	-2.927525e+01
2.720000e-06	1.239444e-09	-1.012344e-09	1.042962e+01	-2.627857e+01
2.730000e-06	1.268628e-09	-8.912651e-10	1.067520e+01	-2.326709e+01
2.740000e-06	1.297761e-09	-7.816994e-10	1.092035e+01	-2.024100e+01
2.750000e-06	1.326827e-09	-6.723432e-10	1.116492e+01	-1.720049e+01
2.760000e-06	1.355820e-09	-5.525036e-10	1.140889e+01	-1.414577e+01
2.770000e-06	1.384747e-09	-4.306663e-10	1.165231e+01	-1.107712e+01
2.780000e-06	1.413589e-09	-3.129771e-10	1.189501e+01	-7.994879e+00
2.790000e-06	1.442354e-09	-1.940147e-10	1.213706e+01	-4.899457e+00
2.800000e-06	1.471055e-09	-6.974568e-11	1.237857e+01	-1.791278e+00
2.810000e-06	1.499702e-09	5.734129e-11	1.261963e+01	1.329239e+00
2.820000e-06	1.528265e-09	1.814611e-10	1.285998e+01	4.461740e+00
2.830000e-06	1.556730e-09	3.008573e-10	1.309950e+01	7.605982e+00
2.840000e-06	1.585132e-09	4.210803e-10	1.333850e+01	1.076188e+01
2.850000e-06	1.613478e-09	5.471997e-10	1.357703e+01	1.392955e+01
2.860000e-06	1.641768e-09	6.733869e-10	1.381508e+01	1.710927e+01
2.870000e-06	1.670015e-09	7.927985e-10	1.405277e+01	2.030154e+01
2.880000e-06	1.698217e-09	9.123935e-10	1.429009e+01	2.350697e+01
2.890000e-06	1.726370e-09	1.039553e-09	1.452699e+01	2.672625e+01
2.900000e-06	1.754484e-09	1.169986e-09	1.476356e+01	2.996012e+01
2.910000e-06	1.782566e-09	1.299808e-09	1.499987e+01	3.320920e+01
2.920000e-06	1.810610e-09	1.431140e-09	1.523585e+01	3.647401e+01
2.930000e-06	1.838614e-09	1.565586e-09	1.547150e+01	3.975490e+01
2.940000e-06	1.866589e-09	1.698591e-09	1.570691e+01	4.305195e+01
2.950000e-06	1.894540e-09	1.827537e-09	1.594210e+01	4.636506e+01
2.960000e-06	1.922460e-09	1.957643e-09	1.617704e+01	4.969390e+01
2.970000e-06	1.950330e-09	2.090325e-09	1.641156e+01	5.303794e+01
2.980000e-06	1.978143e-09	2.224277e-09	1.664561e+01	5.639657e+01
2.990000e-06	2.005909e-09	2.358278e-09	1.687925e+01	5.976909e+01
3.000000e-06	2.033620e-09	2.489890e-09	1.711243e+01	6.315478e+01
3.010000e-06	2.061259e-09	2.619872e-09	1.734501e+01	6.655296e+01
3.020000e-06	2.088808e-09	2.751787e-09	1.757683e+01	6.996303e+01
3.030000e-06	2.116281e-09	2.888269e-09	1.780801e+01	7.338445e+01
3.040000e-06	2.143670e-09	3.027712e-09	1.803848e+01	7.681673e+01
3.050000e-06	2.170910e-09	3.169405e-09	1.826770e+01	8.025944e+01
3.060000e-06	2.197968e-09	3.312691e-09	1.849539e+01	8.371217e+01
3.070000e-06	2.224840e-09	3.453089e-09	1.872151e+01	8.717445e+01
3.080000e-06	2.251539e-09	3.587120e-09	1.894617e+01	9.064580e+01
3.090000e-06	2.278045e-09	3.714861e-09	1.916921e+01	9.412566e+01
3.100000e-06	2.304354e-09	3.840937e-09	1.939060e+01	9.761342e+01
3.110000e-06	2.330473e-09	3.971701e-09	1.961037e+01	1.011084e+02
3.120000e-06	2.356377e-09	4.110714e-09	1.982835e+01	1.046100e+02
3.130000e-06	2.382070e-09	4.257389e-09	2.004456e+01	1.081177e+02
3.140000e-06	2.407557e-09	4.406247e-09	2.025902e+01	1.116308e+02
3.150000e-06	2.432859e-09	4.548519e-09	2.047193e+01	1.151491e+02
3.160000e-06	2.457982e-09	4.682878e-09	2.068333e+01	1.186723e+02
3.170000e-06	2.482904e-09	4.815099e-09	2.089305e+01	1.222004e+02
3.180000e-06	2.507673e-09	4.946381e-09	2.110147e+01	1.257334e+02
3.190000e-06	2.532323e-09	5.076183e-09	2.130890e+01	1.292714e+02
3.200000e-06	2.556846e-09	5.208260e-09	2.151525e+01	1.328146e+02
3.210000e-06	2.581261e-09	5.349440e-09	2.172070e+01	1.363631e+02
3.220000e-06	2.605565e-09	5.496816e-09	2.192521e+01	1.399168e+02
3.230000e-06	2.629755e-09	5.641640e-09	2.212877e+01	1.434752e+02
3.240000e-06	2.653873e-09	5.783256e-09	2.233171e+01	1.470378e+02
3.250000e-06	2.677936e-09	5.920512e-09	2.253420e+01	1.506038e+02
3.260000e-06	2.701935e-09	6.054212e-09	2.273614e+01	1.541717e+02
3.270000e-06	2.725869e-09	6.189554e-09	2.293754e+01	1.577403e+02
3.280000e-06	2.749722e-09	6.324759e-09	2.313826e+01	1.613077e+02
3.290000e-06	2.773502e-09	6.455084e-09	2.333837e+01	1.648724e+02
3.300000e-06	2.797201e-09	6.588499e-09	2.353778e+01	1.684324e+02
3.310000e-06	2.820762e-09	6.730877e-09	2.373605e+01	1.719862e+02
3.320000e-06	2.844187e-09	6.870522e-09	2.393316e+01	1.755322e+02
3.330000e-06	2.867473e-09	7.002266e-09	2.412911e+01	1.790692e+02
3.340000e-06	2.890601e-09	7.136560e-09	2.432373e+01	1.825959e+02
3.350000e-06	2.913574e-09	7.283524e-09	2.451703e+01	1.861116e+02
3.360000e-06	2.936398e-09	7.434661e-09	2.470909e+01	1.896154e+02
3.370000e-06	2.959079e-09	7.574157e-09	2.489995e+01	1.931066e+02
3.380000e-06	2.981627e-09	7.697609e-09	2.508969e+01	1.965846e+02
3.390000e-06	3.004053e-09	7.816505e-09	2.527840e+01	2.000485e+02
3.400000e-06	3.026350e-09	7.944795e-09	2.546602e+01	2.034975e+02
3.410000e-06	3.048532e-09	8.075785e-09	2.565268e+01	2.069306e+02
3.420000e-06	3.070604e-09	8.206382e-09	2.583841e+01	2.103465e+02
3.430000e-06	3.092546e-09	8.348788e-09	2.602304e+01	2.137440e+02
3.440000e-06	3.114366e-09	8.503293e-09	2.620666e+01	2.171216e+02
3.450000e-06	3.136080e-09	8.648937e-09	2.638937e+01	2.204782e+02
3.460000e-06	3.157659e-09	8.770731e-09	2.657095e+01	2.238124e+02
3.470000e-06	3.179087e-09	8.877819e-09	2.675127e+01	2.271231e+02
3.480000e-06	3.200372e-09	8.989007e-09	2.693037e+01	2.304094e+02
3.490000e-06	3.221484e-09	9.115681e-09	2.710803e+01	2.336709e+02
3.500000e-06	3.242423e-09	9.251690e-09	2.728422e+01	2.369070e+02
3.510000e-06	3.263207e-09	9.385356e-09	2.745912e+01	2.401178e+02
3.520000e-06	3.283832e-09	9.513883e-09	2.763267e+01	2.433030e+02
3.530000e-06	3.304299e-09	9.640380e-09	2.780490e+01	2.464628e+02
3.540000e-06	3.324630e-09	9.764908e-09	2.797598e+01	2.495971e+02
3.550000e-06	3.344860e-09	9.884953e-09	2.814621e+01	2.527057e+02
3.560000e-06	3.365014e-09	1.000238e-08	2.831580e+01	2.557882e+02
3.570000e-06	3.385097e-09	1.012029e-08	2.848479e+01	2.588439e+02
3.580000e-06	3.405110e-09	1.024286e-08	2.865320e+01	2.618720e+02
3.590000e-06	3.425057e-09	1.037036e-08	2.882105e+01	2.648711e+02
3.600000e-06	3.444931e-09	1.049225e-08	2.898829e+01	2.678400e+02
3.610000e-06	3.464718e-09	1.060110e-08	2.915479e+01	2.707769e+02
3.620000e-06	3.484408e-09	1.070610e-08	2.932047e+01	2.736805e+02
3.630000e-06	3.503965e-09	1.081848e-08	2.948504e+01	2.765493e+02
3.640000e-06	3.523370e-09	1.093385e-08	2.964833e+01	2.793818e+02
3.650000e-06	3.542612e-09	1.104351e-08	2.981025e+01	2.821771e+02
3.660000e-06	3.561660e-09	1.114984e-08	2.997054e+01	2.849345e+02
3.670000e-06	3.580490e-09	1.126059e-08	3.012898e+01	2.876533e+02
3.680000e-06	3.599101e-09	1.137466e-08	3.028559e+01	2.903335e+02
3.690000e-06	3.617510e-09	1.148008e-08	3.044049e+01	2.929751e+02
3.700000e-06	3.635733e-09	1.157226e-08	3.059384e+01	2.955784e+02
3.710000e-06	3.653770e-09	1.166320e-08	3.074561e+01	2.981437e+02
3.720000e-06	3.671625e-09	1.176245e-08	3.089586e+01	3.006716e+02
3.730000e-06	3.689332e-09	1.186509e-08	3.104486e+01	3.031625e+02
3.740000e-06	3.706893e-09	1.196414e-08	3.119264e+01	3.056169e+02
3.750000e-06	3.724287e-09	1.206100e-08	3.133900e+01	3.080349e+02
3.760000e-06	3.741549e-09	1.215568e-08	3.148425e+01	3.104169e+02
3.770000e-06	3.758710e-09	1.224349e-08	3.162867e+01	3.127630e+02
3.780000e-06	3.775759e-09	1.232647e-08	3.177212e+01	3.150733e+02
3.790000e-06	3.792664e-09	1.240810e-08	3.191437e+01	3.173475e+02
3.800000e-06	3.809400e-09	1.249258e-08	3.205521e+01	3.195857e+02
3.810000e-06	3.825998e-09	1.258437e-08	3.219488e+01	3.217876e+02
3.820000e-06	3.842428e-09	1.267540e-08	3.233313e+01	3.239530e+02
3.830000e-06	3.858644e-09	1.275775e-08	3.246959e+01	3.260816e+02
3.840000e-06	3.874631e-09	1.283578e-08	3.260411e+01	3.281733e+02
3.850000e-06	3.890364e-09	1.291367e-08	3.273650e+01	3.302277e+02
3.860000e-06	3.905853e-09	1.298892e-08	3.286684e+01	3.322447e+02
3.870000e-06	3.921050e-09	1.306010e-08	3.299471e+01	3.342243e+02
3.880000e-06	3.935993e-09	1.312975e-08	3.312046e+01	3.361664e+02
3.890000e-06	3.950735e-09	1.320208e-08	3.324451e+01	3.380712e+02
3.900000e-06	3.965249e-09	1.327995e-08	3.336664e+01	3.399391e+02
3.910000e-06	3.979576e-09	1.335726e-08	3.348720e+01	3.417704e+02
3.920000e-06	3.993740e-09	1.342614e-08	3.360639e+01	3.435661e+02
3.930000e-06	4.007742e-09	1.349040e-08	3.372421e+01	3.453268e+02
3.940000e-06	4.021577e-09	1.355368e-08	3.384063e+01	3.470537e+02
3.950000e-06	4.035219e-09	1.361327e-08	3.395542e+01	3.487478e+02
3.960000e-06	4.048669e-09	1.367133e-08	3.406860e+01	3.504102e+02
3.970000e-06	4.061920e-09	1.373167e-08	3.418011e+01	3.520420e+02
3.980000e-06	4.074945e-09	1.379257e-08	3.428970e+01	3.536440e+02
3.990000e-06	4.087761e-09	1.385293e-08	3.439755e+01	3.552169e+02
4.000000e-06	4.100393e-09	1.391488e-08	3.450385e+01	3.567611e+02
4.010000e-06	4.112845e-09	1.397515e-08	3.460863e+01	3.582765e+02
4.020000e-06	4.125134e-09	1.402917e-08	3.471204e+01	3.597632e+02
4.030000e-06	4.137274e-09	1.408086e-08	3.481419e+01	3.612206e+02
4.040000e-06	4.149247e-09	1.413507e-08	3.491495e+01	3.626483e+02
4.050000e-06	4.161055e-09	1.418790e-08	3.501430e+01	3.640459e+02
4.060000e-06	4.172691e-09	1.423559e-08	3.511222e+01	3.654129e+02
4.070000e-06	4.184151e-09	1.428244e-08	3.520865e+01	3.667490e+02
4.080000e-06	4.195391e-09	1.433342e-08	3.530324e+01	3.680545e+02
4.090000e-06	4.206330e-09	1.438656e-08	3.539528e+01	3.693297e+02
4.100000e-06	4.216953e-09	1.443573e-08	3.548467e+01	3.705753e+02
4.110000e-06	4.227278e-09	1.447920e-08	3.557155e+01	3.717923e+02
4.120000e-06	4.237267e-09	1.452060e-08	3.565561e+01	3.729819e+02
4.130000e-06	4.246915e-09	1.456233e-08	3.573680e+01	3.741451e+02
4.140000e-06	4.256232e-09	1.460366e-08	3.581519e+01	3.752832e+02
4.150000e-06	4.265217e-09	1.464412e-08	3.589080e+01	3.763970e+02
4.160000e-06	4.273951e-09	1.468586e-08	3.596429e+01	3.774870e+02
4.170000e-06	4.282495e-09	1.473087e-08	3.603619e+01	3.785534e+02
4.180000e-06	4.290843e-09	1.477621e-08	3.610643e+01	3.795962e+02
4.190000e-06	4.299036e-09	1.481638e-08	3.617538e+01	3.806146e+02
4.200000e-06	4.307127e-09	1.484951e-08	3.624346e+01	3.816081e+02
4.210000e-06	4.315112e-09	1.488002e-08	3.631066e+01	3.825758e+02
4.220000e-06	4.322985e-09	1.491617e-08	3.637690e+01	3.835169e+02
4.230000e-06	4.330727e-09	1.495833e-08	3.644205e+01	3.844311e+02
4.240000e-06	4.338325e-09	1.499616e-08	3.650598e+01	3.853181e+02
4.250000e-06	4.345762e-09	1.502640e-08	3.656857e+01	3.861781e+02
4.260000e-06	4.353013e-09	1.505680e-08	3.662958e+01	3.870120e+02
4.270000e-06	4.360057e-09	1.508935e-08	3.668886e+01	3.878209e+02
4.280000e-06	4.366879e-09	1.511989e-08	3.674626e+01	3.886060e+02
4.290000e-06	4.373486e-09	1.514757e-08	3.680186e+01	3.893690e+02
4.300000e-06	4.379904e-09	1.517599e-08	3.685586e+01	3.901113e+02
4.310000e-06	4.386134e-09	1.520518e-08	3.690829e+01	3.908341e+02
4.320000e-06	4.392177e-09	1.522997e-08	3.695914e+01	3.915381e+02
4.330000e-06	4.398041e-09	1.525103e-08	3.700848e+01	3.922237e+02
4.340000e-06	4.403723e-09	1.527421e-08	3.705630e+01	3.928907e+02
4.350000e-06	4.409203e-09	1.530089e-08	3.710241e+01	3.935384e+02
4.360000e-06	4.414451e-09	1.532755e-08	3.714657e+01	3.941658e+02
4.370000e-06	4.419487e-09	1.535668e-08	3.718894e+01	3.947719e+02
4.380000e-06	4.424313e-09	1.538706e-08	3.722955e+01	3.953554e+02
4.390000e-06	4.428934e-09	1.540421e-08	3.726844e+01	3.959156e+02
4.400000e-06	4.433379e-09	1.540823e-08	3.730584e+01	3.964521e+02
4.410000e-06	4.437668e-09	1.541712e-08	3.734194e+01	3.969652e+02
4.420000e-06	4.441839e-09	1.543580e-08	3.737703e+01	3.974557e+02
4.430000e-06	4.445908e-09	1.545457e-08	3.741128e+01	3.979251e+02
4.440000e-06	4.449882e-09	1.547074e-08	3.744471e+01	3.983750e+02
4.450000e-06	4.453757e-09	1.549246e-08	3.747732e+01	3.988074e+02
4.460000e-06	4.457503e-09	1.551877e-08	3.750885e+01	3.992242e+02
4.470000e-06	4.461079e-09	1.553712e-08	3.753894e+01	3.996268e+02
4.480000e-06	4.464435e-09	1.554190e-08	3.756718e+01	4.000160e+02
4.490000e-06	4.467540e-09	1.553982e-08	3.759331e+01	4.003917e+02
4.500000e-06	4.470381e-09	1.554308e-08	3.761721e+01	4.007530e+02
4.510000e-06	4.472934e-09	1.555468e-08	3.763870e+01	4.010982e+02
4.520000e-06	4.475149e-09	1.556840e-08	3.765733e+01	4.014247e+02
4.530000e-06	4.477005e-09	1.558160e-08	3.767295e+01	4.017298e+02
4.540000e-06	4.478515e-09	1.559478e-08	3.768566e+01	4.020105e+02
4.550000e-06	4.479701e-09	1.560705e-08	3.769564e+01	4.022645e+02
4.560000e-06	4.480604e-09	1.561369e-08	3.770324e+01	4.024900e+02
4.570000e-06	4.481260e-09	1.560764e-08	3.770876e+01	4.026865e+02
4.580000e-06	4.481710e-09	1.559361e-08	3.771254e+01	4.028546e+02
4.590000e-06	4.481988e-09	1.558824e-08	3.771488e+01	4.029964e+02
4.600000e-06	4.482143e-09	1.559500e-08	3.771618e+01	4.031153e+02
4.610000e-06	4.482192e-09	1.560338e-08	3.771660e+01	4.032157e+02
4.620000e-06	4.482128e-09	1.561160e-08	3.771606e+01	4.033027e+02
4.630000e-06	4.481941e-09	1.562114e-08	3.771448e+01	4.033814e+02
4.640000e-06	4.481599e-09	1.562270e-08	3.771161e+01	4.034568e+02
4.650000e-06	4.481096e-09	1.561685e-08	3.770738e+01	4.035327e+02
4.660000e-06	4.480388e-09	1.559614e-08	3.770142e+01	4.036118e+02
4.670000e-06	4.479454e-09	1.551740e-08	3.769356e+01	4.036950e+02
4.680000e-06	4.478322e-09	1.545582e-08	3.768403e+01	4.037815e+02
4.690000e-06	4.476981e-09	1.560474e-08	3.767275e+01	4.038687e+02
4.700000e-06	4.475426e-09	1.579428e-08	3.765966e+01	4.039527e+02
4.710000e-06	4.473651e-09	1.566967e-08	3.764473e+01	4.040284e+02
4.720000e-06	4.471648e-09	1.555089e-08	3.762788e+01	4.040902e+02
4.730000e-06	4.469458e-09	1.582698e-08	3.760945e+01	4.041327e+02
4.740000e-06	4.467114e-09	1.593901e-08	3.758972e+01	4.041514e+02
4.750000e-06	4.464591e-09	1.553052e-08	3.756849e+01	4.041429e+02
4.760000e-06	4.461885e-09	1.538977e-08	3.754572e+01	4.041060e+02
4.770000e-06	4.459006e-09	1.583465e-08	3.752149e+01	4.040414e+02
4.780000e-06	4.455924e-09	1.595299e-08	3.749556e+01	4.039523e+02
4.790000e-06	4.452644e-09	1.548682e-08	3.746796e+01	4.038441e+02
4.800000e-06	4.449174e-09	1.539914e-08	3.743876e+01	4.037241e+02
4.810000e-06	4.445541e-09	1.586936e-08	3.740819e+01	4.036011e+02
4.820000e-06	4.441794e-09	1.589747e-08	3.737666e+01	4.034848e+02
4.830000e-06	4.437938e-09	1.542604e-08	3.734421e+01	4.033851e+02
4.840000e-06	4.433974e-09	1.549020e-08	3.731086e+01	4.033111e+02
4.850000e-06	4.429911e-09	1.596508e-08	3.727667e+01	4.032709e+02
4.860000e-06	4.425712e-09	1.581774e-08	3.724133e+01	4.032707e+02
4.870000e-06	4.421360e-09	1.539377e-08	3.720471e+01	4.033144e+02
4.880000e-06	4.416836e-09	1.563963e-08	3.716664e+01	4.034029e+02
4.890000e-06	4.412096e-09	1.597664e-08	3.712675e+01	4.035349e+02
4.900000e-06	4.407080e-09	1.566427e-08	3.708455e+01	4.037059e+02
4.910000e-06	4.401724e-09	1.550779e-08	3.703948e+01	4.039094e+02
4.920000e-06	4.396014e-09	1.593671e-08	3.699143e+01	4.041367e+02
4.930000e-06	4.389941e-09	1.597765e-08	3.694033e+01	4.043778e+02
4.940000e-06	4.383496e-09	1.557036e-08	3.688609e+01	4.046218e+02
4.950000e-06	4.376722e-09	1.573174e-08	3.682909e+01	4.048580e+02
4.960000e-06	4.369668e-09	1.613087e-08	3.676973e+01	4.050761e+02
4.970000e-06	4.362339e-09	1.589078e-08	3.670807e+01	4.052674e+02
4.980000e-06	4.354777e-09	1.568366e-08	3.664443e+01	4.054247e+02
4.990000e-06	4.347048e-09	1.605319e-08	3.657939e+01	4.055434e+02
5.000000e-06	4.339193e-09	1.608869e-08	3.651329e+01	4.056209e+02
5.010000e-06	4.331226e-09	1.570730e-08	3.644625e+01	4.056574e+02
5.020000e-06	4.323166e-09	1.587098e-08	3.637843e+01	4.056550e+02
5.030000e-06	4.315002e-09	1.617442e-08	3.630973e+01	4.056181e+02
5.040000e-06	4.306700e-09	1.588205e-08	3.623987e+01	4.055521e+02
5.050000e-06	4.298237e-09	1.577753e-08	3.616866e+01	4.054633e+02
5.060000e-06	4.289589e-09	1.614447e-08	3.609589e+01	4.053579e+02
5.070000e-06	4.280730e-09	1.605019e-08	3.602135e+01	4.052415e+02
5.080000e-06	4.271659e-09	1.575170e-08	3.594501e+01	4.051183e+02
5.090000e-06	4.262396e-09	1.600012e-08	3.586707e+01	4.049905e+02
5.100000e-06	4.252947e-09	1.608507e-08	3.578756e+01	4.048582e+02
5.110000e-06	4.243292e-09	1.573778e-08	3.570631e+01	4.047192e+02
5.120000e-06	4.233459e-09	1.585542e-08	3.562357e+01	4.045687e+02
5.130000e-06	4.223462e-09	1.611695e-08	3.553945e+01	4.044003e+02
5.140000e-06	4.213292e-09	1.581740e-08	3.545387e+01	4.042059e+02
5.150000e-06	4.202946e-09	1.573983e-08	3.536681e+01	4.039767e+02
5.160000e-06	4.192406e-09	1.608490e-08	3.527812e+01	4.037040e+02
5.170000e-06	4.181654e-09	1.594989e-08	3.518765e+01	4.033798e+02
5.180000e-06	4.170672e-09	1.569722e-08	3.509524e+01	4.029978e+02
5.190000e-06	4.159470e-09	1.592010e-08	3.500097e+01	4.025537e+02
5.200000e-06	4.148058e-09	1.593497e-08	3.490494e+01	4.020459e+02
5.210000e-06	4.136459e-09	1.566585e-08	3.480734e+01	4.014755e+02
5.220000e-06	4.124700e-09	1.571975e-08	3.470839e+01	4.008465e+02
5.230000e-06	4.112769e-09	1.582178e-08	3.460799e+01	4.001650e+02
5.240000e-06	4.100662e-09	1.568443e-08	3.450612e+01	3.994392e+02
5.250000e-06	4.088379e-09	1.563358e-08	3.440276e+01	3.986782e+02
5.260000e-06	4.075877e-09	1.567653e-08	3.429755e+01	3.978916e+02
5.270000e-06	4.063141e-09	1.563082e-08	3.419039e+01	3.970888e+02
5.280000e-06	4.050177e-09	1.557111e-08	3.408130e+01	3.962777e+02
5.290000e-06	4.036921e-09	1.553614e-08	3.396976e+01	3.954647e+02
5.300000e-06	4.023354e-09	1.551560e-08	3.385559e+01	3.946541e+02
5.310000e-06	4.009483e-09	1.548547e-08	3.373887e+01	3.938480e+02
5.320000e-06	3.995239e-09	1.542057e-08	3.361901e+01	3.930463e+02
5.330000e-06	3.980631e-09	1.539681e-08	3.349608e+01	3.922469e+02
5.340000e-06	3.965744e-09	1.539463e-08	3.337081e+01	3.914467e+02
5.350000e-06	3.950600e-09	1.532979e-08	3.324339e+01	3.906413e+02
5.360000e-06	3.935206e-09	1.528525e-08	3.311385e+01	3.898263e+02
5.370000e-06	3.919602e-09	1.529254e-08	3.298254e+01	3.889976e+02
5.380000e-06	3.903859e-09	1.523695e-08	3.285007e+01	3.881518e+02
5.390000e-06	3.888009e-09	1.516524e-08	3.271670e+01	3.872867e+02
5.400000e-06	3.872066e-09	1.516064e-08	3.258254e+01	3.864014e+02
5.410000e-06	3.856037e-09	1.513485e-08	3.244766e+01	3.854960e+02
5.420000e-06	3.839910e-09	1.506551e-08	3.231195e+01	3.845720e+02
5.430000e-06	3.823671e-09	1.503038e-08	3.217530e+01	3.836315e+02
5.440000e-06	3.807301e-09	1.501108e-08	3.203756e+01	3.826772e+02
5.450000e-06	3.790793e-09	1.495739e-08	3.189865e+01	3.817115e+02
5.460000e-06	3.774116e-09	1.491105e-08	3.175831e+01	3.807369e+02
5.470000e-06	3.757247e-09	1.488919e-08	3.161636e+01	3.797548e+02
5.480000e-06	3.740153e-09	1.484870e-08	3.147252e+01	3.787663e+02
5.490000e-06	3.722855e-09	1.479828e-08	3.132696e+01	3.777713e+02
5.500000e-06	3.705399e-09	1.476510e-08	3.118007e+01	3.767692e+02
5.510000e-06	3.687790e-09	1.472898e-08	3.103190e+01	3.757586e+02
5.520000e-06	3.670041e-09	1.467292e-08	3.088255e+01	3.747380e+02
5.530000e-06	3.652153e-09	1.462688e-08	3.073202e+01	3.737057e+02
5.540000e-06	3.634141e-09	1.459601e-08	3.058046e+01	3.726603e+02
5.550000e-06	3.616002e-09	1.455427e-08	3.042782e+01	3.716008e+02
5.560000e-06	3.597724e-09	1.450846e-08	3.027402e+01	3.705267e+02
5.570000e-06	3.579295e-09	1.447116e-08	3.011894e+01	3.694383e+02
5.580000e-06	3.560706e-09	1.442814e-08	2.996252e+01	3.683362e+02
5.590000e-06	3.541935e-09	1.437667e-08	2.980457e+01	3.672219e+02
5.600000e-06	3.522973e-09	1.434114e-08	2.964500e+01	3.660967e+02
5.610000e-06	3.503839e-09	1.430653e-08	2.948400e+01	3.649624e+02
5.620000e-06	3.484528e-09	1.424848e-08	2.932149e+01	3.638202e+02
5.630000e-06	3.465043e-09	1.419512e-08	2.915753e+01	3.626713e+02
5.640000e-06	3.445434e-09	1.416164e-08	2.899253e+01	3.615162e+02
5.650000e-06	3.425729e-09	1.411904e-08	2.882671e+01	3.603551e+02
5.660000e-06	3.405921e-09	1.406184e-08	2.866003e+01	3.591875e+02
5.670000e-06	3.386029e-09	1.401736e-08	2.849265e+01	3.580126e+02
5.680000e-06	3.366078e-09	1.398007e-08	2.832477e+01	3.568293e+02
5.690000e-06	3.346078e-09	1.393290e-08	2.815647e+01	3.556362e+02
5.700000e-06	3.326026e-09	1.388189e-08	2.798774e+01	3.544323e+02
5.710000e-06	3.305902e-09	1.383091e-08	2.781840e+01	3.532165e+02
5.720000e-06	3.285691e-09	1.377897e-08	2.764833e+01	3.519883e+02
5.730000e-06	3.265359e-09	1.373079e-08	2.747723e+01	3.507473e+02
5.740000e-06	3.244857e-09	1.368570e-08	2.730471e+01	3.494936e+02
5.750000e-06	3.224179e-09	1.363172e-08	2.713072e+01	3.482277e+02
5.760000e-06	3.203312e-09	1.357605e-08	2.695513e+01	3.469503e+02
5.770000e-06	3.182202e-09	1.353185e-08	2.677749e+01	3.456622e+02
5.780000e-06	3.160842e-09	1.348825e-08	2.659775e+01	3.443641e+02
5.790000e-06	3.139220e-09	1.343263e-08	2.641581e+01	3.430569e+02
5.800000e-06	3.117304e-09	1.337227e-08	2.623140e+01	3.417409e+02
5.810000e-06	3.095091e-09	1.331653e-08	2.604448e+01	3.404165e+02
5.820000e-06	3.072586e-09	1.326087e-08	2.585511e+01	3.390837e+02
5.830000e-06	3.049838e-09	1.320701e-08	2.566369e+01	3.377424e+02
5.840000e-06	3.026906e-09	1.315602e-08	2.547072e+01	3.363922e+02
5.850000e-06	3.003795e-09	1.310251e-08	2.527625e+01	3.350328e+02
5.860000e-06	2.980501e-09	1.304633e-08	2.508023e+01	3.336637e+02
5.870000e-06	2.957031e-09	1.298948e-08	2.488273e+01	3.322847e+02
5.880000e-06	2.933431e-09	1.293189e-08	2.468415e+01	3.308956e+02
5.890000e-06	2.909742e-09	1.287138e-08	2.448481e+01	3.294964e+02
5.900000e-06	2.885964e-09	1.281073e-08	2.428472e+01	3.280872e+02
5.910000e-06	2.862115e-09	1.275308e-08	2.408404e+01	3.266682e+02
5.920000e-06	2.838200e-09	1.269887e-08	2.388280e+01	3.252398e+02
5.930000e-06	2.814223e-09	1.264476e-08	2.368104e+01	3.238025e+02
5.940000e-06	2.790185e-09	1.258724e-08	2.347877e+01	3.223565e+02
5.950000e-06	2.766071e-09	1.252696e-08	2.327585e+01	3.209024e+02
5.960000e-06	2.741883e-09	1.246407e-08	2.307232e+01	3.194403e+02
5.970000e-06	2.717625e-09	1.240251e-08	2.286819e+01	3.179707e+02
5.980000e-06	2.693279e-09	1.234115e-08	2.266333e+01	3.164938e+02
5.990000e-06	2.668830e-09	1.227622e-08	2.245759e+01	3.150099e+02
6.000000e-06	2.644273e-09	1.221293e-08	2.225095e+01	3.135191e+02
6.010000e-06	2.619581e-09	1.215730e-08	2.204317e+01	3.120218e+02
6.020000e-06	2.594728e-09	1.210304e-08	2.183404e+01	3.105182e+02
6.030000e-06	2.569752e-09	1.204022e-08	2.162388e+01	3.090086e+02
6.040000e-06	2.544665e-09	1.197394e-08	2.141277e+01	3.074932e+02
6.050000e-06	2.519444e-09	1.191149e-08	2.120055e+01	3.059723e+02
6.060000e-06	2.494087e-09	1.185012e-08	2.098717e+01	3.044458e+02
6.070000e-06	2.468631e-09	1.178659e-08	2.077296e+01	3.029136e+02
6.080000e-06	2.443075e-09	1.172470e-08	2.055791e+01	3.013754e+02
6.090000e-06	2.417391e-09	1.166672e-08	2.034179e+01	2.998306e+02
6.100000e-06	2.391609e-09	1.160899e-08	2.012484e+01	2.982785e+02
6.110000e-06	2.365763e-09	1.154664e-08	1.990736e+01	2.967182e+02
6.120000e-06	2.339840e-09	1.147780e-08	1.968922e+01	2.951488e+02
6.130000e-06	2.313818e-09	1.140869e-08	1.947025e+01	2.935693e+02
6.140000e-06	2.287703e-09	1.134420e-08	1.925049e+01	2.919789e+02
6.150000e-06	2.261501e-09	1.128177e-08	1.903002e+01	2.903770e+02
6.160000e-06	2.235212e-09	1.121891e-08	1.880880e+01	2.887633e+02
6.170000e-06	2.208817e-09	1.115719e-08	1.858669e+01	2.871376e+02
6.180000e-06	2.182306e-09	1.109687e-08	1.836361e+01	2.855005e+02
6.190000e-06	2.155696e-09	1.103551e-08	1.813969e+01	2.838524e+02
6.200000e-06	2.128971e-09	1.096992e-08	1.791481e+01	2.821941e+02
6.210000e-06	2.102107e-09	1.089984e-08	1.768875e+01	2.805267e+02
6.220000e-06	2.075112e-09	1.083130e-08	1.746159e+01	2.788510e+02
6.230000e-06	2.047988e-09	1.076438e-08	1.723335e+01	2.771680e+02
6.240000e-06	2.020744e-09	1.069735e-08	1.700410e+01	2.754783e+02
6.250000e-06	1.993402e-09	1.063361e-08	1.677402e+01	2.737821e+02
6.260000e-06	1.965987e-09	1.057082e-08	1.654333e+01	2.720796e+02
6.270000e-06	1.938481e-09	1.050490e-08	1.631188e+01	2.703704e+02
6.280000e-06	1.910898e-09	1.043860e-08	1.607977e+01	2.686538e+02
6.290000e-06	1.883263e-09	1.037382e-08	1.584723e+01	2.669290e+02
6.300000e-06	1.855551e-09	1.030723e-08	1.561404e+01	2.651952e+02
6.310000e-06	1.827780e-09	1.023976e-08	1.538035e+01	2.634513e+02
6.320000e-06	1.799969e-09	1.017171e-08	1.514633e+01	2.616965e+02
6.330000e-06	1.772113e-09	1.009898e-08	1.491192e+01	2.599304e+02
6.340000e-06	1.744225e-09	1.002514e-08	1.467725e+01	2.581525e+02
6.350000e-06	1.716309e-09	9.957092e-09	1.444235e+01	2.563629e+02
6.360000e-06	1.688356e-09	9.892317e-09	1.420713e+01	2.545619e+02
6.370000e-06	1.660364e-09	9.825444e-09	1.397158e+01	2.527501e+02
6.380000e-06	1.632346e-09	9.757409e-09	1.373582e+01	2.509282e+02
6.390000e-06	1.604296e-09	9.688404e-09	1.349978e+01	2.490972e+02
6.400000e-06	1.576197e-09	9.615706e-09	1.326334e+01	2.472577e+02
6.410000e-06	1.548050e-09	9.538528e-09	1.302648e+01	2.454105e+02
6.420000e-06	1.519869e-09	9.458915e-09	1.278935e+01	2.435563e+02
6.430000e-06	1.491657e-09	9.381339e-09	1.255194e+01	2.416953e+02
6.440000e-06	1.463404e-09	9.309837e-09	1.231421e+01	2.398275e+02
6.450000e-06	1.435102e-09	9.244206e-09	1.207605e+01	2.379530e+02
6.460000e-06	1.406742e-09	9.178044e-09	1.183741e+01	2.360713e+02
6.470000e-06	1.378329e-09	9.105489e-09	1.159832e+01	2.341820e+02
6.480000e-06	1.349851e-09	9.026012e-09	1.135868e+01	2.322846e+02
6.490000e-06	1.321302e-09	8.942509e-09	1.111845e+01	2.303787e+02
6.500000e-06	1.292669e-09	8.860505e-09	1.087751e+01	2.284638e+02
6.510000e-06	1.263976e-09	8.783844e-09	1.063607e+01	2.265396e+02
6.520000e-06	1.235221e-09	8.711347e-09	1.039410e+01	2.246060e+02
6.530000e-06	1.206385e-09	8.639341e-09	1.015145e+01	2.226628e+02
6.540000e-06	1.177467e-09	8.564631e-09	9.908111e+00	2.207101e+02
6.550000e-06	1.148451e-09	8.485113e-09	9.663948e+00	2.187481e+02
6.560000e-06	1.119371e-09	8.402608e-09	9.419252e+00	2.167769e+02
6.570000e-06	1.090226e-09	8.321494e-09	9.174000e+00	2.147966e+02
6.580000e-06	1.060988e-09	8.241818e-09	8.927972e+00	2.128073e+02
6.590000e-06	1.031671e-09	8.161365e-09	8.681281e+00	2.108090e+02
6.600000e-06	1.002274e-09	8.082653e-09	8.433908e+00	2.088018e+02
6.610000e-06	9.727770e-10	8.006758e-09	8.185701e+00	2.067854e+02
6.620000e-06	9.432063e-10	7.926801e-09	7.936872e+00	2.047598e+02
6.630000e-06	9.135328e-10	7.841626e-09	7.687178e+00	2.027247e+02
6.640000e-06	8.837652e-10	7.756918e-09	7.436690e+00	2.006800e+02
6.650000e-06	8.539626e-10	7.673227e-09	7.185909e+00	1.986255e+02
6.660000e-06	8.240797e-10	7.591017e-09	6.934452e+00	1.965610e+02
6.670000e-06	7.941172e-10	7.511302e-09	6.682325e+00	1.944866e+02
6.680000e-06	7.640719e-10	7.430825e-09	6.429502e+00	1.924021e+02
6.690000e-06	7.339542e-10	7.349433e-09	6.176070e+00	1.903076e+02
6.700000e-06	7.037844e-10	7.268575e-09	5.922199e+00	1.882033e+02
6.710000e-06	6.735474e-10	7.183444e-09	5.667763e+00	1.860891e+02
6.720000e-06	6.432829e-10	7.095428e-09	5.413096e+00	1.839652e+02
6.730000e-06	6.129946e-10	7.011143e-09	5.158227e+00	1.818316e+02
6.740000e-06	5.826464e-10	6.926435e-09	4.902855e+00	1.796885e+02
6.750000e-06	5.522322e-10	6.837796e-09	4.646927e+00	1.775358e+02
6.760000e-06	5.217802e-10	6.751164e-09	4.390681e+00	1.753735e+02
6.770000e-06	4.913035e-10	6.667910e-09	4.134227e+00	1.732017e+02
6.780000e-06	4.607907e-10	6.583030e-09	3.877469e+00	1.710203e+02
6.790000e-06	4.302308e-10	6.497876e-09	3.620315e+00	1.688290e+02
6.800000e-06	3.996417e-10	6.413980e-09	3.362916e+00	1.666280e+02
6.810000e-06	3.690261e-10	6.327642e-09	3.105293e+00	1.644170e+02
6.820000e-06	3.383825e-10	6.241070e-09	2.847435e+00	1.621959e+02
6.830000e-06	3.077188e-10	6.157970e-09	2.589408e+00	1.599646e+02
6.840000e-06	2.770078e-10	6.070910e-09	2.330983e+00	1.577229e+02
6.850000e-06	2.462724e-10	5.975373e-09	2.072352e+00	1.554705e+02
6.860000e-06	2.155300e-10	5.881135e-09	1.813662e+00	1.532072e+02
6.870000e-06	1.847433e-10	5.792929e-09	1.554599e+00	1.509328e+02
6.880000e-06	1.539427e-10	5.706770e-09	1.295419e+00	1.486469e+02
6.890000e-06	1.231698e-10	5.622572e-09	1.036473e+00	1.463492e+02
6.900000e-06	9.240018e-11	5.539768e-09	7.775553e-01	1.440394e+02
6.910000e-06	6.162526e-11	5.452758e-09	5.185923e-01	1.417171e+02
6.920000e-06	3.085905e-11	5.361500e-09	2.597026e-01	1.393819e+02
6.930000e-06	9.261018e-14	5.271080e-09	8.109093e-04	1.370335e+02
6.940000e-06	-3.067892e-11	5.180630e-09	-2.581241e-01	1.346716e+02
6.950000e-06	-6.145195e-11	5.085674e-09	-5.170716e-01	1.322958e+02
6.960000e-06	-9.223483e-11	4.987381e-09	-7.761018e-01	1.299059e+02
6.970000e-06	-1.230200e-10	4.893036e-09	-1.035151e+00	1.275014e+02
6.980000e-06	-1.537951e-10	4.806863e-09	-1.294116e+00	1.250822e+02
6.990000e-06	-1.845531e-10	4.721361e-09	-1.552938e+00	1.226477e+02
7.000000e-06	-2.152830e-10	4.628772e-09	-1.811523e+00	1.201978e+02
7.010000e-06	-2.459774e-10	4.533906e-09	-2.069808e+00	1.177321e+02
7.020000e-06	-2.766261e-10	4.440257e-09	-2.327709e+00	1.152503e+02
7.030000e-06	-3.072626e-10	4.342262e-09	-2.585508e+00	1.127522e+02
7.040000e-06	-3.379166e-10	4.238069e-09	-2.843454e+00	1.102376e+02
7.050000e-06	-3.685845e-10	4.134428e-09	-3.101517e+00	1.077065e+02
7.060000e-06	-3.992381e-10	4.035131e-09	-3.359459e+00	1.051590e+02
7.070000e-06	-4.298054e-10	3.937665e-09	-3.616676e+00	1.025953e+02
7.080000e-06	-4.603065e-10	3.840430e-09	-3.873335e+00	1.000158e+02
7.090000e-06	-4.907890e-10	3.741972e-09	-4.129837e+00	9.742079e+01
7.100000e-06	-5.212389e-10	3.642335e-09	-4.386065e+00	9.481087e+01
7.110000e-06	-5.516191e-10	3.541479e-09	-4.641708e+00	9.218652e+01
7.120000e-06	-5.819216e-10	3.438233e-09	-4.896697e+00	8.954820e+01
7.130000e-06	-6.121809e-10	3.333213e-09	-5.151322e+00	8.689629e+01
7.140000e-06	-6.423958e-10	3.228676e-09	-5.405572e+00	8.423100e+01
7.150000e-06	-6.725831e-10	3.125059e-09	-5.659590e+00	8.155235e+01
7.160000e-06	-7.027302e-10	3.018442e-09	-5.913270e+00	7.886017e+01
7.170000e-06	-7.327856e-10	2.907865e-09	-6.166179e+00	7.615406e+01
7.180000e-06	-7.627582e-10	2.800294e-09	-6.418392e+00	7.343347e+01
7.190000e-06	-7.926540e-10	2.699276e-09	-6.669957e+00	7.069771e+01
7.200000e-06	-8.224718e-10	2.595947e-09	-6.920867e+00	6.794601e+01
7.210000e-06	-8.522342e-10	2.483992e-09	-7.171310e+00	6.517763e+01
7.220000e-06	-8.819309e-10	2.369842e-09	-7.421199e+00	6.239186e+01
7.230000e-06	-9.115613e-10	2.261605e-09	-7.670531e+00	5.958818e+01
7.240000e-06	-9.411096e-10	2.156039e-09	-7.919173e+00	5.676621e+01
7.250000e-06	-9.705562e-10	2.044680e-09	-8.166959e+00	5.392579e+01
7.260000e-06	-9.999340e-10	1.927434e-09	-8.414165e+00	5.106696e+01
7.270000e-06	-1.029246e-09	1.810849e-09	-8.660820e+00	4.818998e+01
7.280000e-06	-1.058470e-09	1.697733e-09	-8.906735e+00	4.529520e+01
7.290000e-06	-1.087605e-09	1.585681e-09	-9.151896e+00	4.238313e+01
7.300000e-06	-1.116653e-09	1.471222e-09	-9.396325e+00	3.945427e+01
7.310000e-06	-1.145619e-09	1.353847e-09	-9.640069e+00	3.650913e+01
7.320000e-06	-1.174490e-09	1.237717e-09	-9.883012e+00	3.354818e+01
7.330000e-06	-1.203273e-09	1.124899e-09	-1.012521e+01	3.057179e+01
7.340000e-06	-1.231984e-09	1.010197e-09	-1.036681e+01	2.758028e+01
7.350000e-06	-1.260618e-09	8.888923e-10	-1.060776e+01	2.457388e+01
7.360000e-06	-1.289176e-09	7.664796e-10	-1.084807e+01	2.155278e+01
7.370000e-06	-1.317672e-09	6.480060e-10	-1.108785e+01	1.851717e+01
7.380000e-06	-1.346107e-09	5.304876e-10	-1.132713e+01	1.546727e+01
7.390000e-06	-1.374469e-09	4.144392e-10	-1.156579e+01	1.240332e+01
7.400000e-06	-1.402776e-09	2.977269e-10	-1.180398e+01	9.325676e+00
7.410000e-06	-1.431047e-09	1.757158e-10	-1.204188e+01	6.234710e+00
7.420000e-06	-1.459270e-09	5.300032e-11	-1.227937e+01	3.130854e+00
7.430000e-06	-1.487459e-09	-6.785638e-11	-1.251658e+01	1.453898e-02
7.440000e-06	-1.515620e-09	-1.906866e-10	-1.275355e+01	-3.113855e+00
7.450000e-06	-1.543726e-09	-3.176243e-10	-1.299005e+01	-6.254046e+00
7.460000e-06	-1.571776e-09	-4.418150e-10	-1.322608e+01	-9.405899e+00
7.470000e-06	-1.599799e-09	-5.567708e-10	-1.346190e+01	-1.256946e+01
7.480000e-06	-1.627799e-09	-6.699333e-10	-1.369751e+01	-1.574497e+01
7.490000e-06	-1.655770e-09	-7.924189e-10	-1.393287e+01	-1.893285e+01
7.500000e-06	-1.683719e-09	-9.230675e-10	-1.416806e+01	-2.213368e+01
7.510000e-06	-1.711651e-09	-1.051445e-09	-1.440311e+01	-2.534815e+01
7.520000e-06	-1.739546e-09	-1.176458e-09	-1.463784e+01	-2.857697e+01
7.530000e-06	-1.767397e-09	-1.301913e-09	-1.487220e+01	-3.182081e+01
7.540000e-06	-1.795209e-09	-1.427429e-09	-1.510623e+01	-3.508023e+01
7.550000e-06	-1.822970e-09	-1.550788e-09	-1.533983e+01	-3.835562e+01
7.560000e-06	-1.850671e-09	-1.670214e-09	-1.557293e+01	-4.164716e+01
7.570000e-06	-1.878303e-09	-1.791054e-09	-1.580544e+01	-4.495480e+01
7.580000e-06	-1.905871e-09	-1.922117e-09	-1.603742e+01	-4.827827e+01
7.590000e-06	-1.933359e-09	-2.060289e-09	-1.626873e+01	-5.161713e+01
7.600000e-06	-1.960751e-09	-2.192083e-09	-1.649923e+01	-5.497078e+01
7.610000e-06	-1.988057e-09	-2.318505e-09	-1.672901e+01	-5.833854e+01
7.620000e-06	-2.015253e-09	-2.445408e-09	-1.695785e+01	-6.171971e+01
7.630000e-06	-2.042330e-09	-2.571379e-09	-1.718569e+01	-6.511361e+01
7.640000e-06	-2.069282e-09	-2.698390e-09	-1.741249e+01	-6.851961e+01
7.650000e-06	-2.096108e-09	-2.828895e-09	-1.763823e+01	-7.193714e+01
7.660000e-06	-2.122836e-09	-2.964506e-09	-1.786314e+01	-7.536573e+01
7.670000e-06	-2.149467e-09	-3.104081e-09	-1.808723e+01	-7.880492e+01
7.680000e-06	-2.175986e-09	-3.243983e-09	-1.831038e+01	-8.225428e+01
7.690000e-06	-2.202404e-09	-3.378351e-09	-1.853269e+01	-8.571337e+01
7.700000e-06	-2.228723e-09	-3.505495e-09	-1.875416e+01	-8.918171e+01
7.710000e-06	-2.254947e-09	-3.631099e-09	-1.897482e+01	-9.265876e+01
7.720000e-06	-2.281074e-09	-3.761565e-09	-1.919467e+01	-9.614391e+01
7.730000e-06	-2.307090e-09	-3.900394e-09	-1.941359e+01	-9.963651e+01
7.740000e-06	-2.333012e-09	-4.044892e-09	-1.963172e+01	-1.031359e+02
7.750000e-06	-2.358862e-09	-4.189910e-09	-1.984925e+01	-1.066415e+02
7.760000e-06	-2.384621e-09	-4.329116e-09	-2.006600e+01	-1.101527e+02
7.770000e-06	-2.410265e-09	-4.461375e-09	-2.028179e+01	-1.136692e+02
7.780000e-06	-2.435801e-09	-4.592434e-09	-2.049667e+01	-1.171907e+02
7.790000e-06	-2.461214e-09	-4.726200e-09	-2.071051e+01	-1.207170e+02
7.800000e-06	-2.486477e-09	-4.863325e-09	-2.092309e+01	-1.242482e+02
7.810000e-06	-2.511616e-09	-5.003491e-09	-2.113463e+01	-1.277844e+02
7.820000e-06	-2.536642e-09	-5.146197e-09	-2.134522e+01	-1.313258e+02
7.830000e-06	-2.561520e-09	-5.289511e-09	-2.155456e+01	-1.348724e+02
7.840000e-06	-2.586259e-09	-5.431352e-09	-2.176274e+01	-1.384243e+02
7.850000e-06	-2.610868e-09	-5.568550e-09	-2.196982e+01	-1.419811e+02
7.860000e-06	-2.635380e-09	-5.704514e-09	-2.217608e+01	-1.455424e+02
7.870000e-06	-2.659813e-09	-5.845881e-09	-2.238168e+01	-1.491073e+02
7.880000e-06	-2.684151e-09	-5.989951e-09	-2.258647e+01	-1.526747e+02
7.890000e-06	-2.708389e-09	-6.132784e-09	-2.279043e+01	-1.562431e+02
7.900000e-06	-2.732539e-09	-6.274254e-09	-2.299365e+01	-1.598111e+02
7.910000e-06	-2.756624e-09	-6.412895e-09	-2.319632e+01	-1.633768e+02
7.920000e-06	-2.780648e-09	-6.547501e-09	-2.339848e+01	-1.669385e+02
7.930000e-06	-2.804619e-09	-6.686221e-09	-2.360019e+01	-1.704946e+02
7.940000e-06	-2.828539e-09	-6.833239e-09	-2.380146e+01	-1.740433e+02
7.950000e-06	-2.852410e-09	-6.979033e-09	-2.400234e+01	-1.775833e+02
7.960000e-06	-2.876201e-09	-7.117962e-09	-2.420253e+01	-1.811136e+02
7.970000e-06	-2.899884e-09	-7.253802e-09	-2.440182e+01	-1.846330e+02
7.980000e-06	-2.923460e-09	-7.388865e-09	-2.460021e+01	-1.881408e+02
7.990000e-06	-2.946915e-09	-7.520975e-09	-2.479757e+01	-1.916363e+02
8.000000e-06	-2.970236e-09	-7.653140e-09	-2.499382e+01	-1.951187e+02
8.010000e-06	-2.993388e-09	-7.788870e-09	-2.518864e+01	-1.985874e+02
8.020000e-06	-3.016358e-09	-7.927824e-09	-2.538193e+01	-2.020415e+02
8.030000e-06	-3.039128e-09	-8.069361e-09	-2.557353e+01	-2.054801e+02
8.040000e-06	-3.061659e-09	-8.207354e-09	-2.576312e+01	-2.089018e+02
8.050000e-06	-3.083958e-09	-8.337389e-09	-2.595076e+01	-2.123057e+02
8.060000e-06	-3.106030e-09	-8.461647e-09	-2.613649e+01	-2.156901e+02
8.070000e-06	-3.127833e-09	-8.584320e-09	-2.631996e+01	-2.190539e+02
8.080000e-06	-3.149346e-09	-8.709817e-09	-2.650099e+01	-2.223957e+02
8.090000e-06	-3.170622e-09	-8.840887e-09	-2.668002e+01	-2.257144e+02
8.100000e-06	-3.191673e-09	-8.977894e-09	-2.685716e+01	-2.290090e+02
8.110000e-06	-3.212500e-09	-9.114588e-09	-2.703241e+01	-2.322789e+02
8.120000e-06	-3.233119e-09	-9.243737e-09	-2.720591e+01	-2.355236e+02
8.130000e-06	-3.253566e-09	-9.365113e-09	-2.737798e+01	-2.387429e+02
8.140000e-06	-3.273880e-09	-9.482605e-09	-2.754891e+01	-2.419368e+02
8.150000e-06	-3.294105e-09	-9.599982e-09	-2.771910e+01	-2.451052e+02
8.160000e-06	-3.314253e-09	-9.720394e-09	-2.788864e+01	-2.482481e+02
8.170000e-06	-3.334304e-09	-9.842746e-09	-2.805737e+01	-2.513654e+02
8.180000e-06	-3.354277e-09	-9.964128e-09	-2.822543e+01	-2.544568e+02
8.190000e-06	-3.374191e-09	-1.008663e-08	-2.839301e+01	-2.575218e+02
8.200000e-06	-3.394043e-09	-1.020717e-08	-2.856006e+01	-2.605593e+02
8.210000e-06	-3.413812e-09	-1.032024e-08	-2.872641e+01	-2.635684e+02
8.220000e-06	-3.433476e-09	-1.042843e-08	-2.889188e+01	-2.665476e+02
8.230000e-06	-3.452999e-09	-1.053650e-08	-2.905616e+01	-2.694955e+02
8.240000e-06	-3.472375e-09	-1.064679e-08	-2.921920e+01	-2.724105e+02
8.250000e-06	-3.491597e-09	-1.076159e-08	-2.938095e+01	-2.752912e+02
8.260000e-06	-3.510647e-09	-1.087871e-08	-2.954126e+01	-2.781361e+02
8.270000e-06	-3.529496e-09	-1.099156e-08	-2.969987e+01	-2.809441e+02
8.280000e-06	-3.548162e-09	-1.110137e-08	-2.985694e+01	-2.837143e+02
8.290000e-06	-3.566661e-09	-1.120942e-08	-3.001260e+01	-2.864462e+02
8.300000e-06	-3.584992e-09	-1.131148e-08	-3.016685e+01	-2.891395e+02
8.310000e-06	-3.603183e-09	-1.140809e-08	-3.031993e+01	-2.917941e+02
8.320000e-06	-3.621243e-09	-1.150384e-08	-3.047190e+01	-2.944103e+02
8.330000e-06	-3.639168e-09	-1.160222e-08	-3.062273e+01	-2.969884e+02
8.340000e-06	-3.656964e-09	-1.170473e-08	-3.077248e+01	-2.995290e+02
8.350000e-06	-3.674641e-09	-1.181096e-08	-3.092123e+01	-3.020323e+02
8.360000e-06	-3.692164e-09	-1.191303e-08	-3.106868e+01	-3.044989e+02
8.370000e-06	-3.709505e-09	-1.200536e-08	-3.121460e+01	-3.069292e+02
8.380000e-06	-3.726672e-09	-1.209476e-08	-3.135906e+01	-3.093234e+02
8.390000e-06	-3.743672e-09	-1.218639e-08	-3.150211e+01	-3.116816e+02
8.400000e-06	-3.760461e-09	-1.227812e-08	-3.164338e+01	-3.140039e+02
8.410000e-06	-3.777050e-09	-1.236700e-08	-3.178298e+01	-3.162904e+02
8.420000e-06	-3.793498e-09	-1.245617e-08	-3.192139e+01	-3.185408e+02
8.430000e-06	-3.809819e-09	-1.254710e-08	-3.205872e+01	-3.207550e+02
8.440000e-06	-3.826024e-09	-1.263796e-08	-3.219509e+01	-3.229327e+02
8.450000e-06	-3.842121e-09	-1.272352e-08	-3.233054e+01	-3.250738e+02
8.460000e-06	-3.858122e-09	-1.280079e-08	-3.246518e+01	-3.271780e+02
8.470000e-06	-3.874038e-09	-1.288153e-08	-3.259911e+01	-3.292451e+02
8.480000e-06	-3.889848e-09	-1.296718e-08	-3.273215e+01	-3.312748e+02
8.490000e-06	-3.905515e-09	-1.304856e-08	-3.286398e+01	-3.332671e+02
8.500000e-06	-3.921023e-09	-1.312607e-08	-3.299448e+01	-3.352218e+02
8.510000e-06	-3.936340e-09	-1.320543e-08	-3.312337e+01	-3.371392e+02
8.520000e-06	-3.951407e-09	-1.328479e-08	-3.325016e+01	-3.390195e+02
8.530000e-06	-3.966151e-09	-1.335503e-08	-3.337422e+01	-3.408631e+02
8.540000e-06	-3.980539e-09	-1.341805e-08	-3.349529e+01	-3.426706e+02
8.550000e-06	-3.994620e-09	-1.348016e-08	-3.361378e+01	-3.444430e+02
8.560000e-06	-4.008384e-09	-1.354852e-08	-3.372960e+01	-3.461812e+02
8.570000e-06	-4.021826e-09	-1.362432e-08	-3.384272e+01	-3.478863e+02
8.580000e-06	-4.034977e-09	-1.369873e-08	-3.395338e+01	-3.495593e+02
8.590000e-06	-4.047841e-09	-1.377161e-08	-3.406162e+01	-3.512014e+02
8.600000e-06	-4.060483e-09	-1.384476e-08	-3.416800e+01	-3.528134e+02
8.610000e-06	-4.072932e-09	-1.391330e-08	-3.427276e+01	-3.543962e+02
8.620000e-06	-4.085191e-09	-1.397096e-08	-3.437592e+01	-3.559500e+02
8.630000e-06	-4.097296e-09	-1.401842e-08	-3.447778e+01	-3.574753e+02
8.640000e-06	-4.109258e-09	-1.406409e-08	-3.457843e+01	-3.589717e+02
8.650000e-06	-4.121065e-09	-1.412018e-08	-3.467779e+01	-3.604391e+02
8.660000e-06	-4.132700e-09	-1.418715e-08	-3.477570e+01	-3.618769e+02
8.670000e-06	-4.144152e-09	-1.425089e-08	-3.487206e+01	-3.632847e+02
8.680000e-06	-4.155392e-09	-1.430974e-08	-3.496664e+01	-3.646621e+02
8.690000e-06	-4.166404e-09	-1.437046e-08	-3.505931e+01	-3.660086e+02
8.700000e-06	-4.177201e-09	-1.442811e-08	-3.515016e+01	-3.673244e+02
8.710000e-06	-4.187793e-09	-1.447380e-08	-3.523929e+01	-3.686098e+02
8.720000e-06	-4.198209e-09	-1.451362e-08	-3.532694e+01	-3.698653e+02
8.730000e-06	-4.208474e-09	-1.455670e-08	-3.541332e+01	-3.710919e+02
8.740000e-06	-4.218571e-09	-1.460326e-08	-3.549829e+01	-3.722906e+02
8.750000e-06	-4.228513e-09	-1.465369e-08	-3.558194e+01	-3.734626e+02
8.760000e-06	-4.238286e-09	-1.470655e-08	-3.566418e+01	-3.746091e+02
8.770000e-06	-4.247883e-09	-1.475937e-08	-3.574494e+01	-3.757310e+02
8.780000e-06	-4.257308e-09	-1.480862e-08	-3.582425e+01	-3.768291e+02
8.790000e-06	-4.266520e-09	-1.485217e-08	-3.590177e+01	-3.779035e+02
8.800000e-06	-4.275505e-09	-1.488990e-08	-3.597737e+01	-3.789543e+02
8.810000e-06	-4.284271e-09	-1.492182e-08	-3.605113e+01	-3.799810e+02
8.820000e-06	-4.292838e-09	-1.495292e-08	-3.612322e+01	-3.809829e+02
8.830000e-06	-4.301238e-09	-1.498859e-08	-3.619391e+01	-3.819594e+02
8.840000e-06	-4.309488e-09	-1.502936e-08	-3.626333e+01	-3.829095e+02
8.850000e-06	-4.317608e-09	-1.506995e-08	-3.633166e+01	-3.838328e+02
8.860000e-06	-4.325632e-09	-1.510795e-08	-3.639917e+01	-3.847289e+02
8.870000e-06	-4.333559e-09	-1.514601e-08	-3.646588e+01	-3.855979e+02
8.880000e-06	-4.341385e-09	-1.518304e-08	-3.653173e+01	-3.864406e+02
8.890000e-06	-4.349091e-09	-1.521538e-08	-3.659658e+01	-3.872578e+02
8.900000e-06	-4.356639e-09	-1.523861e-08	-3.666010e+01	-3.880508e+02
8.910000e-06	-4.364004e-09	-1.525935e-08	-3.672207e+01	-3.888211e+02
8.920000e-06	-4.371130e-09	-1.528902e-08	-3.678203e+01	-3.895703e+02
8.930000e-06	-4.377998e-09	-1.532413e-08	-3.683983e+01	-3.902996e+02
8.940000e-06	-4.384551e-09	-1.535578e-08	-3.689497e+01	-3.910099e+02
8.950000e-06	-4.390766e-09	-1.538209e-08	-3.694727e+01	-3.917017e+02
8.960000e-06	-4.396658e-09	-1.540809e-08	-3.699685e+01	-3.923750e+02
8.970000e-06	-4.402204e-09	-1.543613e-08	-3.704352e+01	-3.930293e+02
8.980000e-06	-4.407418e-09	-1.546468e-08	-3.708739e+01	-3.936636e+02
8.990000e-06	-4.412317e-09	-1.549174e-08	-3.712861e+01	-3.942770e+02
9.000000e-06	-4.416960e-09	-1.551593e-08	-3.716768e+01	-3.948681e+02
9.010000e-06	-4.421405e-09	-1.554084e-08	-3.720509e+01	-3.954362e+02
9.020000e-06	-4.425683e-09	-1.556508e-08	-3.724108e+01	-3.959807e+02
9.030000e-06	-4.429831e-09	-1.558044e-08	-3.727599e+01	-3.965017e+02
9.040000e-06	-4.433872e-09	-1.558647e-08	-3.730999e+01	-3.969997e+02
9.050000e-06	-4.437802e-09	-1.559844e-08	-3.734307e+01	-3.974761e+02
9.060000e-06	-4.441627e-09	-1.562778e-08	-3.737525e+01	-3.979324e+02
9.070000e-06	-4.445355e-09	-1.566585e-08	-3.740662e+01	-3.983706e+02
9.080000e-06	-4.448941e-09	-1.570033e-08	-3.743680e+01	-3.987925e+02
9.090000e-06	-4.452313e-09	-1.572421e-08	-3.746517e+01	-3.991998e+02
9.100000e-06	-4.455441e-09	-1.573860e-08	-3.749150e+01	-3.995935e+02
9.110000e-06	-4.458331e-09	-1.574687e-08	-3.751581e+01	-3.999738e+02
9.120000e-06	-4.461007e-09	-1.574865e-08	-3.753833e+01	-4.003400e+02
9.130000e-06	-4.463494e-09	-1.574922e-08	-3.755926e+01	-4.006908e+02
9.140000e-06	-4.465812e-09	-1.575832e-08	-3.757877e+01	-4.010237e+02
9.150000e-06	-4.467987e-09	-1.578440e-08	-3.759707e+01	-4.013362e+02
9.160000e-06	-4.470025e-09	-1.582175e-08	-3.761421e+01	-4.016254e+02
9.170000e-06	-4.471922e-09	-1.585288e-08	-3.763018e+01	-4.018886e+02
9.180000e-06	-4.473601e-09	-1.586774e-08	-3.764431e+01	-4.021238e+02
9.190000e-06	-4.474968e-09	-1.586988e-08	-3.765581e+01	-4.023301e+02
9.200000e-06	-4.476102e-09	-1.587098e-08	-3.766535e+01	-4.025077e+02
9.210000e-06	-4.477090e-09	-1.587348e-08	-3.767367e+01	-4.026582e+02
9.220000e-06	-4.477887e-09	-1.587575e-08	-3.768038e+01	-4.027846e+02
9.230000e-06	-4.478497e-09	-1.588474e-08	-3.768551e+01	-4.028909e+02
9.240000e-06	-4.478950e-09	-1.590535e-08	-3.768932e+01	-4.029820e+02
