# Temperatura_=_20.0
# Concentracion g/m^3_=_10770.0
# C_Vs_to_Am_M_A/Vsm_=_25649819763.59163
# pendiente_HvsI_1/m_=_3716.3
# ordenada_HvsI_A/m_=_1297.0
# frecuencia_Hz_=_108078.9709092367
# Promedio de 25 ciclos

Tiempo_(s)	Campo_(V.s)	Magnetizacion_(V.s)	Campo_(kA/m)	Magnetizacion_(A/m)
0.000000e+00	-3.721154e-09	-9.379755e-09	-3.172903e+01	-2.398391e+02
1.000000e-08	-3.721279e-09	-9.385180e-09	-3.173010e+01	-2.398870e+02
2.000000e-08	-3.721282e-09	-9.388950e-09	-3.173013e+01	-2.399244e+02
3.000000e-08	-3.721189e-09	-9.393660e-09	-3.172933e+01	-2.399515e+02
4.000000e-08	-3.721007e-09	-9.396477e-09	-3.172778e+01	-2.399678e+02
5.000000e-08	-3.720716e-09	-9.357334e-09	-3.172530e+01	-2.399727e+02
6.000000e-08	-3.720305e-09	-9.286877e-09	-3.172179e+01	-2.399650e+02
7.000000e-08	-3.719720e-09	-9.323232e-09	-3.171680e+01	-2.399438e+02
8.000000e-08	-3.718928e-09	-9.465540e-09	-3.171006e+01	-2.399081e+02
9.000000e-08	-3.717951e-09	-9.486611e-09	-3.170172e+01	-2.398574e+02
1.000000e-07	-3.716785e-09	-9.386040e-09	-3.169178e+01	-2.397921e+02
1.100000e-07	-3.715381e-09	-9.378393e-09	-3.167981e+01	-2.397129e+02
1.200000e-07	-3.713693e-09	-9.376324e-09	-3.166542e+01	-2.396215e+02
1.300000e-07	-3.711747e-09	-9.277650e-09	-3.164882e+01	-2.395205e+02
1.400000e-07	-3.709525e-09	-9.286295e-09	-3.162988e+01	-2.394128e+02
1.500000e-07	-3.706984e-09	-9.398843e-09	-3.160821e+01	-2.393015e+02
1.600000e-07	-3.704157e-09	-9.378444e-09	-3.158411e+01	-2.391898e+02
1.700000e-07	-3.701058e-09	-9.293757e-09	-3.155769e+01	-2.390804e+02
1.800000e-07	-3.697714e-09	-9.346275e-09	-3.152917e+01	-2.389752e+02
1.900000e-07	-3.694178e-09	-9.425809e-09	-3.149902e+01	-2.388752e+02
2.000000e-07	-3.690479e-09	-9.370964e-09	-3.146748e+01	-2.387801e+02
2.100000e-07	-3.686640e-09	-9.292441e-09	-3.143475e+01	-2.386887e+02
2.200000e-07	-3.682698e-09	-9.327227e-09	-3.140114e+01	-2.385986e+02
2.300000e-07	-3.678674e-09	-9.380648e-09	-3.136682e+01	-2.385068e+02
2.400000e-07	-3.674569e-09	-9.356866e-09	-3.133183e+01	-2.384098e+02
2.500000e-07	-3.670383e-09	-9.335499e-09	-3.129613e+01	-2.383042e+02
2.600000e-07	-3.666109e-09	-9.351929e-09	-3.125969e+01	-2.381872e+02
2.700000e-07	-3.661739e-09	-9.323823e-09	-3.122243e+01	-2.380567e+02
2.800000e-07	-3.657255e-09	-9.266920e-09	-3.118419e+01	-2.379117e+02
2.900000e-07	-3.652624e-09	-9.273059e-09	-3.114470e+01	-2.377526e+02
3.000000e-07	-3.647826e-09	-9.291039e-09	-3.110379e+01	-2.375809e+02
3.100000e-07	-3.642826e-09	-9.244495e-09	-3.106116e+01	-2.373991e+02
3.200000e-07	-3.637602e-09	-9.242419e-09	-3.101662e+01	-2.372108e+02
3.300000e-07	-3.632176e-09	-9.312846e-09	-3.097035e+01	-2.370194e+02
3.400000e-07	-3.626578e-09	-9.293593e-09	-3.092262e+01	-2.368288e+02
3.500000e-07	-3.620835e-09	-9.196797e-09	-3.087365e+01	-2.366418e+02
3.600000e-07	-3.614933e-09	-9.190150e-09	-3.082333e+01	-2.364605e+02
3.700000e-07	-3.608861e-09	-9.224270e-09	-3.077156e+01	-2.362857e+02
3.800000e-07	-3.602639e-09	-9.175967e-09	-3.071850e+01	-2.361168e+02
3.900000e-07	-3.596280e-09	-9.162741e-09	-3.066428e+01	-2.359519e+02
4.000000e-07	-3.589783e-09	-9.241343e-09	-3.060888e+01	-2.357874e+02
4.100000e-07	-3.583124e-09	-9.235889e-09	-3.055211e+01	-2.356192e+02
4.200000e-07	-3.576290e-09	-9.154563e-09	-3.049383e+01	-2.354423e+02
4.300000e-07	-3.569287e-09	-9.163666e-09	-3.043412e+01	-2.352514e+02
4.400000e-07	-3.562106e-09	-9.177351e-09	-3.037289e+01	-2.350416e+02
4.500000e-07	-3.554736e-09	-9.093856e-09	-3.031005e+01	-2.348084e+02
4.600000e-07	-3.547179e-09	-9.082822e-09	-3.024562e+01	-2.345482e+02
4.700000e-07	-3.539467e-09	-9.158920e-09	-3.017986e+01	-2.342587e+02
4.800000e-07	-3.531647e-09	-9.125684e-09	-3.011318e+01	-2.339382e+02
4.900000e-07	-3.523726e-09	-9.063772e-09	-3.004564e+01	-2.335866e+02
5.000000e-07	-3.515709e-09	-9.108257e-09	-2.997728e+01	-2.332044e+02
5.100000e-07	-3.507609e-09	-9.095053e-09	-2.990822e+01	-2.327930e+02
5.200000e-07	-3.499423e-09	-8.989169e-09	-2.983842e+01	-2.323542e+02
5.300000e-07	-3.491153e-09	-8.986717e-09	-2.976790e+01	-2.318899e+02
5.400000e-07	-3.482784e-09	-9.027654e-09	-2.969654e+01	-2.314024e+02
5.500000e-07	-3.474284e-09	-8.970692e-09	-2.962407e+01	-2.308935e+02
5.600000e-07	-3.465610e-09	-8.940594e-09	-2.955011e+01	-2.303648e+02
5.700000e-07	-3.456725e-09	-8.973542e-09	-2.947435e+01	-2.298177e+02
5.800000e-07	-3.447611e-09	-8.925448e-09	-2.939664e+01	-2.292534e+02
5.900000e-07	-3.438264e-09	-8.856280e-09	-2.931694e+01	-2.286727e+02
6.000000e-07	-3.428685e-09	-8.874960e-09	-2.923526e+01	-2.280764e+02
6.100000e-07	-3.418847e-09	-8.863384e-09	-2.915137e+01	-2.274652e+02
6.200000e-07	-3.408746e-09	-8.795531e-09	-2.906525e+01	-2.268400e+02
6.300000e-07	-3.398406e-09	-8.792767e-09	-2.897709e+01	-2.262016e+02
6.400000e-07	-3.387811e-09	-8.802035e-09	-2.888675e+01	-2.255510e+02
6.500000e-07	-3.376948e-09	-8.739868e-09	-2.879412e+01	-2.248892e+02
6.600000e-07	-3.365842e-09	-8.697184e-09	-2.869942e+01	-2.242173e+02
6.700000e-07	-3.354537e-09	-8.701999e-09	-2.860303e+01	-2.235362e+02
6.800000e-07	-3.343041e-09	-8.671695e-09	-2.850500e+01	-2.228469e+02
6.900000e-07	-3.331351e-09	-8.632248e-09	-2.840533e+01	-2.221498e+02
7.000000e-07	-3.319507e-09	-8.627517e-09	-2.830434e+01	-2.214455e+02
7.100000e-07	-3.307520e-09	-8.606421e-09	-2.820213e+01	-2.207341e+02
7.200000e-07	-3.295413e-09	-8.561434e-09	-2.809890e+01	-2.200155e+02
7.300000e-07	-3.283191e-09	-8.533928e-09	-2.799469e+01	-2.192895e+02
7.400000e-07	-3.270826e-09	-8.506481e-09	-2.788925e+01	-2.185559e+02
7.500000e-07	-3.258329e-09	-8.463343e-09	-2.778270e+01	-2.178143e+02
7.600000e-07	-3.245691e-09	-8.438101e-09	-2.767494e+01	-2.170646e+02
7.700000e-07	-3.232877e-09	-8.425488e-09	-2.756567e+01	-2.163065e+02
7.800000e-07	-3.219867e-09	-8.395173e-09	-2.745475e+01	-2.155401e+02
7.900000e-07	-3.206682e-09	-8.361610e-09	-2.734232e+01	-2.147655e+02
8.000000e-07	-3.193337e-09	-8.340352e-09	-2.722853e+01	-2.139829e+02
8.100000e-07	-3.179818e-09	-8.309816e-09	-2.711326e+01	-2.131924e+02
8.200000e-07	-3.166145e-09	-8.262524e-09	-2.699667e+01	-2.123943e+02
8.300000e-07	-3.152319e-09	-8.221757e-09	-2.687879e+01	-2.115885e+02
8.400000e-07	-3.138338e-09	-8.193701e-09	-2.675957e+01	-2.107750e+02
8.500000e-07	-3.124238e-09	-8.167239e-09	-2.663934e+01	-2.099534e+02
8.600000e-07	-3.110036e-09	-8.138821e-09	-2.651825e+01	-2.091233e+02
8.700000e-07	-3.095716e-09	-8.108572e-09	-2.639615e+01	-2.082842e+02
8.800000e-07	-3.081249e-09	-8.075875e-09	-2.627279e+01	-2.074353e+02
8.900000e-07	-3.066598e-09	-8.044849e-09	-2.614787e+01	-2.065761e+02
9.000000e-07	-3.051769e-09	-8.013356e-09	-2.602143e+01	-2.057061e+02
9.100000e-07	-3.036754e-09	-7.974199e-09	-2.589340e+01	-2.048252e+02
9.200000e-07	-3.021500e-09	-7.935887e-09	-2.576334e+01	-2.039335e+02
9.300000e-07	-3.005967e-09	-7.907278e-09	-2.563089e+01	-2.030312e+02
9.400000e-07	-2.990205e-09	-7.878683e-09	-2.549649e+01	-2.021190e+02
9.500000e-07	-2.974290e-09	-7.838771e-09	-2.536080e+01	-2.011980e+02
9.600000e-07	-2.958184e-09	-7.795978e-09	-2.522347e+01	-2.002690e+02
9.700000e-07	-2.941883e-09	-7.762972e-09	-2.508447e+01	-1.993331e+02
9.800000e-07	-2.925401e-09	-7.733932e-09	-2.494394e+01	-1.983913e+02
9.900000e-07	-2.908749e-09	-7.697699e-09	-2.480195e+01	-1.974444e+02
1.000000e-06	-2.891939e-09	-7.656164e-09	-2.465861e+01	-1.964929e+02
1.010000e-06	-2.874995e-09	-7.620245e-09	-2.451414e+01	-1.955368e+02
1.020000e-06	-2.857937e-09	-7.590287e-09	-2.436870e+01	-1.945761e+02
1.030000e-06	-2.840769e-09	-7.554397e-09	-2.422231e+01	-1.936101e+02
1.040000e-06	-2.823499e-09	-7.510762e-09	-2.407505e+01	-1.926383e+02
1.050000e-06	-2.806123e-09	-7.468939e-09	-2.392690e+01	-1.916598e+02
1.060000e-06	-2.788665e-09	-7.434055e-09	-2.377803e+01	-1.906738e+02
1.070000e-06	-2.771118e-09	-7.401385e-09	-2.362842e+01	-1.896795e+02
1.080000e-06	-2.753485e-09	-7.364748e-09	-2.347807e+01	-1.886765e+02
1.090000e-06	-2.735783e-09	-7.325436e-09	-2.332713e+01	-1.876647e+02
1.100000e-06	-2.718009e-09	-7.288075e-09	-2.317558e+01	-1.866439e+02
1.110000e-06	-2.700131e-09	-7.249041e-09	-2.302314e+01	-1.856148e+02
1.120000e-06	-2.682131e-09	-7.202110e-09	-2.286966e+01	-1.845777e+02
1.130000e-06	-2.664011e-09	-7.150971e-09	-2.271515e+01	-1.835336e+02
1.140000e-06	-2.645772e-09	-7.106396e-09	-2.255964e+01	-1.824831e+02
1.150000e-06	-2.627418e-09	-7.072030e-09	-2.240314e+01	-1.814269e+02
1.160000e-06	-2.608914e-09	-7.040537e-09	-2.224536e+01	-1.803657e+02
1.170000e-06	-2.590226e-09	-7.006798e-09	-2.208601e+01	-1.792996e+02
1.180000e-06	-2.571386e-09	-6.967427e-09	-2.192537e+01	-1.782289e+02
1.190000e-06	-2.552402e-09	-6.919459e-09	-2.176350e+01	-1.771531e+02
1.200000e-06	-2.533267e-09	-6.866702e-09	-2.160034e+01	-1.760718e+02
1.210000e-06	-2.513979e-09	-6.817551e-09	-2.143588e+01	-1.749844e+02
1.220000e-06	-2.494562e-09	-6.774823e-09	-2.127032e+01	-1.738901e+02
1.230000e-06	-2.475029e-09	-6.735511e-09	-2.110377e+01	-1.727881e+02
1.240000e-06	-2.455375e-09	-6.700369e-09	-2.093619e+01	-1.716777e+02
1.250000e-06	-2.435628e-09	-6.669337e-09	-2.076781e+01	-1.705583e+02
1.260000e-06	-2.415801e-09	-6.634142e-09	-2.059875e+01	-1.694296e+02
1.270000e-06	-2.395903e-09	-6.584381e-09	-2.042909e+01	-1.682914e+02
1.280000e-06	-2.375947e-09	-6.523853e-09	-2.025893e+01	-1.671441e+02
1.290000e-06	-2.355947e-09	-6.468618e-09	-2.008840e+01	-1.659878e+02
1.300000e-06	-2.335911e-09	-6.424384e-09	-1.991756e+01	-1.648232e+02
1.310000e-06	-2.315834e-09	-6.384537e-09	-1.974637e+01	-1.636508e+02
1.320000e-06	-2.295715e-09	-6.343561e-09	-1.957482e+01	-1.624716e+02
1.330000e-06	-2.275561e-09	-6.305585e-09	-1.940297e+01	-1.612860e+02
1.340000e-06	-2.255371e-09	-6.270331e-09	-1.923082e+01	-1.600950e+02
1.350000e-06	-2.235127e-09	-6.224262e-09	-1.905820e+01	-1.588990e+02
1.360000e-06	-2.214819e-09	-6.164357e-09	-1.888505e+01	-1.576986e+02
1.370000e-06	-2.194441e-09	-6.103061e-09	-1.871129e+01	-1.564941e+02
1.380000e-06	-2.173982e-09	-6.050515e-09	-1.853685e+01	-1.552857e+02
1.390000e-06	-2.153446e-09	-6.007431e-09	-1.836174e+01	-1.540734e+02
1.400000e-06	-2.132832e-09	-5.967621e-09	-1.818597e+01	-1.528571e+02
1.410000e-06	-2.112110e-09	-5.924549e-09	-1.800928e+01	-1.516367e+02
1.420000e-06	-2.091262e-09	-5.881385e-09	-1.783152e+01	-1.504117e+02
1.430000e-06	-2.070297e-09	-5.841814e-09	-1.765275e+01	-1.491817e+02
1.440000e-06	-2.049219e-09	-5.796250e-09	-1.747303e+01	-1.479461e+02
1.450000e-06	-2.028039e-09	-5.738043e-09	-1.729244e+01	-1.467042e+02
1.460000e-06	-2.006759e-09	-5.676929e-09	-1.711099e+01	-1.454555e+02
1.470000e-06	-1.985377e-09	-5.625412e-09	-1.692867e+01	-1.441992e+02
1.480000e-06	-1.963889e-09	-5.581673e-09	-1.674545e+01	-1.429348e+02
1.490000e-06	-1.942297e-09	-5.537121e-09	-1.656135e+01	-1.416619e+02
1.500000e-06	-1.920610e-09	-5.490782e-09	-1.637643e+01	-1.403802e+02
1.510000e-06	-1.898831e-09	-5.446179e-09	-1.619073e+01	-1.390896e+02
1.520000e-06	-1.876979e-09	-5.401226e-09	-1.600440e+01	-1.377904e+02
1.530000e-06	-1.855058e-09	-5.348731e-09	-1.581748e+01	-1.364831e+02
1.540000e-06	-1.833064e-09	-5.290518e-09	-1.562995e+01	-1.351682e+02
1.550000e-06	-1.811002e-09	-5.234702e-09	-1.544183e+01	-1.338467e+02
1.560000e-06	-1.788860e-09	-5.182469e-09	-1.525304e+01	-1.325197e+02
1.570000e-06	-1.766642e-09	-5.132293e-09	-1.506359e+01	-1.311881e+02
1.580000e-06	-1.744375e-09	-5.084213e-09	-1.487373e+01	-1.298530e+02
1.590000e-06	-1.722058e-09	-5.037458e-09	-1.468344e+01	-1.285152e+02
1.600000e-06	-1.699681e-09	-4.989089e-09	-1.449263e+01	-1.271754e+02
1.610000e-06	-1.677209e-09	-4.938136e-09	-1.430103e+01	-1.258338e+02
1.620000e-06	-1.654651e-09	-4.884655e-09	-1.410868e+01	-1.244905e+02
1.630000e-06	-1.632063e-09	-4.828745e-09	-1.391608e+01	-1.231450e+02
1.640000e-06	-1.609415e-09	-4.773634e-09	-1.372297e+01	-1.217967e+02
1.650000e-06	-1.586690e-09	-4.718177e-09	-1.352921e+01	-1.204448e+02
1.660000e-06	-1.563869e-09	-4.663352e-09	-1.333461e+01	-1.190883e+02
1.670000e-06	-1.540924e-09	-4.615730e-09	-1.313897e+01	-1.177261e+02
1.680000e-06	-1.517893e-09	-4.571878e-09	-1.294260e+01	-1.163574e+02
1.690000e-06	-1.494782e-09	-4.523054e-09	-1.274554e+01	-1.149815e+02
1.700000e-06	-1.471601e-09	-4.470313e-09	-1.254788e+01	-1.135980e+02
1.710000e-06	-1.448355e-09	-4.416160e-09	-1.234967e+01	-1.122067e+02
1.720000e-06	-1.425034e-09	-4.358878e-09	-1.215082e+01	-1.108080e+02
1.730000e-06	-1.401643e-09	-4.300308e-09	-1.195137e+01	-1.094023e+02
1.740000e-06	-1.378176e-09	-4.242039e-09	-1.175128e+01	-1.079905e+02
1.750000e-06	-1.354630e-09	-4.186449e-09	-1.155050e+01	-1.065735e+02
1.760000e-06	-1.331009e-09	-4.136987e-09	-1.134910e+01	-1.051523e+02
1.770000e-06	-1.307342e-09	-4.088812e-09	-1.114730e+01	-1.037279e+02
1.780000e-06	-1.283627e-09	-4.033501e-09	-1.094509e+01	-1.023009e+02
1.790000e-06	-1.259852e-09	-3.973384e-09	-1.074237e+01	-1.008721e+02
1.800000e-06	-1.236045e-09	-3.918274e-09	-1.053937e+01	-9.944171e+01
1.810000e-06	-1.212201e-09	-3.866158e-09	-1.033606e+01	-9.800978e+01
1.820000e-06	-1.188304e-09	-3.809540e-09	-1.013230e+01	-9.657616e+01
1.830000e-06	-1.164372e-09	-3.752258e-09	-9.928237e+00	-9.514050e+01
1.840000e-06	-1.140418e-09	-3.700030e-09	-9.723991e+00	-9.370235e+01
1.850000e-06	-1.116431e-09	-3.648536e-09	-9.519460e+00	-9.226127e+01
1.860000e-06	-1.092410e-09	-3.590352e-09	-9.314643e+00	-9.081687e+01
1.870000e-06	-1.068373e-09	-3.528761e-09	-9.109684e+00	-8.936893e+01
1.880000e-06	-1.044308e-09	-3.471484e-09	-8.904492e+00	-8.791739e+01
1.890000e-06	-1.020208e-09	-3.419781e-09	-8.698996e+00	-8.646240e+01
1.900000e-06	-9.960931e-10	-3.369364e-09	-8.493381e+00	-8.500432e+01
1.910000e-06	-9.719675e-10	-3.314321e-09	-8.287670e+00	-8.354363e+01
1.920000e-06	-9.478109e-10	-3.256415e-09	-8.081695e+00	-8.208090e+01
1.930000e-06	-9.236355e-10	-3.199694e-09	-7.875559e+00	-8.061671e+01
1.940000e-06	-8.994341e-10	-3.139103e-09	-7.669201e+00	-7.915157e+01
1.950000e-06	-8.751915e-10	-3.071199e-09	-7.462492e+00	-7.768582e+01
1.960000e-06	-8.509216e-10	-3.007649e-09	-7.255552e+00	-7.621959e+01
1.970000e-06	-8.266367e-10	-2.958144e-09	-7.048482e+00	-7.475276e+01
1.980000e-06	-8.023325e-10	-2.913021e-09	-6.841248e+00	-7.328495e+01
1.990000e-06	-7.780109e-10	-2.861947e-09	-6.633867e+00	-7.181554e+01
2.000000e-06	-7.536787e-10	-2.807196e-09	-6.426394e+00	-7.034372e+01
2.010000e-06	-7.293181e-10	-2.750997e-09	-6.218679e+00	-6.886856e+01
2.020000e-06	-7.049076e-10	-2.689865e-09	-6.010540e+00	-6.738909e+01
2.030000e-06	-6.804584e-10	-2.623766e-09	-5.802069e+00	-6.590439e+01
2.040000e-06	-6.560027e-10	-2.556918e-09	-5.593543e+00	-6.441370e+01
2.050000e-06	-6.315381e-10	-2.496519e-09	-5.384942e+00	-6.291645e+01
2.060000e-06	-6.070492e-10	-2.444479e-09	-5.176133e+00	-6.141238e+01
2.070000e-06	-5.825177e-10	-2.392068e-09	-4.966961e+00	-5.990150e+01
2.080000e-06	-5.579504e-10	-2.336378e-09	-4.757484e+00	-5.838414e+01
2.090000e-06	-5.333754e-10	-2.279906e-09	-4.547942e+00	-5.686093e+01
2.100000e-06	-5.088057e-10	-2.221238e-09	-4.338444e+00	-5.533271e+01
2.110000e-06	-4.842281e-10	-2.157511e-09	-4.128880e+00	-5.380052e+01
2.120000e-06	-4.596259e-10	-2.089807e-09	-3.919105e+00	-5.226545e+01
2.130000e-06	-4.349900e-10	-2.022018e-09	-3.709042e+00	-5.072862e+01
2.140000e-06	-4.103260e-10	-1.957682e-09	-3.498741e+00	-4.919102e+01
2.150000e-06	-3.856517e-10	-1.899989e-09	-3.288351e+00	-4.765349e+01
2.160000e-06	-3.609580e-10	-1.846300e-09	-3.077797e+00	-4.611663e+01
2.170000e-06	-3.362373e-10	-1.790308e-09	-2.867012e+00	-4.458077e+01
2.180000e-06	-3.114903e-10	-1.730136e-09	-2.656002e+00	-4.304593e+01
2.190000e-06	-2.867118e-10	-1.668858e-09	-2.444724e+00	-4.151186e+01
2.200000e-06	-2.619017e-10	-1.609163e-09	-2.233177e+00	-3.997804e+01
2.210000e-06	-2.370857e-10	-1.553075e-09	-2.021580e+00	-3.844378e+01
2.220000e-06	-2.122622e-10	-1.497207e-09	-1.809918e+00	-3.690824e+01
2.230000e-06	-1.874061e-10	-1.433257e-09	-1.597978e+00	-3.537056e+01
2.240000e-06	-1.625348e-10	-1.365683e-09	-1.385908e+00	-3.382988e+01
2.250000e-06	-1.376626e-10	-1.306707e-09	-1.173832e+00	-3.228549e+01
2.260000e-06	-1.127968e-10	-1.252816e-09	-9.618098e-01	-3.073683e+01
2.270000e-06	-8.793467e-11	-1.191587e-09	-7.498189e-01	-2.918356e+01
2.280000e-06	-6.304421e-11	-1.125532e-09	-5.375862e-01	-2.762557e+01
2.290000e-06	-3.814043e-11	-1.066074e-09	-3.252400e-01	-2.606298e+01
2.300000e-06	-1.324823e-11	-1.012586e-09	-1.129928e-01	-2.449610e+01
2.310000e-06	1.164486e-11	-9.543869e-10	9.926185e-02	-2.292539e+01
2.320000e-06	3.653593e-11	-8.854452e-10	3.114993e-01	-2.135140e+01
2.330000e-06	6.141016e-11	-8.137741e-10	5.235933e-01	-1.977468e+01
2.340000e-06	8.625486e-11	-7.505222e-10	7.354356e-01	-1.819573e+01
2.350000e-06	1.110879e-10	-6.937919e-10	9.471788e-01	-1.661496e+01
2.360000e-06	1.359298e-10	-6.331092e-10	1.158997e+00	-1.503260e+01
2.370000e-06	1.607722e-10	-5.664749e-10	1.370820e+00	-1.344872e+01
2.380000e-06	1.855932e-10	-5.034865e-10	1.582460e+00	-1.186322e+01
2.390000e-06	2.103870e-10	-4.478083e-10	1.793868e+00	-1.027586e+01
2.400000e-06	2.351727e-10	-3.918602e-10	2.005207e+00	-8.686274e+00
2.410000e-06	2.599622e-10	-3.287659e-10	2.216578e+00	-7.094056e+00
2.420000e-06	2.847544e-10	-2.625318e-10	2.427972e+00	-5.498802e+00
2.430000e-06	3.095230e-10	-2.007506e-10	2.639165e+00	-3.900171e+00
2.440000e-06	3.342739e-10	-1.411629e-10	2.850208e+00	-2.297925e+00
2.450000e-06	3.590118e-10	-7.370747e-11	3.061139e+00	-6.919649e-01
2.460000e-06	3.837213e-10	2.227032e-12	3.271829e+00	9.176601e-01
2.470000e-06	4.084118e-10	7.249745e-11	3.482357e+00	2.530763e+00
2.480000e-06	4.330837e-10	1.309993e-10	3.692726e+00	4.147043e+00
2.490000e-06	4.577338e-10	1.877717e-10	3.902908e+00	5.766127e+00
2.500000e-06	4.823536e-10	2.485119e-10	4.112833e+00	7.387612e+00
2.510000e-06	5.069430e-10	3.072512e-10	4.322498e+00	9.011120e+00
2.520000e-06	5.315045e-10	3.622655e-10	4.531927e+00	1.063633e+01
2.530000e-06	5.560338e-10	4.238237e-10	4.741080e+00	1.226301e+01
2.540000e-06	5.805370e-10	4.973094e-10	4.950010e+00	1.389104e+01
2.550000e-06	6.050311e-10	5.760640e-10	5.158863e+00	1.552039e+01
2.560000e-06	6.295193e-10	6.522820e-10	5.367666e+00	1.715113e+01
2.570000e-06	6.539830e-10	7.222447e-10	5.576259e+00	1.878337e+01
2.580000e-06	6.784166e-10	7.845681e-10	5.784597e+00	2.041725e+01
2.590000e-06	7.028083e-10	8.392780e-10	5.992577e+00	2.205290e+01
2.600000e-06	7.271569e-10	8.898768e-10	6.200189e+00	2.369041e+01
2.610000e-06	7.514878e-10	9.424679e-10	6.407651e+00	2.532978e+01
2.620000e-06	7.758041e-10	1.004737e-09	6.614987e+00	2.697095e+01
2.630000e-06	8.001040e-10	1.079502e-09	6.822184e+00	2.861378e+01
2.640000e-06	8.243729e-10	1.160302e-09	7.029118e+00	3.025808e+01
2.650000e-06	8.486063e-10	1.238877e-09	7.235748e+00	3.190361e+01
2.660000e-06	8.728299e-10	1.310479e-09	7.442295e+00	3.355009e+01
2.670000e-06	8.970439e-10	1.370331e-09	7.648760e+00	3.519726e+01
2.680000e-06	9.212396e-10	1.419364e-09	7.855068e+00	3.684485e+01
2.690000e-06	9.454149e-10	1.469236e-09	8.061203e+00	3.849261e+01
2.700000e-06	9.695644e-10	1.528040e-09	8.267118e+00	4.014031e+01
2.710000e-06	9.936767e-10	1.594859e-09	8.472715e+00	4.178771e+01
2.720000e-06	1.017750e-09	1.668163e-09	8.677979e+00	4.343453e+01
2.730000e-06	1.041803e-09	1.747265e-09	8.883071e+00	4.508048e+01
2.740000e-06	1.065848e-09	1.826405e-09	9.088096e+00	4.672524e+01
2.750000e-06	1.089855e-09	1.896237e-09	9.292795e+00	4.836841e+01
2.760000e-06	1.113813e-09	1.954432e-09	9.497075e+00	5.000961e+01
2.770000e-06	1.137739e-09	2.006526e-09	9.701087e+00	5.164844e+01
2.780000e-06	1.161619e-09	2.060129e-09	9.904704e+00	5.328456e+01
2.790000e-06	1.185473e-09	2.118296e-09	1.010810e+01	5.491769e+01
2.800000e-06	1.209309e-09	2.180210e-09	1.031134e+01	5.654773e+01
2.810000e-06	1.233109e-09	2.249882e-09	1.051428e+01	5.817471e+01
2.820000e-06	1.256868e-09	2.327999e-09	1.071687e+01	5.979886e+01
2.830000e-06	1.280569e-09	2.404229e-09	1.091895e+01	6.142059e+01
2.840000e-06	1.304213e-09	2.467970e-09	1.112056e+01	6.304046e+01
2.850000e-06	1.327789e-09	2.520890e-09	1.132158e+01	6.465912e+01
2.860000e-06	1.351316e-09	2.574140e-09	1.152219e+01	6.627725e+01
2.870000e-06	1.374794e-09	2.631660e-09	1.172238e+01	6.789544e+01
2.880000e-06	1.398176e-09	2.691008e-09	1.192175e+01	6.951412e+01
2.890000e-06	1.421456e-09	2.754617e-09	1.212025e+01	7.113348e+01
2.900000e-06	1.444669e-09	2.826462e-09	1.231818e+01	7.275340e+01
2.910000e-06	1.467816e-09	2.902044e-09	1.251555e+01	7.437344e+01
2.920000e-06	1.490885e-09	2.970345e-09	1.271225e+01	7.599282e+01
2.930000e-06	1.513861e-09	3.028319e-09	1.290816e+01	7.761052e+01
2.940000e-06	1.536744e-09	3.082784e-09	1.310327e+01	7.922532e+01
2.950000e-06	1.559541e-09	3.139729e-09	1.329766e+01	8.083596e+01
2.960000e-06	1.582272e-09	3.200443e-09	1.349147e+01	8.244122e+01
2.970000e-06	1.604943e-09	3.264819e-09	1.368478e+01	8.404006e+01
2.980000e-06	1.627515e-09	3.330816e-09	1.387725e+01	8.563175e+01
2.990000e-06	1.649997e-09	3.395198e-09	1.406895e+01	8.721592e+01
3.000000e-06	1.672419e-09	3.457766e-09	1.426013e+01	8.879257e+01
3.010000e-06	1.694784e-09	3.517188e-09	1.445082e+01	9.036208e+01
3.020000e-06	1.717103e-09	3.575084e-09	1.464113e+01	9.192515e+01
3.030000e-06	1.739343e-09	3.638169e-09	1.483077e+01	9.348267e+01
3.040000e-06	1.761495e-09	3.704833e-09	1.501965e+01	9.503562e+01
3.050000e-06	1.783604e-09	3.767523e-09	1.520817e+01	9.658490e+01
3.060000e-06	1.805651e-09	3.823372e-09	1.539615e+01	9.813125e+01
3.070000e-06	1.827622e-09	3.874501e-09	1.558349e+01	9.967509e+01
3.080000e-06	1.849539e-09	3.925861e-09	1.577037e+01	1.012165e+02
3.090000e-06	1.871387e-09	3.983408e-09	1.595666e+01	1.027553e+02
3.100000e-06	1.893153e-09	4.049011e-09	1.614225e+01	1.042907e+02
3.110000e-06	1.914839e-09	4.119545e-09	1.632716e+01	1.058221e+02
3.120000e-06	1.936446e-09	4.191668e-09	1.651139e+01	1.073483e+02
3.130000e-06	1.957961e-09	4.255308e-09	1.669485e+01	1.088685e+02
3.140000e-06	1.979363e-09	4.304097e-09	1.687734e+01	1.103818e+02
3.150000e-06	2.000653e-09	4.348449e-09	1.705887e+01	1.118875e+02
3.160000e-06	2.021834e-09	4.398466e-09	1.723947e+01	1.133854e+02
3.170000e-06	2.042896e-09	4.452974e-09	1.741906e+01	1.148755e+02
3.180000e-06	2.063836e-09	4.510993e-09	1.759761e+01	1.163580e+02
3.190000e-06	2.084683e-09	4.580639e-09	1.777537e+01	1.178336e+02
3.200000e-06	2.105445e-09	4.658415e-09	1.795240e+01	1.193031e+02
3.210000e-06	2.126102e-09	4.725042e-09	1.812853e+01	1.207672e+02
3.220000e-06	2.146669e-09	4.772700e-09	1.830390e+01	1.222266e+02
3.230000e-06	2.167170e-09	4.813130e-09	1.847870e+01	1.236818e+02
3.240000e-06	2.187594e-09	4.860241e-09	1.865285e+01	1.251330e+02
3.250000e-06	2.207945e-09	4.916098e-09	1.882638e+01	1.265802e+02
3.260000e-06	2.228236e-09	4.979297e-09	1.899940e+01	1.280229e+02
3.270000e-06	2.248479e-09	5.047442e-09	1.917200e+01	1.294604e+02
3.280000e-06	2.268675e-09	5.115850e-09	1.934421e+01	1.308920e+02
3.290000e-06	2.288821e-09	5.178160e-09	1.951598e+01	1.323168e+02
3.300000e-06	2.308921e-09	5.227201e-09	1.968737e+01	1.337338e+02
3.310000e-06	2.328977e-09	5.265429e-09	1.985838e+01	1.351423e+02
3.320000e-06	2.348978e-09	5.305221e-09	2.002892e+01	1.365420e+02
3.330000e-06	2.368918e-09	5.356432e-09	2.019895e+01	1.379327e+02
3.340000e-06	2.388816e-09	5.417863e-09	2.036861e+01	1.393145e+02
3.350000e-06	2.408671e-09	5.483912e-09	2.053791e+01	1.406879e+02
3.360000e-06	2.428442e-09	5.547226e-09	2.070648e+01	1.420534e+02
3.370000e-06	2.448102e-09	5.604515e-09	2.087412e+01	1.434119e+02
3.380000e-06	2.467666e-09	5.657181e-09	2.104093e+01	1.447641e+02
3.390000e-06	2.487116e-09	5.701807e-09	2.120678e+01	1.461107e+02
3.400000e-06	2.506422e-09	5.739736e-09	2.137140e+01	1.474523e+02
3.410000e-06	2.525571e-09	5.782305e-09	2.153468e+01	1.487891e+02
3.420000e-06	2.544573e-09	5.835853e-09	2.169670e+01	1.501212e+02
3.430000e-06	2.563416e-09	5.894159e-09	2.185737e+01	1.514485e+02
3.440000e-06	2.582107e-09	5.952341e-09	2.201673e+01	1.527705e+02
3.450000e-06	2.600683e-09	6.010465e-09	2.217513e+01	1.540867e+02
3.460000e-06	2.619113e-09	6.064457e-09	2.233228e+01	1.553967e+02
3.470000e-06	2.637386e-09	6.111838e-09	2.248808e+01	1.566996e+02
3.480000e-06	2.655539e-09	6.155484e-09	2.264287e+01	1.579950e+02
3.490000e-06	2.673559e-09	6.198871e-09	2.279652e+01	1.592824e+02
3.500000e-06	2.691440e-09	6.242566e-09	2.294899e+01	1.605613e+02
3.510000e-06	2.709209e-09	6.288914e-09	2.310049e+01	1.618316e+02
3.520000e-06	2.726901e-09	6.342470e-09	2.325135e+01	1.630929e+02
3.530000e-06	2.744507e-09	6.399126e-09	2.340147e+01	1.643451e+02
3.540000e-06	2.762013e-09	6.451426e-09	2.355074e+01	1.655881e+02
3.550000e-06	2.779419e-09	6.498966e-09	2.369915e+01	1.668218e+02
3.560000e-06	2.796738e-09	6.546778e-09	2.384682e+01	1.680461e+02
3.570000e-06	2.813975e-09	6.593913e-09	2.399380e+01	1.692608e+02
3.580000e-06	2.831116e-09	6.634706e-09	2.413996e+01	1.704660e+02
3.590000e-06	2.848139e-09	6.672897e-09	2.428511e+01	1.716616e+02
3.600000e-06	2.865039e-09	6.716158e-09	2.442920e+01	1.728476e+02
3.610000e-06	2.881861e-09	6.763807e-09	2.457264e+01	1.740245e+02
3.620000e-06	2.898559e-09	6.810219e-09	2.471502e+01	1.751923e+02
3.630000e-06	2.915072e-09	6.854906e-09	2.485582e+01	1.763517e+02
3.640000e-06	2.931422e-09	6.898116e-09	2.499523e+01	1.775032e+02
3.650000e-06	2.947604e-09	6.939809e-09	2.513321e+01	1.786472e+02
3.660000e-06	2.963620e-09	6.983873e-09	2.526977e+01	1.797842e+02
3.670000e-06	2.979447e-09	7.030354e-09	2.540472e+01	1.809147e+02
3.680000e-06	2.995034e-09	7.074279e-09	2.553763e+01	1.820388e+02
3.690000e-06	3.010417e-09	7.115156e-09	2.566880e+01	1.831564e+02
3.700000e-06	3.025636e-09	7.156486e-09	2.579857e+01	1.842671e+02
3.710000e-06	3.040677e-09	7.197755e-09	2.592681e+01	1.853704e+02
3.720000e-06	3.055526e-09	7.238828e-09	2.605343e+01	1.864656e+02
3.730000e-06	3.070189e-09	7.281898e-09	2.617845e+01	1.875516e+02
3.740000e-06	3.084684e-09	7.326443e-09	2.630205e+01	1.886278e+02
3.750000e-06	3.099018e-09	7.370177e-09	2.642427e+01	1.896932e+02
3.760000e-06	3.113197e-09	7.413778e-09	2.654517e+01	1.907475e+02
3.770000e-06	3.127255e-09	7.458239e-09	2.666504e+01	1.917904e+02
3.780000e-06	3.141203e-09	7.497493e-09	2.678397e+01	1.928221e+02
3.790000e-06	3.155026e-09	7.529949e-09	2.690183e+01	1.938431e+02
3.800000e-06	3.168723e-09	7.564223e-09	2.701862e+01	1.948544e+02
3.810000e-06	3.182266e-09	7.603928e-09	2.713410e+01	1.958571e+02
3.820000e-06	3.195637e-09	7.645416e-09	2.724811e+01	1.968522e+02
3.830000e-06	3.208840e-09	7.685678e-09	2.736069e+01	1.978408e+02
3.840000e-06	3.221880e-09	7.723180e-09	2.747188e+01	1.988239e+02
3.850000e-06	3.234773e-09	7.757046e-09	2.758181e+01	1.998018e+02
3.860000e-06	3.247499e-09	7.791437e-09	2.769032e+01	2.007747e+02
3.870000e-06	3.260056e-09	7.830533e-09	2.779739e+01	2.017421e+02
3.880000e-06	3.272472e-09	7.870420e-09	2.790326e+01	2.027031e+02
3.890000e-06	3.284777e-09	7.906949e-09	2.800818e+01	2.036563e+02
3.900000e-06	3.296983e-09	7.944405e-09	2.811225e+01	2.046003e+02
3.910000e-06	3.309079e-09	7.987591e-09	2.821539e+01	2.055333e+02
3.920000e-06	3.321028e-09	8.027475e-09	2.831727e+01	2.064538e+02
3.930000e-06	3.332816e-09	8.055021e-09	2.841779e+01	2.073604e+02
3.940000e-06	3.344468e-09	8.079525e-09	2.851714e+01	2.082522e+02
3.950000e-06	3.355954e-09	8.112668e-09	2.861508e+01	2.091285e+02
3.960000e-06	3.367238e-09	8.152013e-09	2.871130e+01	2.099891e+02
3.970000e-06	3.378323e-09	8.190279e-09	2.880582e+01	2.108344e+02
3.980000e-06	3.389181e-09	8.225719e-09	2.889840e+01	2.116650e+02
3.990000e-06	3.399776e-09	8.259419e-09	2.898874e+01	2.124816e+02
4.000000e-06	3.410084e-09	8.291613e-09	2.907662e+01	2.132851e+02
4.010000e-06	3.420085e-09	8.319274e-09	2.916190e+01	2.140764e+02
4.020000e-06	3.429789e-09	8.341309e-09	2.924465e+01	2.148561e+02
4.030000e-06	3.439245e-09	8.363451e-09	2.932527e+01	2.156247e+02
4.040000e-06	3.448486e-09	8.392121e-09	2.940407e+01	2.163823e+02
4.050000e-06	3.457503e-09	8.427453e-09	2.948096e+01	2.171290e+02
4.060000e-06	3.466324e-09	8.463833e-09	2.955617e+01	2.178648e+02
4.070000e-06	3.474976e-09	8.496288e-09	2.962994e+01	2.185894e+02
4.080000e-06	3.483471e-09	8.523352e-09	2.970238e+01	2.193027e+02
4.090000e-06	3.491844e-09	8.547535e-09	2.977377e+01	2.200048e+02
4.100000e-06	3.500116e-09	8.571327e-09	2.984430e+01	2.206959e+02
4.110000e-06	3.508299e-09	8.594001e-09	2.991408e+01	2.213764e+02
4.120000e-06	3.516398e-09	8.615572e-09	2.998313e+01	2.220470e+02
4.130000e-06	3.524407e-09	8.639644e-09	3.005143e+01	2.227081e+02
4.140000e-06	3.532321e-09	8.669159e-09	3.011890e+01	2.233604e+02
4.150000e-06	3.540113e-09	8.700675e-09	3.018535e+01	2.240044e+02
4.160000e-06	3.547773e-09	8.729578e-09	3.025066e+01	2.246401e+02
4.170000e-06	3.555291e-09	8.753973e-09	3.031477e+01	2.252673e+02
4.180000e-06	3.562647e-09	8.777489e-09	3.037748e+01	2.258853e+02
4.190000e-06	3.569834e-09	8.803625e-09	3.043877e+01	2.264930e+02
4.200000e-06	3.576852e-09	8.826490e-09	3.049861e+01	2.270890e+02
4.210000e-06	3.583703e-09	8.841547e-09	3.055703e+01	2.276716e+02
4.220000e-06	3.590392e-09	8.856227e-09	3.061405e+01	2.282393e+02
4.230000e-06	3.596909e-09	8.879830e-09	3.066962e+01	2.287905e+02
4.240000e-06	3.603266e-09	8.907491e-09	3.072383e+01	2.293242e+02
4.250000e-06	3.609480e-09	8.930643e-09	3.077681e+01	2.298398e+02
4.260000e-06	3.615557e-09	8.948758e-09	3.082863e+01	2.303373e+02
4.270000e-06	3.621471e-09	8.964531e-09	3.087906e+01	2.308171e+02
4.280000e-06	3.627224e-09	8.981299e-09	3.092811e+01	2.312803e+02
4.290000e-06	3.632834e-09	8.998383e-09	3.097595e+01	2.317286e+02
4.300000e-06	3.638281e-09	9.012369e-09	3.102239e+01	2.321635e+02
4.310000e-06	3.643546e-09	9.025163e-09	3.106728e+01	2.325869e+02
4.320000e-06	3.648607e-09	9.043654e-09	3.111044e+01	2.330000e+02
4.330000e-06	3.653489e-09	9.065847e-09	3.115206e+01	2.334042e+02
4.340000e-06	3.658204e-09	9.083413e-09	3.119227e+01	2.337998e+02
4.350000e-06	3.662760e-09	9.096415e-09	3.123112e+01	2.341870e+02
4.360000e-06	3.667192e-09	9.108920e-09	3.126891e+01	2.345651e+02
4.370000e-06	3.671522e-09	9.123339e-09	3.130583e+01	2.349332e+02
4.380000e-06	3.675767e-09	9.137039e-09	3.134202e+01	2.352900e+02
4.390000e-06	3.679924e-09	9.146541e-09	3.137746e+01	2.356341e+02
4.400000e-06	3.684000e-09	9.158241e-09	3.141223e+01	2.359643e+02
4.410000e-06	3.687995e-09	9.176882e-09	3.144629e+01	2.362797e+02
4.420000e-06	3.691891e-09	9.193574e-09	3.147951e+01	2.365799e+02
4.430000e-06	3.695667e-09	9.201325e-09	3.151170e+01	2.368650e+02
4.440000e-06	3.699297e-09	9.207348e-09	3.154265e+01	2.371356e+02
4.450000e-06	3.702758e-09	9.217391e-09	3.157217e+01	2.373927e+02
4.460000e-06	3.706026e-09	9.225795e-09	3.160003e+01	2.376376e+02
4.470000e-06	3.709062e-09	9.231339e-09	3.162592e+01	2.378718e+02
4.480000e-06	3.711864e-09	9.240065e-09	3.164981e+01	2.380964e+02
4.490000e-06	3.714397e-09	9.251066e-09	3.167141e+01	2.383125e+02
4.500000e-06	3.716617e-09	9.259952e-09	3.169034e+01	2.385205e+02
4.510000e-06	3.718560e-09	9.266106e-09	3.170691e+01	2.387206e+02
4.520000e-06	3.720219e-09	9.270593e-09	3.172105e+01	2.389121e+02
4.530000e-06	3.721602e-09	9.276084e-09	3.173284e+01	2.390944e+02
4.540000e-06	3.722732e-09	9.283426e-09	3.174248e+01	2.392661e+02
4.550000e-06	3.723649e-09	9.289012e-09	3.175030e+01	2.394261e+02
4.560000e-06	3.724390e-09	9.290343e-09	3.175662e+01	2.395732e+02
4.570000e-06	3.724961e-09	9.291240e-09	3.176148e+01	2.397066e+02
4.580000e-06	3.725380e-09	9.296297e-09	3.176506e+01	2.398259e+02
4.590000e-06	3.725664e-09	9.303401e-09	3.176748e+01	2.399310e+02
4.600000e-06	3.725854e-09	9.311221e-09	3.176910e+01	2.400224e+02
4.610000e-06	3.725977e-09	9.320691e-09	3.177015e+01	2.401006e+02
4.620000e-06	3.726025e-09	9.325091e-09	3.177056e+01	2.401667e+02
4.630000e-06	3.725959e-09	9.320337e-09	3.177000e+01	2.402214e+02
4.640000e-06	3.725732e-09	9.310859e-09	3.176806e+01	2.402654e+02
4.650000e-06	3.725367e-09	9.294460e-09	3.176495e+01	2.402991e+02
4.660000e-06	3.724878e-09	9.283944e-09	3.176078e+01	2.403224e+02
4.670000e-06	3.724212e-09	9.341983e-09	3.175511e+01	2.403346e+02
4.680000e-06	3.723347e-09	9.441135e-09	3.174773e+01	2.403350e+02
4.690000e-06	3.722279e-09	9.406595e-09	3.173862e+01	2.403226e+02
4.700000e-06	3.721031e-09	9.255569e-09	3.172798e+01	2.402962e+02
4.710000e-06	3.719612e-09	9.221796e-09	3.171588e+01	2.402552e+02
4.720000e-06	3.718014e-09	9.286049e-09	3.170226e+01	2.401993e+02
4.730000e-06	3.716265e-09	9.282126e-09	3.168734e+01	2.401288e+02
4.740000e-06	3.714380e-09	9.313641e-09	3.167127e+01	2.400451e+02
4.750000e-06	3.712377e-09	9.416754e-09	3.165419e+01	2.399501e+02
4.760000e-06	3.710242e-09	9.389356e-09	3.163599e+01	2.398463e+02
4.770000e-06	3.707957e-09	9.288298e-09	3.161650e+01	2.397370e+02
4.780000e-06	3.705514e-09	9.334608e-09	3.159567e+01	2.396253e+02
4.790000e-06	3.702905e-09	9.409652e-09	3.157342e+01	2.395142e+02
4.800000e-06	3.700122e-09	9.325172e-09	3.154970e+01	2.394062e+02
4.810000e-06	3.697152e-09	9.238467e-09	3.152437e+01	2.393028e+02
4.820000e-06	3.694010e-09	9.299201e-09	3.149758e+01	2.392046e+02
4.830000e-06	3.690713e-09	9.360909e-09	3.146947e+01	2.391111e+02
4.840000e-06	3.687273e-09	9.295333e-09	3.144014e+01	2.390204e+02
4.850000e-06	3.683707e-09	9.222871e-09	3.140973e+01	2.389300e+02
4.860000e-06	3.680036e-09	9.252121e-09	3.137843e+01	2.388366e+02
4.870000e-06	3.676275e-09	9.283596e-09	3.134637e+01	2.387368e+02
4.880000e-06	3.672435e-09	9.242472e-09	3.131362e+01	2.386273e+02
4.890000e-06	3.668524e-09	9.221854e-09	3.128027e+01	2.385056e+02
4.900000e-06	3.664511e-09	9.279933e-09	3.124606e+01	2.383699e+02
4.910000e-06	3.660376e-09	9.309886e-09	3.121080e+01	2.382197e+02
4.920000e-06	3.656104e-09	9.267303e-09	3.117437e+01	2.380559e+02
4.930000e-06	3.651656e-09	9.251524e-09	3.113644e+01	2.378803e+02
4.940000e-06	3.646996e-09	9.251120e-09	3.109672e+01	2.376960e+02
4.950000e-06	3.642115e-09	9.193654e-09	3.105509e+01	2.375063e+02
4.960000e-06	3.636990e-09	9.168815e-09	3.101140e+01	2.373149e+02
4.970000e-06	3.631546e-09	9.234715e-09	3.096498e+01	2.371255e+02
4.980000e-06	3.625778e-09	9.257365e-09	3.091580e+01	2.369405e+02
4.990000e-06	3.619741e-09	9.214546e-09	3.086432e+01	2.367617e+02
5.000000e-06	3.613428e-09	9.237867e-09	3.081049e+01	2.365894e+02
5.010000e-06	3.606818e-09	9.265701e-09	3.075413e+01	2.364223e+02
5.020000e-06	3.599941e-09	9.184693e-09	3.069549e+01	2.362580e+02
5.030000e-06	3.592866e-09	9.141538e-09	3.063517e+01	2.360928e+02
5.040000e-06	3.585613e-09	9.220153e-09	3.057333e+01	2.359220e+02
5.050000e-06	3.578193e-09	9.240069e-09	3.051006e+01	2.357406e+02
5.060000e-06	3.570638e-09	9.188650e-09	3.044564e+01	2.355433e+02
5.070000e-06	3.562976e-09	9.228743e-09	3.038030e+01	2.353254e+02
5.080000e-06	3.555218e-09	9.262129e-09	3.031416e+01	2.350827e+02
5.090000e-06	3.547366e-09	9.173680e-09	3.024720e+01	2.348120e+02
5.100000e-06	3.539431e-09	9.145367e-09	3.017955e+01	2.345112e+02
5.110000e-06	3.531411e-09	9.218544e-09	3.011116e+01	2.341793e+02
5.120000e-06	3.523291e-09	9.199226e-09	3.004193e+01	2.338164e+02
5.130000e-06	3.515065e-09	9.153282e-09	2.997178e+01	2.334232e+02
5.140000e-06	3.506676e-09	9.213922e-09	2.990026e+01	2.330015e+02
5.150000e-06	3.498111e-09	9.213132e-09	2.982723e+01	2.325531e+02
5.160000e-06	3.489374e-09	9.108818e-09	2.975273e+01	2.320800e+02
5.170000e-06	3.480435e-09	9.103261e-09	2.967651e+01	2.315844e+02
5.180000e-06	3.471319e-09	9.137049e-09	2.959878e+01	2.310681e+02
5.190000e-06	3.462048e-09	9.061154e-09	2.951973e+01	2.305325e+02
5.200000e-06	3.452608e-09	9.029581e-09	2.943924e+01	2.299791e+02
5.210000e-06	3.443018e-09	9.084720e-09	2.935747e+01	2.294087e+02
5.220000e-06	3.433303e-09	9.051029e-09	2.927463e+01	2.288222e+02
5.230000e-06	3.423476e-09	8.982434e-09	2.919084e+01	2.282204e+02
5.240000e-06	3.413532e-09	8.991365e-09	2.910605e+01	2.276041e+02
5.250000e-06	3.403448e-09	8.962135e-09	2.902007e+01	2.269740e+02
5.260000e-06	3.393246e-09	8.878244e-09	2.893308e+01	2.263311e+02
5.270000e-06	3.382907e-09	8.869184e-09	2.884492e+01	2.256763e+02
5.280000e-06	3.372417e-09	8.879135e-09	2.875548e+01	2.250108e+02
5.290000e-06	3.361772e-09	8.832495e-09	2.866471e+01	2.243354e+02
5.300000e-06	3.350918e-09	8.809970e-09	2.857216e+01	2.236513e+02
5.310000e-06	3.339866e-09	8.810335e-09	2.847793e+01	2.229591e+02
5.320000e-06	3.328654e-09	8.761645e-09	2.838233e+01	2.222594e+02
5.330000e-06	3.317284e-09	8.704182e-09	2.828538e+01	2.215525e+02
5.340000e-06	3.305775e-09	8.679169e-09	2.818725e+01	2.208385e+02
5.350000e-06	3.294114e-09	8.643674e-09	2.808782e+01	2.201173e+02
5.360000e-06	3.282289e-09	8.604131e-09	2.798699e+01	2.193886e+02
5.370000e-06	3.270327e-09	8.595063e-09	2.788499e+01	2.186522e+02
5.380000e-06	3.258241e-09	8.587545e-09	2.778194e+01	2.179077e+02
5.390000e-06	3.246014e-09	8.557798e-09	2.767769e+01	2.171550e+02
5.400000e-06	3.233613e-09	8.522909e-09	2.757194e+01	2.163939e+02
5.410000e-06	3.221027e-09	8.486597e-09	2.746463e+01	2.156246e+02
5.420000e-06	3.208219e-09	8.435638e-09	2.735542e+01	2.148471e+02
5.430000e-06	3.195187e-09	8.386722e-09	2.724430e+01	2.140616e+02
5.440000e-06	3.181973e-09	8.361993e-09	2.713163e+01	2.132684e+02
5.450000e-06	3.168541e-09	8.349739e-09	2.701710e+01	2.124676e+02
5.460000e-06	3.154826e-09	8.328923e-09	2.690016e+01	2.116590e+02
5.470000e-06	3.140849e-09	8.297683e-09	2.678099e+01	2.108426e+02
5.480000e-06	3.126653e-09	8.263571e-09	2.665994e+01	2.100181e+02
5.490000e-06	3.112214e-09	8.225406e-09	2.653683e+01	2.091847e+02
5.500000e-06	3.097533e-09	8.182841e-09	2.641164e+01	2.083421e+02
5.510000e-06	3.082639e-09	8.137797e-09	2.628465e+01	2.074895e+02
5.520000e-06	3.067550e-09	8.097901e-09	2.615599e+01	2.066265e+02
5.530000e-06	3.052269e-09	8.071432e-09	2.602569e+01	2.057526e+02
5.540000e-06	3.036821e-09	8.050699e-09	2.589398e+01	2.048677e+02
5.550000e-06	3.021253e-09	8.022247e-09	2.576123e+01	2.039721e+02
5.560000e-06	3.005592e-09	7.980727e-09	2.562770e+01	2.030662e+02
5.570000e-06	2.989859e-09	7.935974e-09	2.549355e+01	2.021508e+02
5.580000e-06	2.974064e-09	7.895081e-09	2.535886e+01	2.012267e+02
5.590000e-06	2.958203e-09	7.850917e-09	2.522362e+01	2.002952e+02
5.600000e-06	2.942259e-09	7.800390e-09	2.508767e+01	1.993571e+02
5.610000e-06	2.926232e-09	7.756263e-09	2.495102e+01	1.984135e+02
5.620000e-06	2.910137e-09	7.730368e-09	2.481379e+01	1.974649e+02
5.630000e-06	2.893959e-09	7.711345e-09	2.467584e+01	1.965117e+02
5.640000e-06	2.877667e-09	7.682996e-09	2.453692e+01	1.955541e+02
5.650000e-06	2.861240e-09	7.641747e-09	2.439685e+01	1.945915e+02
5.660000e-06	2.844663e-09	7.594145e-09	2.425551e+01	1.936236e+02
5.670000e-06	2.827943e-09	7.547550e-09	2.411294e+01	1.926495e+02
5.680000e-06	2.811070e-09	7.501271e-09	2.396907e+01	1.916684e+02
5.690000e-06	2.794044e-09	7.455260e-09	2.382390e+01	1.906794e+02
5.700000e-06	2.776899e-09	7.414683e-09	2.367771e+01	1.896821e+02
5.710000e-06	2.759631e-09	7.382542e-09	2.353047e+01	1.886760e+02
5.720000e-06	2.742234e-09	7.354260e-09	2.338214e+01	1.876609e+02
5.730000e-06	2.724706e-09	7.319795e-09	2.323268e+01	1.866371e+02
5.740000e-06	2.707063e-09	7.272609e-09	2.308224e+01	1.856051e+02
5.750000e-06	2.689330e-09	7.221634e-09	2.293104e+01	1.845654e+02
5.760000e-06	2.671511e-09	7.179566e-09	2.277911e+01	1.835189e+02
5.770000e-06	2.653598e-09	7.140083e-09	2.262637e+01	1.824663e+02
5.780000e-06	2.635593e-09	7.096648e-09	2.247284e+01	1.814083e+02
5.790000e-06	2.617497e-09	7.055007e-09	2.231855e+01	1.803453e+02
5.800000e-06	2.599295e-09	7.015808e-09	2.216334e+01	1.792776e+02
5.810000e-06	2.580981e-09	6.976417e-09	2.200718e+01	1.782051e+02
5.820000e-06	2.562533e-09	6.937102e-09	2.184988e+01	1.771274e+02
5.830000e-06	2.543961e-09	6.896471e-09	2.169152e+01	1.760441e+02
5.840000e-06	2.525276e-09	6.852438e-09	2.153221e+01	1.749543e+02
5.850000e-06	2.506461e-09	6.804799e-09	2.137178e+01	1.738573e+02
5.860000e-06	2.487507e-09	6.755098e-09	2.121017e+01	1.727523e+02
5.870000e-06	2.468414e-09	6.706235e-09	2.104737e+01	1.716387e+02
5.880000e-06	2.449198e-09	6.661444e-09	2.088352e+01	1.705160e+02
5.890000e-06	2.429893e-09	6.623978e-09	2.071891e+01	1.693839e+02
5.900000e-06	2.410497e-09	6.592048e-09	2.055353e+01	1.682425e+02
5.910000e-06	2.391007e-09	6.557101e-09	2.038734e+01	1.670919e+02
5.920000e-06	2.371424e-09	6.511678e-09	2.022036e+01	1.659325e+02
5.930000e-06	2.351762e-09	6.459940e-09	2.005272e+01	1.647651e+02
5.940000e-06	2.332046e-09	6.409358e-09	1.988460e+01	1.635902e+02
5.950000e-06	2.312287e-09	6.355993e-09	1.971612e+01	1.624086e+02
5.960000e-06	2.292494e-09	6.299763e-09	1.954736e+01	1.612210e+02
5.970000e-06	2.272666e-09	6.251701e-09	1.937829e+01	1.600281e+02
5.980000e-06	2.252795e-09	6.216017e-09	1.920886e+01	1.588305e+02
5.990000e-06	2.232882e-09	6.181293e-09	1.903906e+01	1.576286e+02
6.000000e-06	2.212931e-09	6.137062e-09	1.886894e+01	1.564227e+02
6.010000e-06	2.192933e-09	6.087213e-09	1.869843e+01	1.552129e+02
6.020000e-06	2.172880e-09	6.035978e-09	1.852744e+01	1.539993e+02
6.030000e-06	2.152759e-09	5.983577e-09	1.835588e+01	1.527816e+02
6.040000e-06	2.132557e-09	5.930553e-09	1.818362e+01	1.515597e+02
6.050000e-06	2.112274e-09	5.879049e-09	1.801067e+01	1.503330e+02
6.060000e-06	2.091905e-09	5.832548e-09	1.783700e+01	1.491011e+02
6.070000e-06	2.071442e-09	5.792529e-09	1.766252e+01	1.478633e+02
6.080000e-06	2.050844e-09	5.752605e-09	1.748688e+01	1.466191e+02
6.090000e-06	2.030074e-09	5.703685e-09	1.730979e+01	1.453677e+02
6.100000e-06	2.009140e-09	5.647277e-09	1.713129e+01	1.441086e+02
6.110000e-06	1.988053e-09	5.590293e-09	1.695149e+01	1.428412e+02
6.120000e-06	1.966802e-09	5.536794e-09	1.677029e+01	1.415652e+02
6.130000e-06	1.945400e-09	5.483965e-09	1.658780e+01	1.402803e+02
6.140000e-06	1.923866e-09	5.431036e-09	1.640419e+01	1.389865e+02
6.150000e-06	1.902168e-09	5.383466e-09	1.621918e+01	1.376843e+02
6.160000e-06	1.880274e-09	5.340768e-09	1.603250e+01	1.363742e+02
6.170000e-06	1.858192e-09	5.294953e-09	1.584422e+01	1.350568e+02
6.180000e-06	1.835979e-09	5.241750e-09	1.565481e+01	1.337333e+02
6.190000e-06	1.813640e-09	5.186466e-09	1.546434e+01	1.324045e+02
6.200000e-06	1.791135e-09	5.132490e-09	1.527244e+01	1.310716e+02
6.210000e-06	1.768460e-09	5.078678e-09	1.507910e+01	1.297355e+02
6.220000e-06	1.745632e-09	5.023308e-09	1.488445e+01	1.283970e+02
6.230000e-06	1.722683e-09	4.966992e-09	1.468878e+01	1.270566e+02
6.240000e-06	1.699656e-09	4.916095e-09	1.449243e+01	1.257145e+02
6.250000e-06	1.676531e-09	4.870667e-09	1.429525e+01	1.243705e+02
6.260000e-06	1.653292e-09	4.822419e-09	1.409710e+01	1.230242e+02
6.270000e-06	1.629971e-09	4.767223e-09	1.389825e+01	1.216748e+02
6.280000e-06	1.606570e-09	4.708955e-09	1.369872e+01	1.203214e+02
6.290000e-06	1.583092e-09	4.651515e-09	1.349853e+01	1.189630e+02
6.300000e-06	1.559559e-09	4.596739e-09	1.329787e+01	1.175986e+02
6.310000e-06	1.535980e-09	4.545632e-09	1.309682e+01	1.162274e+02
6.320000e-06	1.512356e-09	4.495535e-09	1.289539e+01	1.148488e+02
6.330000e-06	1.488690e-09	4.443410e-09	1.269360e+01	1.134625e+02
6.340000e-06	1.464989e-09	4.387670e-09	1.249151e+01	1.120685e+02
6.350000e-06	1.441251e-09	4.329258e-09	1.228910e+01	1.106671e+02
6.360000e-06	1.417481e-09	4.269939e-09	1.208642e+01	1.092592e+02
6.370000e-06	1.393689e-09	4.210675e-09	1.188355e+01	1.078454e+02
6.380000e-06	1.369871e-09	4.153655e-09	1.168047e+01	1.064268e+02
6.390000e-06	1.346026e-09	4.100890e-09	1.147715e+01	1.050044e+02
6.400000e-06	1.322143e-09	4.050678e-09	1.127351e+01	1.035790e+02
6.410000e-06	1.298223e-09	3.997990e-09	1.106954e+01	1.021514e+02
6.420000e-06	1.274285e-09	3.940684e-09	1.086543e+01	1.007221e+02
6.430000e-06	1.250346e-09	3.881528e-09	1.066132e+01	9.929123e+01
6.440000e-06	1.226390e-09	3.824852e-09	1.045705e+01	9.785879e+01
6.450000e-06	1.202395e-09	3.769948e-09	1.025245e+01	9.642454e+01
6.460000e-06	1.178357e-09	3.712921e-09	1.004749e+01	9.498810e+01
6.470000e-06	1.154282e-09	3.654337e-09	9.842208e+00	9.354899e+01
6.480000e-06	1.130169e-09	3.597556e-09	9.636607e+00	9.210680e+01
6.490000e-06	1.106020e-09	3.545717e-09	9.430693e+00	9.066119e+01
6.500000e-06	1.081846e-09	3.491928e-09	9.224568e+00	8.921199e+01
6.510000e-06	1.057647e-09	3.429547e-09	9.018233e+00	8.775923e+01
6.520000e-06	1.033423e-09	3.368642e-09	8.811683e+00	8.630313e+01
6.530000e-06	1.009171e-09	3.316457e-09	8.604892e+00	8.484409e+01
6.540000e-06	9.848786e-10	3.264778e-09	8.397762e+00	8.338265e+01
6.550000e-06	9.605265e-10	3.206681e-09	8.190120e+00	8.191940e+01
6.560000e-06	9.361335e-10	3.145437e-09	7.982129e+00	8.045489e+01
6.570000e-06	9.117231e-10	3.084383e-09	7.773990e+00	7.898957e+01
6.580000e-06	8.872663e-10	3.026614e-09	7.565455e+00	7.752372e+01
6.590000e-06	8.627545e-10	2.973348e-09	7.356450e+00	7.605738e+01
6.600000e-06	8.381977e-10	2.919000e-09	7.147062e+00	7.459034e+01
6.610000e-06	8.135946e-10	2.862510e-09	6.937280e+00	7.312211e+01
6.620000e-06	7.889329e-10	2.807264e-09	6.726998e+00	7.165200e+01
6.630000e-06	7.642189e-10	2.751085e-09	6.516270e+00	7.017915e+01
6.640000e-06	7.394737e-10	2.688394e-09	6.305276e+00	6.870261e+01
6.650000e-06	7.147143e-10	2.621645e-09	6.094161e+00	6.722140e+01
6.660000e-06	6.899304e-10	2.560942e-09	5.882838e+00	6.573467e+01
6.670000e-06	6.650964e-10	2.507374e-09	5.671087e+00	6.424170e+01
6.680000e-06	6.402335e-10	2.455201e-09	5.459089e+00	6.274205e+01
6.690000e-06	6.153527e-10	2.401741e-09	5.246938e+00	6.123553e+01
6.700000e-06	5.904200e-10	2.344753e-09	5.034346e+00	5.972229e+01
6.710000e-06	5.654326e-10	2.282495e-09	4.821287e+00	5.820278e+01
6.720000e-06	5.404363e-10	2.218940e-09	4.608152e+00	5.667769e+01
6.730000e-06	5.154184e-10	2.157965e-09	4.394833e+00	5.514797e+01
6.740000e-06	4.903730e-10	2.097088e-09	4.181279e+00	5.361467e+01
6.750000e-06	4.652888e-10	2.036108e-09	3.967394e+00	5.207891e+01
6.760000e-06	4.401759e-10	1.979575e-09	3.753265e+00	5.054176e+01
6.770000e-06	4.150857e-10	1.925988e-09	3.539330e+00	4.900419e+01
6.780000e-06	3.899884e-10	1.870078e-09	3.325333e+00	4.746693e+01
6.790000e-06	3.648522e-10	1.810959e-09	3.111006e+00	4.593051e+01
6.800000e-06	3.396760e-10	1.748104e-09	2.896337e+00	4.439512e+01
6.810000e-06	3.144750e-10	1.682544e-09	2.681456e+00	4.286070e+01
6.820000e-06	2.892532e-10	1.619626e-09	2.466399e+00	4.132688e+01
6.830000e-06	2.640059e-10	1.560888e-09	2.251123e+00	3.979308e+01
6.840000e-06	2.387623e-10	1.501700e-09	2.035880e+00	3.825854e+01
6.850000e-06	2.135132e-10	1.443234e-09	1.820589e+00	3.672241e+01
6.860000e-06	1.882335e-10	1.387683e-09	1.605037e+00	3.518381e+01
6.870000e-06	1.629505e-10	1.328563e-09	1.389458e+00	3.364193e+01
6.880000e-06	1.376722e-10	1.262374e-09	1.173918e+00	3.209611e+01
6.890000e-06	1.123942e-10	1.195689e-09	9.583812e-01	3.054587e+01
6.900000e-06	8.712062e-11	1.133722e-09	7.428819e-01	2.899095e+01
6.910000e-06	6.183081e-11	1.075486e-09	5.272440e-01	2.743133e+01
6.920000e-06	3.653233e-11	1.018366e-09	3.115323e-01	2.586719e+01
6.930000e-06	1.123338e-11	9.580918e-10	9.581720e-02	2.429892e+01
6.940000e-06	-1.408197e-11	8.948711e-10	-1.200378e-01	2.272702e+01
6.950000e-06	-3.937716e-11	8.345190e-10	-3.357212e-01	2.115203e+01
6.960000e-06	-6.466358e-11	7.759822e-10	-5.513299e-01	1.957451e+01
6.970000e-06	-8.997030e-11	7.124461e-10	-7.671119e-01	1.799493e+01
6.980000e-06	-1.152661e-10	6.472626e-10	-9.828005e-01	1.641363e+01
6.990000e-06	-1.405460e-10	5.875835e-10	-1.198353e+00	1.483078e+01
7.000000e-06	-1.658194e-10	5.282899e-10	-1.413852e+00	1.324641e+01
7.010000e-06	-1.910910e-10	4.640319e-10	-1.629334e+00	1.166034e+01
7.020000e-06	-2.163319e-10	3.981417e-10	-1.844555e+00	1.007229e+01
7.030000e-06	-2.415353e-10	3.340694e-10	-2.059456e+00	8.481864e+00
7.040000e-06	-2.667275e-10	2.739053e-10	-2.274261e+00	6.888658e+00
7.050000e-06	-2.919113e-10	2.154730e-10	-2.488995e+00	5.292281e+00
7.060000e-06	-3.170985e-10	1.530067e-10	-2.703758e+00	3.692425e+00
7.070000e-06	-3.422737e-10	8.625913e-11	-2.918419e+00	2.088900e+00
7.080000e-06	-3.674229e-10	2.116517e-11	-3.132857e+00	4.816619e-01
7.090000e-06	-3.925605e-10	-4.172158e-11	-3.347197e+00	-1.129189e+00
7.100000e-06	-4.176754e-10	-1.061562e-10	-3.561343e+00	-2.743421e+00
7.110000e-06	-4.427536e-10	-1.702399e-10	-3.775177e+00	-4.360700e+00
7.120000e-06	-4.677935e-10	-2.327979e-10	-3.988684e+00	-5.980636e+00
7.130000e-06	-4.927943e-10	-2.923108e-10	-4.201858e+00	-7.602831e+00
7.140000e-06	-5.177881e-10	-3.469151e-10	-4.414971e+00	-9.226921e+00
7.150000e-06	-5.427653e-10	-4.048357e-10	-4.627943e+00	-1.085262e+01
7.160000e-06	-5.676904e-10	-4.728167e-10	-4.840471e+00	-1.247972e+01
7.170000e-06	-5.925939e-10	-5.433167e-10	-5.052815e+00	-1.410816e+01
7.180000e-06	-6.175004e-10	-6.083659e-10	-5.265184e+00	-1.573793e+01
7.190000e-06	-6.423586e-10	-6.718355e-10	-5.477142e+00	-1.736912e+01
7.200000e-06	-6.671613e-10	-7.379201e-10	-5.688626e+00	-1.900186e+01
7.210000e-06	-6.919348e-10	-8.008840e-10	-5.899861e+00	-2.063629e+01
7.220000e-06	-7.166440e-10	-8.566851e-10	-6.110548e+00	-2.227253e+01
7.230000e-06	-7.412936e-10	-9.107982e-10	-6.320728e+00	-2.391064e+01
7.240000e-06	-7.659237e-10	-9.712772e-10	-6.530740e+00	-2.555059e+01
7.250000e-06	-7.905338e-10	-1.040407e-09	-6.740582e+00	-2.719231e+01
7.260000e-06	-8.151106e-10	-1.112509e-09	-6.950141e+00	-2.883563e+01
7.270000e-06	-8.396513e-10	-1.182351e-09	-7.159391e+00	-3.048033e+01
7.280000e-06	-8.641569e-10	-1.248451e-09	-7.368342e+00	-3.212616e+01
7.290000e-06	-8.886273e-10	-1.312003e-09	-7.576993e+00	-3.377284e+01
7.300000e-06	-9.130348e-10	-1.374233e-09	-7.785108e+00	-3.542012e+01
7.310000e-06	-9.373777e-10	-1.432483e-09	-7.992671e+00	-3.706772e+01
7.320000e-06	-9.616787e-10	-1.488728e-09	-8.199878e+00	-3.871540e+01
7.330000e-06	-9.859634e-10	-1.549289e-09	-8.406946e+00	-4.036293e+01
7.340000e-06	-1.010216e-09	-1.616035e-09	-8.613743e+00	-4.201006e+01
7.350000e-06	-1.034424e-09	-1.686051e-09	-8.820153e+00	-4.365650e+01
7.360000e-06	-1.058600e-09	-1.754433e-09	-9.026294e+00	-4.530195e+01
7.370000e-06	-1.082729e-09	-1.815676e-09	-9.232037e+00	-4.694606e+01
7.380000e-06	-1.106816e-09	-1.873654e-09	-9.437414e+00	-4.858845e+01
7.390000e-06	-1.130867e-09	-1.938012e-09	-9.642494e+00	-5.022872e+01
7.400000e-06	-1.154905e-09	-2.004988e-09	-9.847452e+00	-5.186647e+01
7.410000e-06	-1.178924e-09	-2.068065e-09	-1.005226e+01	-5.350141e+01
7.420000e-06	-1.202902e-09	-2.132085e-09	-1.025671e+01	-5.513331e+01
7.430000e-06	-1.226842e-09	-2.200330e-09	-1.046084e+01	-5.676211e+01
7.440000e-06	-1.250762e-09	-2.267275e-09	-1.066480e+01	-5.838791e+01
7.450000e-06	-1.274660e-09	-2.331464e-09	-1.086856e+01	-6.001103e+01
7.460000e-06	-1.298529e-09	-2.391958e-09	-1.107209e+01	-6.163191e+01
7.470000e-06	-1.322385e-09	-2.447985e-09	-1.127550e+01	-6.325118e+01
7.480000e-06	-1.346219e-09	-2.508736e-09	-1.147873e+01	-6.486948e+01
7.490000e-06	-1.370024e-09	-2.576276e-09	-1.168171e+01	-6.648748e+01
7.500000e-06	-1.393804e-09	-2.642071e-09	-1.188447e+01	-6.810572e+01
7.510000e-06	-1.417551e-09	-2.704941e-09	-1.208695e+01	-6.972455e+01
7.520000e-06	-1.441266e-09	-2.769953e-09	-1.228916e+01	-7.134404e+01
7.530000e-06	-1.464949e-09	-2.835457e-09	-1.249110e+01	-7.296397e+01
7.540000e-06	-1.488584e-09	-2.895740e-09	-1.269262e+01	-7.458375e+01
7.550000e-06	-1.512161e-09	-2.952995e-09	-1.289366e+01	-7.620253e+01
7.560000e-06	-1.535685e-09	-3.012677e-09	-1.309424e+01	-7.781920e+01
7.570000e-06	-1.559147e-09	-3.078514e-09	-1.329430e+01	-7.943250e+01
7.580000e-06	-1.582551e-09	-3.150463e-09	-1.349386e+01	-8.104118e+01
7.590000e-06	-1.605888e-09	-3.220190e-09	-1.369284e+01	-8.264408e+01
7.600000e-06	-1.629132e-09	-3.280060e-09	-1.389103e+01	-8.424026e+01
7.610000e-06	-1.652295e-09	-3.334470e-09	-1.408854e+01	-8.582912e+01
7.620000e-06	-1.675349e-09	-3.391982e-09	-1.428511e+01	-8.741041e+01
7.630000e-06	-1.698298e-09	-3.451300e-09	-1.448079e+01	-8.898429e+01
7.640000e-06	-1.721177e-09	-3.510356e-09	-1.467587e+01	-9.055126e+01
7.650000e-06	-1.743931e-09	-3.572093e-09	-1.486988e+01	-9.211210e+01
7.660000e-06	-1.766572e-09	-3.638103e-09	-1.506293e+01	-9.366775e+01
7.670000e-06	-1.789108e-09	-3.707067e-09	-1.525510e+01	-9.521916e+01
7.680000e-06	-1.811482e-09	-3.773294e-09	-1.544587e+01	-9.676721e+01
7.690000e-06	-1.833652e-09	-3.828575e-09	-1.563491e+01	-9.831251e+01
7.700000e-06	-1.855666e-09	-3.876995e-09	-1.582261e+01	-9.985537e+01
7.710000e-06	-1.877544e-09	-3.930454e-09	-1.600916e+01	-1.013958e+02
7.720000e-06	-1.899257e-09	-3.988493e-09	-1.619430e+01	-1.029333e+02
7.730000e-06	-1.920829e-09	-4.048264e-09	-1.637824e+01	-1.044672e+02
7.740000e-06	-1.942232e-09	-4.110273e-09	-1.656074e+01	-1.059967e+02
7.750000e-06	-1.963458e-09	-4.173223e-09	-1.674172e+01	-1.075207e+02
7.760000e-06	-1.984524e-09	-4.237552e-09	-1.692134e+01	-1.090384e+02
7.770000e-06	-2.005431e-09	-4.301332e-09	-1.709961e+01	-1.105488e+02
7.780000e-06	-2.026205e-09	-4.359584e-09	-1.727674e+01	-1.120516e+02
7.790000e-06	-2.046854e-09	-4.411548e-09	-1.745281e+01	-1.135465e+02
7.800000e-06	-2.067368e-09	-4.462345e-09	-1.762772e+01	-1.150336e+02
7.810000e-06	-2.087757e-09	-4.512905e-09	-1.780157e+01	-1.165135e+02
7.820000e-06	-2.108047e-09	-4.561867e-09	-1.797458e+01	-1.179867e+02
7.830000e-06	-2.128266e-09	-4.614426e-09	-1.814698e+01	-1.194540e+02
7.840000e-06	-2.148410e-09	-4.674670e-09	-1.831874e+01	-1.209162e+02
7.850000e-06	-2.168468e-09	-4.743136e-09	-1.848977e+01	-1.223739e+02
7.860000e-06	-2.188467e-09	-4.812510e-09	-1.866030e+01	-1.238276e+02
7.870000e-06	-2.208438e-09	-4.873217e-09	-1.883058e+01	-1.252772e+02
7.880000e-06	-2.228369e-09	-4.922300e-09	-1.900053e+01	-1.267227e+02
7.890000e-06	-2.248254e-09	-4.963135e-09	-1.917008e+01	-1.281635e+02
7.900000e-06	-2.268098e-09	-5.004288e-09	-1.933928e+01	-1.295989e+02
7.910000e-06	-2.287906e-09	-5.051268e-09	-1.950818e+01	-1.310279e+02
7.920000e-06	-2.307672e-09	-5.105699e-09	-1.967671e+01	-1.324498e+02
7.930000e-06	-2.327378e-09	-5.167369e-09	-1.984474e+01	-1.338636e+02
7.940000e-06	-2.347006e-09	-5.235567e-09	-2.001211e+01	-1.352688e+02
7.950000e-06	-2.366582e-09	-5.304571e-09	-2.017902e+01	-1.366651e+02
7.960000e-06	-2.386112e-09	-5.363299e-09	-2.034556e+01	-1.380524e+02
7.970000e-06	-2.405533e-09	-5.409312e-09	-2.051115e+01	-1.394309e+02
7.980000e-06	-2.424819e-09	-5.451529e-09	-2.067560e+01	-1.408012e+02
7.990000e-06	-2.444011e-09	-5.497821e-09	-2.083924e+01	-1.421639e+02
8.000000e-06	-2.463089e-09	-5.546659e-09	-2.100191e+01	-1.435199e+02
8.010000e-06	-2.482003e-09	-5.598661e-09	-2.116318e+01	-1.448699e+02
8.020000e-06	-2.500769e-09	-5.656345e-09	-2.132320e+01	-1.462145e+02
8.030000e-06	-2.519405e-09	-5.715022e-09	-2.148209e+01	-1.475542e+02
8.040000e-06	-2.537921e-09	-5.770631e-09	-2.163998e+01	-1.488892e+02
8.050000e-06	-2.556334e-09	-5.823540e-09	-2.179697e+01	-1.502195e+02
8.060000e-06	-2.574624e-09	-5.873866e-09	-2.195293e+01	-1.515448e+02
8.070000e-06	-2.592802e-09	-5.919605e-09	-2.210792e+01	-1.528647e+02
8.080000e-06	-2.610894e-09	-5.964206e-09	-2.226219e+01	-1.541786e+02
8.090000e-06	-2.628890e-09	-6.014072e-09	-2.241564e+01	-1.554859e+02
8.100000e-06	-2.646819e-09	-6.068425e-09	-2.256851e+01	-1.567860e+02
8.110000e-06	-2.664682e-09	-6.119572e-09	-2.272082e+01	-1.580784e+02
8.120000e-06	-2.682447e-09	-6.166925e-09	-2.287230e+01	-1.593626e+02
8.130000e-06	-2.700114e-09	-6.218264e-09	-2.302294e+01	-1.606383e+02
8.140000e-06	-2.717666e-09	-6.271232e-09	-2.317260e+01	-1.619052e+02
8.150000e-06	-2.735090e-09	-6.320351e-09	-2.332117e+01	-1.631630e+02
8.160000e-06	-2.752373e-09	-6.367851e-09	-2.346854e+01	-1.644117e+02
8.170000e-06	-2.769508e-09	-6.415590e-09	-2.361464e+01	-1.656512e+02
8.180000e-06	-2.786517e-09	-6.460924e-09	-2.375967e+01	-1.668813e+02
8.190000e-06	-2.803385e-09	-6.504148e-09	-2.390350e+01	-1.681020e+02
8.200000e-06	-2.820099e-09	-6.551265e-09	-2.404601e+01	-1.693131e+02
8.210000e-06	-2.836693e-09	-6.603701e-09	-2.418750e+01	-1.705146e+02
8.220000e-06	-2.853159e-09	-6.657807e-09	-2.432791e+01	-1.717066e+02
8.230000e-06	-2.869469e-09	-6.708582e-09	-2.446698e+01	-1.728891e+02
8.240000e-06	-2.885662e-09	-6.753077e-09	-2.460505e+01	-1.740625e+02
8.250000e-06	-2.901775e-09	-6.793349e-09	-2.474244e+01	-1.752272e+02
8.260000e-06	-2.917805e-09	-6.835125e-09	-2.487913e+01	-1.763835e+02
8.270000e-06	-2.933777e-09	-6.881129e-09	-2.501531e+01	-1.775320e+02
8.280000e-06	-2.949693e-09	-6.926954e-09	-2.515102e+01	-1.786733e+02
8.290000e-06	-2.965544e-09	-6.969764e-09	-2.528618e+01	-1.798079e+02
8.300000e-06	-2.981322e-09	-7.013105e-09	-2.542071e+01	-1.809359e+02
8.310000e-06	-2.997012e-09	-7.059498e-09	-2.555450e+01	-1.820575e+02
8.320000e-06	-3.012614e-09	-7.103668e-09	-2.568753e+01	-1.831725e+02
8.330000e-06	-3.028090e-09	-7.141729e-09	-2.581949e+01	-1.842805e+02
8.340000e-06	-3.043397e-09	-7.180710e-09	-2.595001e+01	-1.853807e+02
8.350000e-06	-3.058538e-09	-7.228616e-09	-2.607911e+01	-1.864725e+02
8.360000e-06	-3.073495e-09	-7.279580e-09	-2.620664e+01	-1.875549e+02
8.370000e-06	-3.088207e-09	-7.323009e-09	-2.633208e+01	-1.886271e+02
8.380000e-06	-3.102630e-09	-7.360846e-09	-2.645506e+01	-1.896883e+02
8.390000e-06	-3.116775e-09	-7.398519e-09	-2.657567e+01	-1.907383e+02
8.400000e-06	-3.130687e-09	-7.436774e-09	-2.669429e+01	-1.917769e+02
8.410000e-06	-3.144378e-09	-7.474905e-09	-2.681104e+01	-1.928045e+02
8.420000e-06	-3.157831e-09	-7.514304e-09	-2.692575e+01	-1.938218e+02
8.430000e-06	-3.171036e-09	-7.556822e-09	-2.703834e+01	-1.948297e+02
8.440000e-06	-3.184015e-09	-7.600381e-09	-2.714901e+01	-1.958293e+02
8.450000e-06	-3.196785e-09	-7.641867e-09	-2.725790e+01	-1.968218e+02
8.460000e-06	-3.209382e-09	-7.678655e-09	-2.736531e+01	-1.978082e+02
8.470000e-06	-3.221820e-09	-7.711709e-09	-2.747136e+01	-1.987893e+02
8.480000e-06	-3.234081e-09	-7.745945e-09	-2.757591e+01	-1.997653e+02
8.490000e-06	-3.246202e-09	-7.787898e-09	-2.767926e+01	-2.007361e+02
8.500000e-06	-3.258199e-09	-7.833924e-09	-2.778155e+01	-2.017011e+02
8.510000e-06	-3.270071e-09	-7.872884e-09	-2.788278e+01	-2.026593e+02
8.520000e-06	-3.281831e-09	-7.906132e-09	-2.798306e+01	-2.036092e+02
8.530000e-06	-3.293477e-09	-7.940844e-09	-2.808236e+01	-2.045492e+02
8.540000e-06	-3.305002e-09	-7.979393e-09	-2.818063e+01	-2.054777e+02
8.550000e-06	-3.316365e-09	-8.018063e-09	-2.827751e+01	-2.063931e+02
8.560000e-06	-3.327536e-09	-8.051698e-09	-2.837277e+01	-2.072943e+02
8.570000e-06	-3.338517e-09	-8.083721e-09	-2.846640e+01	-2.081802e+02
8.580000e-06	-3.349314e-09	-8.120810e-09	-2.855847e+01	-2.090507e+02
8.590000e-06	-3.359952e-09	-8.160540e-09	-2.864916e+01	-2.099055e+02
8.600000e-06	-3.370421e-09	-8.193342e-09	-2.873843e+01	-2.107452e+02
8.610000e-06	-3.380748e-09	-8.219479e-09	-2.882649e+01	-2.115704e+02
8.620000e-06	-3.390948e-09	-8.249617e-09	-2.891347e+01	-2.123820e+02
8.630000e-06	-3.401013e-09	-8.288116e-09	-2.899928e+01	-2.131808e+02
8.640000e-06	-3.410965e-09	-8.326185e-09	-2.908414e+01	-2.139676e+02
8.650000e-06	-3.420806e-09	-8.355337e-09	-2.916805e+01	-2.147430e+02
8.660000e-06	-3.430515e-09	-8.379762e-09	-2.925084e+01	-2.155075e+02
8.670000e-06	-3.440076e-09	-8.407867e-09	-2.933236e+01	-2.162610e+02
8.680000e-06	-3.449493e-09	-8.440680e-09	-2.941266e+01	-2.170036e+02
8.690000e-06	-3.458782e-09	-8.470815e-09	-2.949186e+01	-2.177352e+02
8.700000e-06	-3.467913e-09	-8.497541e-09	-2.956972e+01	-2.184555e+02
8.710000e-06	-3.476835e-09	-8.526401e-09	-2.964579e+01	-2.191646e+02
8.720000e-06	-3.485579e-09	-8.556647e-09	-2.972035e+01	-2.198625e+02
8.730000e-06	-3.494160e-09	-8.585237e-09	-2.979352e+01	-2.205496e+02
8.740000e-06	-3.502565e-09	-8.611893e-09	-2.986518e+01	-2.212263e+02
8.750000e-06	-3.510819e-09	-8.636608e-09	-2.993557e+01	-2.218932e+02
8.760000e-06	-3.518956e-09	-8.660196e-09	-3.000494e+01	-2.225509e+02
8.770000e-06	-3.527004e-09	-8.686005e-09	-3.007357e+01	-2.232000e+02
8.780000e-06	-3.534975e-09	-8.714060e-09	-3.014153e+01	-2.238409e+02
8.790000e-06	-3.542862e-09	-8.740909e-09	-3.020879e+01	-2.244734e+02
8.800000e-06	-3.550678e-09	-8.765534e-09	-3.027543e+01	-2.250971e+02
8.810000e-06	-3.558421e-09	-8.789395e-09	-3.034145e+01	-2.257114e+02
8.820000e-06	-3.566050e-09	-8.813061e-09	-3.040650e+01	-2.263148e+02
8.830000e-06	-3.573549e-09	-8.835794e-09	-3.047045e+01	-2.269059e+02
8.840000e-06	-3.580895e-09	-8.858586e-09	-3.053308e+01	-2.274831e+02
8.850000e-06	-3.588072e-09	-8.882033e-09	-3.059427e+01	-2.280448e+02
8.860000e-06	-3.595073e-09	-8.904421e-09	-3.065398e+01	-2.285896e+02
8.870000e-06	-3.601840e-09	-8.925538e-09	-3.071168e+01	-2.291165e+02
8.880000e-06	-3.608348e-09	-8.947241e-09	-3.076717e+01	-2.296253e+02
8.890000e-06	-3.614603e-09	-8.968926e-09	-3.082050e+01	-2.301161e+02
8.900000e-06	-3.620582e-09	-8.987860e-09	-3.087148e+01	-2.305895e+02
8.910000e-06	-3.626264e-09	-9.004969e-09	-3.091993e+01	-2.310470e+02
8.920000e-06	-3.631647e-09	-9.022811e-09	-3.096583e+01	-2.314900e+02
8.930000e-06	-3.636760e-09	-9.041568e-09	-3.100943e+01	-2.319204e+02
8.940000e-06	-3.641616e-09	-9.060497e-09	-3.105083e+01	-2.323397e+02
8.950000e-06	-3.646223e-09	-9.078379e-09	-3.109012e+01	-2.327493e+02
8.960000e-06	-3.650634e-09	-9.094205e-09	-3.112773e+01	-2.331502e+02
8.970000e-06	-3.654904e-09	-9.109122e-09	-3.116413e+01	-2.335426e+02
8.980000e-06	-3.659055e-09	-9.123954e-09	-3.119953e+01	-2.339264e+02
8.990000e-06	-3.663096e-09	-9.138781e-09	-3.123399e+01	-2.343009e+02
9.000000e-06	-3.667046e-09	-9.153104e-09	-3.126767e+01	-2.346649e+02
9.010000e-06	-3.670923e-09	-9.165949e-09	-3.130073e+01	-2.350170e+02
9.020000e-06	-3.674712e-09	-9.177655e-09	-3.133303e+01	-2.353561e+02
9.030000e-06	-3.678414e-09	-9.191026e-09	-3.136459e+01	-2.356808e+02
9.040000e-06	-3.682025e-09	-9.206970e-09	-3.139539e+01	-2.359906e+02
9.050000e-06	-3.685505e-09	-9.220483e-09	-3.142506e+01	-2.362851e+02
9.060000e-06	-3.688830e-09	-9.229588e-09	-3.145341e+01	-2.365646e+02
9.070000e-06	-3.691973e-09	-9.239052e-09	-3.148022e+01	-2.368300e+02
9.080000e-06	-3.694944e-09	-9.252475e-09	-3.150555e+01	-2.370823e+02
9.090000e-06	-3.697727e-09	-9.265131e-09	-3.152927e+01	-2.373230e+02
9.100000e-06	-3.700317e-09	-9.270783e-09	-3.155136e+01	-2.375534e+02
9.110000e-06	-3.702746e-09	-9.274680e-09	-3.157207e+01	-2.377747e+02
9.120000e-06	-3.705021e-09	-9.286218e-09	-3.159147e+01	-2.379876e+02
9.130000e-06	-3.707156e-09	-9.303233e-09	-3.160967e+01	-2.381926e+02
9.140000e-06	-3.709166e-09	-9.315126e-09	-3.162681e+01	-2.383895e+02
9.150000e-06	-3.711057e-09	-9.320548e-09	-3.164294e+01	-2.385777e+02
9.160000e-06	-3.712828e-09	-9.325878e-09	-3.165804e+01	-2.387561e+02
9.170000e-06	-3.714472e-09	-9.333824e-09	-3.167206e+01	-2.389235e+02
9.180000e-06	-3.715868e-09	-9.342966e-09	-3.168396e+01	-2.390788e+02
9.190000e-06	-3.717019e-09	-9.349070e-09	-3.169378e+01	-2.392209e+02
9.200000e-06	-3.718069e-09	-9.352244e-09	-3.170272e+01	-2.393491e+02
9.210000e-06	-3.718978e-09	-9.359610e-09	-3.171047e+01	-2.394631e+02
9.220000e-06	-3.719691e-09	-9.370795e-09	-3.171656e+01	-2.395630e+02
9.230000e-06	-3.720248e-09	-9.374942e-09	-3.172131e+01	-2.396493e+02
9.240000e-06	-3.720671e-09	-9.372941e-09	-3.172491e+01	-2.397229e+02
9.250000e-06	-3.720955e-09	-9.375008e-09	-3.172733e+01	-2.397845e+02
