# Temperatura_=_20.0
# Concentracion g/m^3_=_10770.0
# C_Vs_to_Am_M_A/Vsm_=_116720831517.84952
# pendiente_HvsI_1/m_=_3716.3
# ordenada_HvsI_A/m_=_1297.0
# frecuencia_Hz_=_108146.13739555971
# Promedio de 32 ciclos

Tiempo_(s)	Campo_(V.s)	Magnetizacion_(V.s)	Campo_(kA/m)	Magnetizacion_(A/m)
0.000000e+00	-4.535065e-09	-2.495059e-09	-3.695795e+01	-2.862575e+02
1.000000e-08	-4.535303e-09	-2.496271e-09	-3.695989e+01	-2.862546e+02
2.000000e-08	-4.535448e-09	-2.492799e-09	-3.696107e+01	-2.862141e+02
3.000000e-08	-4.535495e-09	-2.479949e-09	-3.696146e+01	-2.861422e+02
4.000000e-08	-4.535413e-09	-2.461922e-09	-3.696078e+01	-2.860488e+02
5.000000e-08	-4.535174e-09	-2.453741e-09	-3.695884e+01	-2.859468e+02
6.000000e-08	-4.534735e-09	-2.465881e-09	-3.695527e+01	-2.858512e+02
7.000000e-08	-4.534036e-09	-2.499003e-09	-3.694956e+01	-2.857770e+02
8.000000e-08	-4.533018e-09	-2.551189e-09	-3.694127e+01	-2.857379e+02
9.000000e-08	-4.531629e-09	-2.589209e-09	-3.692995e+01	-2.857442e+02
1.000000e-07	-4.529828e-09	-2.576392e-09	-3.691527e+01	-2.858021e+02
1.100000e-07	-4.527649e-09	-2.490905e-09	-3.689751e+01	-2.859121e+02
1.200000e-07	-4.525132e-09	-2.414530e-09	-3.687700e+01	-2.860691e+02
1.300000e-07	-4.522304e-09	-2.404596e-09	-3.685396e+01	-2.862624e+02
1.400000e-07	-4.519200e-09	-2.437151e-09	-3.682866e+01	-2.864766e+02
1.500000e-07	-4.515861e-09	-2.420727e-09	-3.680145e+01	-2.866932e+02
1.600000e-07	-4.512353e-09	-2.397557e-09	-3.677286e+01	-2.868920e+02
1.700000e-07	-4.508693e-09	-2.489234e-09	-3.674304e+01	-2.870534e+02
1.800000e-07	-4.504914e-09	-2.566383e-09	-3.671224e+01	-2.871599e+02
1.900000e-07	-4.501043e-09	-2.519982e-09	-3.668069e+01	-2.871981e+02
2.000000e-07	-4.497072e-09	-2.394350e-09	-3.664833e+01	-2.871595e+02
2.100000e-07	-4.492980e-09	-2.407498e-09	-3.661498e+01	-2.870413e+02
2.200000e-07	-4.488727e-09	-2.483366e-09	-3.658032e+01	-2.868462e+02
2.300000e-07	-4.484298e-09	-2.466938e-09	-3.654423e+01	-2.865824e+02
2.400000e-07	-4.479676e-09	-2.440249e-09	-3.650657e+01	-2.862617e+02
2.500000e-07	-4.474840e-09	-2.474276e-09	-3.646716e+01	-2.858988e+02
2.600000e-07	-4.469793e-09	-2.521073e-09	-3.642602e+01	-2.855093e+02
2.700000e-07	-4.464540e-09	-2.444649e-09	-3.638321e+01	-2.851083e+02
2.800000e-07	-4.459093e-09	-2.400221e-09	-3.633883e+01	-2.847089e+02
2.900000e-07	-4.453444e-09	-2.427146e-09	-3.629279e+01	-2.843212e+02
3.000000e-07	-4.447599e-09	-2.450392e-09	-3.624516e+01	-2.839518e+02
3.100000e-07	-4.441558e-09	-2.451486e-09	-3.619593e+01	-2.836032e+02
3.200000e-07	-4.435293e-09	-2.463957e-09	-3.614487e+01	-2.832749e+02
3.300000e-07	-4.428780e-09	-2.475417e-09	-3.609180e+01	-2.829632e+02
3.400000e-07	-4.422036e-09	-2.414463e-09	-3.603684e+01	-2.826628e+02
3.500000e-07	-4.415073e-09	-2.410403e-09	-3.598009e+01	-2.823675e+02
3.600000e-07	-4.407888e-09	-2.439281e-09	-3.592154e+01	-2.820713e+02
3.700000e-07	-4.400503e-09	-2.427768e-09	-3.586136e+01	-2.817690e+02
3.800000e-07	-4.392955e-09	-2.404705e-09	-3.579985e+01	-2.814575e+02
3.900000e-07	-4.385279e-09	-2.447561e-09	-3.573729e+01	-2.811353e+02
4.000000e-07	-4.377502e-09	-2.480394e-09	-3.567391e+01	-2.808030e+02
4.100000e-07	-4.369637e-09	-2.417397e-09	-3.560981e+01	-2.804626e+02
4.200000e-07	-4.361667e-09	-2.392704e-09	-3.554487e+01	-2.801174e+02
4.300000e-07	-4.353580e-09	-2.412641e-09	-3.547896e+01	-2.797710e+02
4.400000e-07	-4.345339e-09	-2.415484e-09	-3.541180e+01	-2.794267e+02
4.500000e-07	-4.336904e-09	-2.400729e-09	-3.534306e+01	-2.790870e+02
4.600000e-07	-4.328265e-09	-2.412696e-09	-3.527266e+01	-2.787527e+02
4.700000e-07	-4.319353e-09	-2.416222e-09	-3.520003e+01	-2.784235e+02
4.800000e-07	-4.310144e-09	-2.393449e-09	-3.512499e+01	-2.780971e+02
4.900000e-07	-4.300606e-09	-2.398361e-09	-3.504726e+01	-2.777699e+02
5.000000e-07	-4.290681e-09	-2.384741e-09	-3.496637e+01	-2.774371e+02
5.100000e-07	-4.280414e-09	-2.362355e-09	-3.488270e+01	-2.770937e+02
5.200000e-07	-4.269813e-09	-2.366583e-09	-3.479631e+01	-2.767344e+02
5.300000e-07	-4.258873e-09	-2.390122e-09	-3.470716e+01	-2.763547e+02
5.400000e-07	-4.247653e-09	-2.384580e-09	-3.461572e+01	-2.759509e+02
5.500000e-07	-4.236210e-09	-2.359661e-09	-3.452247e+01	-2.755209e+02
5.600000e-07	-4.224562e-09	-2.358485e-09	-3.442754e+01	-2.750637e+02
5.700000e-07	-4.212741e-09	-2.351204e-09	-3.433121e+01	-2.745800e+02
5.800000e-07	-4.200764e-09	-2.343366e-09	-3.423360e+01	-2.740717e+02
5.900000e-07	-4.188608e-09	-2.329266e-09	-3.413454e+01	-2.735416e+02
6.000000e-07	-4.176251e-09	-2.322856e-09	-3.403384e+01	-2.729932e+02
6.100000e-07	-4.163702e-09	-2.324948e-09	-3.393157e+01	-2.724301e+02
6.200000e-07	-4.150952e-09	-2.323010e-09	-3.382767e+01	-2.718559e+02
6.300000e-07	-4.137982e-09	-2.313145e-09	-3.372197e+01	-2.712738e+02
6.400000e-07	-4.124798e-09	-2.292967e-09	-3.361452e+01	-2.706862e+02
6.500000e-07	-4.111420e-09	-2.283888e-09	-3.350551e+01	-2.700949e+02
6.600000e-07	-4.097864e-09	-2.278063e-09	-3.339503e+01	-2.695008e+02
6.700000e-07	-4.084127e-09	-2.280811e-09	-3.328308e+01	-2.689044e+02
6.800000e-07	-4.070222e-09	-2.274696e-09	-3.316977e+01	-2.683051e+02
6.900000e-07	-4.056150e-09	-2.264543e-09	-3.305509e+01	-2.677021e+02
7.000000e-07	-4.041886e-09	-2.263831e-09	-3.293885e+01	-2.670944e+02
7.100000e-07	-4.027398e-09	-2.258858e-09	-3.282078e+01	-2.664805e+02
7.200000e-07	-4.012629e-09	-2.245614e-09	-3.270042e+01	-2.658590e+02
7.300000e-07	-3.997559e-09	-2.228042e-09	-3.257761e+01	-2.652287e+02
7.400000e-07	-3.982199e-09	-2.226013e-09	-3.245244e+01	-2.645883e+02
7.500000e-07	-3.966552e-09	-2.225545e-09	-3.232492e+01	-2.639369e+02
7.600000e-07	-3.950640e-09	-2.226709e-09	-3.219524e+01	-2.632737e+02
7.700000e-07	-3.934479e-09	-2.223760e-09	-3.206354e+01	-2.625983e+02
7.800000e-07	-3.918093e-09	-2.212947e-09	-3.193001e+01	-2.619109e+02
7.900000e-07	-3.901499e-09	-2.204768e-09	-3.179478e+01	-2.612119e+02
8.000000e-07	-3.884718e-09	-2.193879e-09	-3.165803e+01	-2.605022e+02
8.100000e-07	-3.867800e-09	-2.184930e-09	-3.152016e+01	-2.597832e+02
8.200000e-07	-3.850770e-09	-2.173668e-09	-3.138137e+01	-2.590566e+02
8.300000e-07	-3.833616e-09	-2.173333e-09	-3.124158e+01	-2.583246e+02
8.400000e-07	-3.816321e-09	-2.178314e-09	-3.110063e+01	-2.575896e+02
8.500000e-07	-3.798907e-09	-2.178484e-09	-3.095872e+01	-2.568539e+02
8.600000e-07	-3.781365e-09	-2.170910e-09	-3.081576e+01	-2.561197e+02
8.700000e-07	-3.763688e-09	-2.156502e-09	-3.067170e+01	-2.553887e+02
8.800000e-07	-3.745857e-09	-2.147633e-09	-3.052639e+01	-2.546622e+02
8.900000e-07	-3.727848e-09	-2.134874e-09	-3.037963e+01	-2.539405e+02
9.000000e-07	-3.709651e-09	-2.123539e-09	-3.023134e+01	-2.532231e+02
9.100000e-07	-3.691253e-09	-2.114652e-09	-3.008141e+01	-2.525086e+02
9.200000e-07	-3.672653e-09	-2.114633e-09	-2.992983e+01	-2.517946e+02
9.300000e-07	-3.653841e-09	-2.121642e-09	-2.977652e+01	-2.510780e+02
9.400000e-07	-3.634813e-09	-2.122532e-09	-2.962146e+01	-2.503554e+02
9.500000e-07	-3.615602e-09	-2.116550e-09	-2.946490e+01	-2.496228e+02
9.600000e-07	-3.596223e-09	-2.102851e-09	-2.930697e+01	-2.488766e+02
9.700000e-07	-3.576696e-09	-2.094809e-09	-2.914784e+01	-2.481135e+02
9.800000e-07	-3.557064e-09	-2.087599e-09	-2.898785e+01	-2.473312e+02
9.900000e-07	-3.537338e-09	-2.078863e-09	-2.882709e+01	-2.465281e+02
1.000000e-06	-3.517541e-09	-2.070279e-09	-2.866576e+01	-2.457037e+02
1.010000e-06	-3.497677e-09	-2.065349e-09	-2.850389e+01	-2.448586e+02
1.020000e-06	-3.477744e-09	-2.066264e-09	-2.834144e+01	-2.439946e+02
1.030000e-06	-3.457740e-09	-2.062797e-09	-2.817842e+01	-2.431142e+02
1.040000e-06	-3.437640e-09	-2.056699e-09	-2.801462e+01	-2.422204e+02
1.050000e-06	-3.417433e-09	-2.047211e-09	-2.784994e+01	-2.413166e+02
1.060000e-06	-3.397099e-09	-2.040249e-09	-2.768423e+01	-2.404059e+02
1.070000e-06	-3.376613e-09	-2.034211e-09	-2.751728e+01	-2.394914e+02
1.080000e-06	-3.355957e-09	-2.024923e-09	-2.734895e+01	-2.385754e+02
1.090000e-06	-3.335133e-09	-2.012907e-09	-2.717925e+01	-2.376595e+02
1.100000e-06	-3.314142e-09	-2.001317e-09	-2.700819e+01	-2.367445e+02
1.110000e-06	-3.292993e-09	-1.996745e-09	-2.683583e+01	-2.358304e+02
1.120000e-06	-3.271682e-09	-1.992822e-09	-2.666216e+01	-2.349169e+02
1.130000e-06	-3.250215e-09	-1.987455e-09	-2.648722e+01	-2.340027e+02
1.140000e-06	-3.228609e-09	-1.979129e-09	-2.631115e+01	-2.330867e+02
1.150000e-06	-3.206866e-09	-1.970447e-09	-2.613395e+01	-2.321675e+02
1.160000e-06	-3.184987e-09	-1.959514e-09	-2.595565e+01	-2.312440e+02
1.170000e-06	-3.162974e-09	-1.944557e-09	-2.577626e+01	-2.303152e+02
1.180000e-06	-3.140844e-09	-1.929519e-09	-2.559592e+01	-2.293806e+02
1.190000e-06	-3.118573e-09	-1.916082e-09	-2.541442e+01	-2.284399e+02
1.200000e-06	-3.096149e-09	-1.910547e-09	-2.523168e+01	-2.274932e+02
1.210000e-06	-3.073590e-09	-1.908543e-09	-2.504783e+01	-2.265405e+02
1.220000e-06	-3.050868e-09	-1.905746e-09	-2.486267e+01	-2.255822e+02
1.230000e-06	-3.027975e-09	-1.898950e-09	-2.467610e+01	-2.246183e+02
1.240000e-06	-3.004936e-09	-1.888773e-09	-2.448834e+01	-2.236487e+02
1.250000e-06	-2.981756e-09	-1.875665e-09	-2.429944e+01	-2.226730e+02
1.260000e-06	-2.958440e-09	-1.857077e-09	-2.410944e+01	-2.216906e+02
1.270000e-06	-2.935000e-09	-1.838969e-09	-2.391841e+01	-2.207008e+02
1.280000e-06	-2.911468e-09	-1.825432e-09	-2.372664e+01	-2.197025e+02
1.290000e-06	-2.887859e-09	-1.820126e-09	-2.353424e+01	-2.186948e+02
1.300000e-06	-2.864153e-09	-1.817146e-09	-2.334105e+01	-2.176772e+02
1.310000e-06	-2.840365e-09	-1.811545e-09	-2.314720e+01	-2.166492e+02
1.320000e-06	-2.816505e-09	-1.804531e-09	-2.295275e+01	-2.156112e+02
1.330000e-06	-2.792565e-09	-1.795420e-09	-2.275765e+01	-2.145637e+02
1.340000e-06	-2.768542e-09	-1.783762e-09	-2.256188e+01	-2.135081e+02
1.350000e-06	-2.744433e-09	-1.768875e-09	-2.236541e+01	-2.124459e+02
1.360000e-06	-2.720240e-09	-1.755431e-09	-2.216825e+01	-2.113790e+02
1.370000e-06	-2.695953e-09	-1.744546e-09	-2.197032e+01	-2.103093e+02
1.380000e-06	-2.671529e-09	-1.734911e-09	-2.177128e+01	-2.092386e+02
1.390000e-06	-2.646938e-09	-1.723366e-09	-2.157088e+01	-2.081679e+02
1.400000e-06	-2.622189e-09	-1.709102e-09	-2.136919e+01	-2.070979e+02
1.410000e-06	-2.597273e-09	-1.696355e-09	-2.116615e+01	-2.060284e+02
1.420000e-06	-2.572165e-09	-1.687310e-09	-2.096153e+01	-2.049581e+02
1.430000e-06	-2.546852e-09	-1.680393e-09	-2.075525e+01	-2.038851e+02
1.440000e-06	-2.521326e-09	-1.671706e-09	-2.054723e+01	-2.028070e+02
1.450000e-06	-2.495594e-09	-1.661245e-09	-2.033753e+01	-2.017207e+02
1.460000e-06	-2.469673e-09	-1.651393e-09	-2.012629e+01	-2.006231e+02
1.470000e-06	-2.443570e-09	-1.642857e-09	-1.991357e+01	-1.995113e+02
1.480000e-06	-2.417297e-09	-1.632523e-09	-1.969945e+01	-1.983829e+02
1.490000e-06	-2.390853e-09	-1.620803e-09	-1.948395e+01	-1.972363e+02
1.500000e-06	-2.364216e-09	-1.610025e-09	-1.926688e+01	-1.960710e+02
1.510000e-06	-2.337385e-09	-1.601929e-09	-1.904823e+01	-1.948875e+02
1.520000e-06	-2.310398e-09	-1.595022e-09	-1.882830e+01	-1.936873e+02
1.530000e-06	-2.283276e-09	-1.585729e-09	-1.860727e+01	-1.924730e+02
1.540000e-06	-2.256022e-09	-1.575416e-09	-1.838516e+01	-1.912475e+02
1.550000e-06	-2.228648e-09	-1.565234e-09	-1.816209e+01	-1.900144e+02
1.560000e-06	-2.201166e-09	-1.557386e-09	-1.793813e+01	-1.887773e+02
1.570000e-06	-2.173596e-09	-1.550178e-09	-1.771344e+01	-1.875392e+02
1.580000e-06	-2.145964e-09	-1.541160e-09	-1.748826e+01	-1.863027e+02
1.590000e-06	-2.118272e-09	-1.532299e-09	-1.726259e+01	-1.850696e+02
1.600000e-06	-2.090521e-09	-1.524935e-09	-1.703643e+01	-1.838408e+02
1.610000e-06	-2.062717e-09	-1.516875e-09	-1.680985e+01	-1.826161e+02
1.620000e-06	-2.034865e-09	-1.505142e-09	-1.658287e+01	-1.813947e+02
1.630000e-06	-2.006980e-09	-1.493283e-09	-1.635563e+01	-1.801753e+02
1.640000e-06	-1.979072e-09	-1.483689e-09	-1.612819e+01	-1.789560e+02
1.650000e-06	-1.951121e-09	-1.475676e-09	-1.590041e+01	-1.777351e+02
1.660000e-06	-1.923116e-09	-1.466481e-09	-1.567219e+01	-1.765111e+02
1.670000e-06	-1.895059e-09	-1.454445e-09	-1.544354e+01	-1.752829e+02
1.680000e-06	-1.866941e-09	-1.442757e-09	-1.521439e+01	-1.740499e+02
1.690000e-06	-1.838768e-09	-1.432524e-09	-1.498480e+01	-1.728120e+02
1.700000e-06	-1.810547e-09	-1.423397e-09	-1.475481e+01	-1.715697e+02
1.710000e-06	-1.782265e-09	-1.412607e-09	-1.452433e+01	-1.703238e+02
1.720000e-06	-1.753919e-09	-1.401905e-09	-1.429333e+01	-1.690749e+02
1.730000e-06	-1.725508e-09	-1.393007e-09	-1.406180e+01	-1.678236e+02
1.740000e-06	-1.697017e-09	-1.383863e-09	-1.382962e+01	-1.665701e+02
1.750000e-06	-1.668436e-09	-1.373278e-09	-1.359670e+01	-1.653138e+02
1.760000e-06	-1.639768e-09	-1.361050e-09	-1.336308e+01	-1.640535e+02
1.770000e-06	-1.611022e-09	-1.348903e-09	-1.312881e+01	-1.627873e+02
1.780000e-06	-1.582200e-09	-1.337364e-09	-1.289393e+01	-1.615127e+02
1.790000e-06	-1.553286e-09	-1.325759e-09	-1.265830e+01	-1.602269e+02
1.800000e-06	-1.524278e-09	-1.311175e-09	-1.242190e+01	-1.589271e+02
1.810000e-06	-1.495183e-09	-1.295551e-09	-1.218479e+01	-1.576108e+02
1.820000e-06	-1.466002e-09	-1.280575e-09	-1.194699e+01	-1.562761e+02
1.830000e-06	-1.436752e-09	-1.267749e-09	-1.170862e+01	-1.549219e+02
1.840000e-06	-1.407443e-09	-1.260447e-09	-1.146977e+01	-1.535483e+02
1.850000e-06	-1.378058e-09	-1.253738e-09	-1.123030e+01	-1.521563e+02
1.860000e-06	-1.348600e-09	-1.243189e-09	-1.099023e+01	-1.507479e+02
1.870000e-06	-1.319089e-09	-1.227538e-09	-1.074974e+01	-1.493258e+02
1.880000e-06	-1.289547e-09	-1.207678e-09	-1.050899e+01	-1.478932e+02
1.890000e-06	-1.259961e-09	-1.185043e-09	-1.026788e+01	-1.464531e+02
1.900000e-06	-1.230312e-09	-1.163285e-09	-1.002626e+01	-1.450081e+02
1.910000e-06	-1.200616e-09	-1.149323e-09	-9.784261e+00	-1.435599e+02
1.920000e-06	-1.170896e-09	-1.143603e-09	-9.542055e+00	-1.421092e+02
1.930000e-06	-1.141139e-09	-1.142357e-09	-9.299557e+00	-1.406553e+02
1.940000e-06	-1.111317e-09	-1.136256e-09	-9.056525e+00	-1.391966e+02
1.950000e-06	-1.081452e-09	-1.120850e-09	-8.813145e+00	-1.377302e+02
1.960000e-06	-1.051561e-09	-1.099975e-09	-8.569554e+00	-1.362523e+02
1.970000e-06	-1.021635e-09	-1.077962e-09	-8.325675e+00	-1.347591e+02
1.980000e-06	-9.916764e-10	-1.057940e-09	-8.081528e+00	-1.332469e+02
1.990000e-06	-9.616866e-10	-1.041874e-09	-7.837130e+00	-1.317125e+02
2.000000e-06	-9.316684e-10	-1.033213e-09	-7.592500e+00	-1.301540e+02
2.010000e-06	-9.016083e-10	-1.029641e-09	-7.347529e+00	-1.285708e+02
2.020000e-06	-8.714963e-10	-1.022451e-09	-7.102134e+00	-1.269637e+02
2.030000e-06	-8.413477e-10	-1.006913e-09	-6.856442e+00	-1.253354e+02
2.040000e-06	-8.111831e-10	-9.851482e-10	-6.610619e+00	-1.236896e+02
2.050000e-06	-7.810193e-10	-9.612792e-10	-6.364803e+00	-1.220313e+02
2.060000e-06	-7.508152e-10	-9.396182e-10	-6.118658e+00	-1.203659e+02
2.070000e-06	-7.205653e-10	-9.226688e-10	-5.872141e+00	-1.186990e+02
2.080000e-06	-6.903013e-10	-9.092326e-10	-5.625508e+00	-1.170357e+02
2.090000e-06	-6.600143e-10	-8.989092e-10	-5.378688e+00	-1.153801e+02
2.100000e-06	-6.296976e-10	-8.906875e-10	-5.131626e+00	-1.137353e+02
2.110000e-06	-5.993580e-10	-8.800575e-10	-4.884377e+00	-1.121025e+02
2.120000e-06	-5.689842e-10	-8.666721e-10	-4.636849e+00	-1.104818e+02
2.130000e-06	-5.385960e-10	-8.511680e-10	-4.389204e+00	-1.088713e+02
2.140000e-06	-5.082037e-10	-8.354500e-10	-4.141525e+00	-1.072683e+02
2.150000e-06	-4.777825e-10	-8.228164e-10	-3.893612e+00	-1.056689e+02
2.160000e-06	-4.473454e-10	-8.118732e-10	-3.645568e+00	-1.040687e+02
2.170000e-06	-4.169111e-10	-7.997556e-10	-3.397547e+00	-1.024632e+02
2.180000e-06	-3.864633e-10	-7.847288e-10	-3.149417e+00	-1.008483e+02
2.190000e-06	-3.559747e-10	-7.694181e-10	-2.900954e+00	-9.922032e+01
2.200000e-06	-3.254641e-10	-7.552314e-10	-2.652312e+00	-9.757673e+01
2.210000e-06	-2.949492e-10	-7.432746e-10	-2.403634e+00	-9.591590e+01
2.220000e-06	-2.644247e-10	-7.335406e-10	-2.154878e+00	-9.423734e+01
2.230000e-06	-2.338850e-10	-7.242998e-10	-1.905998e+00	-9.254166e+01
2.240000e-06	-2.032893e-10	-7.148152e-10	-1.656662e+00	-9.083040e+01
2.250000e-06	-1.726569e-10	-7.024612e-10	-1.407027e+00	-8.910584e+01
2.260000e-06	-1.420484e-10	-6.865073e-10	-1.157587e+00	-8.737079e+01
2.270000e-06	-1.114435e-10	-6.668637e-10	-9.081757e-01	-8.562829e+01
2.280000e-06	-8.083773e-11	-6.475895e-10	-6.587580e-01	-8.388137e+01
2.290000e-06	-5.023711e-11	-6.325207e-10	-4.093819e-01	-8.213282e+01
2.300000e-06	-1.962732e-11	-6.208113e-10	-1.599311e-01	-8.038488e+01
2.310000e-06	1.098413e-11	-6.114923e-10	8.953320e-02	-7.863912e+01
2.320000e-06	4.159053e-11	-6.014881e-10	3.389563e-01	-7.689626e+01
2.330000e-06	7.219413e-11	-5.897562e-10	5.883565e-01	-7.515603e+01
2.340000e-06	1.027659e-10	-5.763077e-10	8.374976e-01	-7.341714e+01
2.350000e-06	1.332968e-10	-5.611953e-10	1.086305e+00	-7.167734e+01
2.360000e-06	1.638191e-10	-5.449707e-10	1.335043e+00	-6.993342e+01
2.370000e-06	1.943395e-10	-5.291842e-10	1.583766e+00	-6.818148e+01
2.380000e-06	2.248670e-10	-5.164676e-10	1.832546e+00	-6.641709e+01
2.390000e-06	2.554021e-10	-5.059284e-10	2.081387e+00	-6.463569e+01
2.400000e-06	2.859263e-10	-4.969635e-10	2.330141e+00	-6.283289e+01
2.410000e-06	3.164346e-10	-4.870859e-10	2.578765e+00	-6.100489e+01
2.420000e-06	3.469347e-10	-4.739860e-10	2.827321e+00	-5.914888e+01
2.430000e-06	3.774230e-10	-4.575486e-10	3.075781e+00	-5.726332e+01
2.440000e-06	4.078846e-10	-4.391879e-10	3.324024e+00	-5.534825e+01
2.450000e-06	4.383268e-10	-4.210728e-10	3.572110e+00	-5.340533e+01
2.460000e-06	4.687470e-10	-4.021141e-10	3.820015e+00	-5.143779e+01
2.470000e-06	4.991676e-10	-3.834291e-10	4.067924e+00	-4.945026e+01
2.480000e-06	5.295935e-10	-3.656030e-10	4.315876e+00	-4.744833e+01
2.490000e-06	5.599684e-10	-3.489780e-10	4.563414e+00	-4.543803e+01
2.500000e-06	5.902862e-10	-3.339269e-10	4.810484e+00	-4.342523e+01
2.510000e-06	6.205832e-10	-3.185862e-10	5.057386e+00	-4.141498e+01
2.520000e-06	6.508705e-10	-3.024358e-10	5.304209e+00	-3.941091e+01
2.530000e-06	6.811343e-10	-2.847112e-10	5.550840e+00	-3.741471e+01
2.540000e-06	7.113742e-10	-2.662216e-10	5.797276e+00	-3.542583e+01
2.550000e-06	7.415807e-10	-2.465752e-10	6.043440e+00	-3.344142e+01
2.560000e-06	7.717302e-10	-2.258016e-10	6.289140e+00	-3.145639e+01
2.570000e-06	8.018373e-10	-2.052375e-10	6.534494e+00	-2.946393e+01
2.580000e-06	8.319339e-10	-1.863237e-10	6.779763e+00	-2.745602e+01
2.590000e-06	8.620124e-10	-1.697505e-10	7.024885e+00	-2.542424e+01
2.600000e-06	8.920621e-10	-1.532581e-10	7.269771e+00	-2.336061e+01
2.610000e-06	9.220813e-10	-1.352249e-10	7.514409e+00	-2.125838e+01
2.620000e-06	9.520742e-10	-1.153007e-10	7.758833e+00	-1.911276e+01
2.630000e-06	9.820454e-10	-9.552244e-11	8.003080e+00	-1.692143e+01
2.640000e-06	1.011979e-09	-7.692739e-11	8.247024e+00	-1.468480e+01
2.650000e-06	1.041867e-09	-5.890879e-11	8.490591e+00	-1.240603e+01
2.660000e-06	1.071722e-09	-4.024227e-11	8.733890e+00	-1.009071e+01
2.670000e-06	1.101540e-09	-2.015913e-11	8.976887e+00	-7.746362e+00
2.680000e-06	1.131305e-09	1.043887e-12	9.219456e+00	-5.381746e+00
2.690000e-06	1.161035e-09	2.321517e-11	9.461734e+00	-3.006031e+00
2.700000e-06	1.190737e-09	4.451681e-11	9.703785e+00	-6.280113e-01
2.710000e-06	1.220398e-09	6.450315e-11	9.945509e+00	1.744621e+00
2.720000e-06	1.250015e-09	8.303040e-11	1.018687e+01	4.105844e+00
2.730000e-06	1.279579e-09	1.002518e-10	1.042779e+01	6.451660e+00
2.740000e-06	1.309091e-09	1.191614e-10	1.066830e+01	8.780219e+00
2.750000e-06	1.338539e-09	1.397878e-10	1.090828e+01	1.109172e+01
2.760000e-06	1.367905e-09	1.609519e-10	1.114759e+01	1.338812e+01
2.770000e-06	1.397212e-09	1.818278e-10	1.138643e+01	1.567270e+01
2.780000e-06	1.426462e-09	2.003636e-10	1.162480e+01	1.794957e+01
2.790000e-06	1.455640e-09	2.177658e-10	1.186258e+01	2.022317e+01
2.800000e-06	1.484750e-09	2.332872e-10	1.209981e+01	2.249784e+01
2.810000e-06	1.513794e-09	2.480156e-10	1.233650e+01	2.477750e+01
2.820000e-06	1.542748e-09	2.648093e-10	1.257246e+01	2.706542e+01
2.830000e-06	1.571620e-09	2.835442e-10	1.280775e+01	2.936417e+01
2.840000e-06	1.600433e-09	3.033625e-10	1.304256e+01	3.167565e+01
2.850000e-06	1.629169e-09	3.228159e-10	1.327673e+01	3.400119e+01
2.860000e-06	1.657794e-09	3.432678e-10	1.351001e+01	3.634164e+01
2.870000e-06	1.686319e-09	3.625824e-10	1.374247e+01	3.869748e+01
2.880000e-06	1.714775e-09	3.787127e-10	1.397437e+01	4.106887e+01
2.890000e-06	1.743161e-09	3.937248e-10	1.420570e+01	4.345559e+01
2.900000e-06	1.771466e-09	4.088353e-10	1.443637e+01	4.585695e+01
2.910000e-06	1.799712e-09	4.258985e-10	1.466655e+01	4.827161e+01
2.920000e-06	1.827899e-09	4.455006e-10	1.489626e+01	5.069745e+01
2.930000e-06	1.856014e-09	4.672759e-10	1.512538e+01	5.313146e+01
2.940000e-06	1.884062e-09	4.895161e-10	1.535396e+01	5.556972e+01
2.950000e-06	1.912067e-09	5.105025e-10	1.558218e+01	5.800746e+01
2.960000e-06	1.940032e-09	5.306411e-10	1.581007e+01	6.043941e+01
2.970000e-06	1.967958e-09	5.497335e-10	1.603766e+01	6.286013e+01
2.980000e-06	1.995857e-09	5.685647e-10	1.626501e+01	6.526452e+01
2.990000e-06	2.023722e-09	5.863733e-10	1.649209e+01	6.764843e+01
3.000000e-06	2.051547e-09	6.046189e-10	1.671885e+01	7.000912e+01
3.010000e-06	2.079337e-09	6.257079e-10	1.694532e+01	7.234576e+01
3.020000e-06	2.107085e-09	6.475170e-10	1.717145e+01	7.465964e+01
3.030000e-06	2.134781e-09	6.672408e-10	1.739716e+01	7.695418e+01
3.040000e-06	2.162417e-09	6.824801e-10	1.762238e+01	7.923472e+01
3.050000e-06	2.189994e-09	6.957340e-10	1.784711e+01	8.150799e+01
3.060000e-06	2.217498e-09	7.110897e-10	1.807125e+01	8.378139e+01
3.070000e-06	2.244905e-09	7.311013e-10	1.829460e+01	8.606218e+01
3.080000e-06	2.272190e-09	7.539787e-10	1.851696e+01	8.835656e+01
3.090000e-06	2.299342e-09	7.751703e-10	1.873823e+01	9.066894e+01
3.100000e-06	2.326353e-09	7.944141e-10	1.895835e+01	9.300131e+01
3.110000e-06	2.353193e-09	8.130378e-10	1.917708e+01	9.535296e+01
3.120000e-06	2.379846e-09	8.325254e-10	1.939428e+01	9.772051e+01
3.130000e-06	2.406301e-09	8.510507e-10	1.960987e+01	1.000983e+02
3.140000e-06	2.432528e-09	8.685112e-10	1.982361e+01	1.024791e+02
3.150000e-06	2.458525e-09	8.873568e-10	2.003546e+01	1.048549e+02
3.160000e-06	2.484289e-09	9.076327e-10	2.024542e+01	1.072183e+02
3.170000e-06	2.509810e-09	9.284573e-10	2.045341e+01	1.095632e+02
3.180000e-06	2.535123e-09	9.485181e-10	2.065969e+01	1.118859e+02
3.190000e-06	2.560249e-09	9.681363e-10	2.086446e+01	1.141852e+02
3.200000e-06	2.585193e-09	9.881343e-10	2.106773e+01	1.164634e+02
3.210000e-06	2.609968e-09	1.009593e-09	2.126964e+01	1.187255e+02
3.220000e-06	2.634581e-09	1.031825e-09	2.147021e+01	1.209786e+02
3.230000e-06	2.659029e-09	1.054856e-09	2.166945e+01	1.232313e+02
3.240000e-06	2.683357e-09	1.078506e-09	2.186770e+01	1.254923e+02
3.250000e-06	2.707597e-09	1.099803e-09	2.206524e+01	1.277693e+02
3.260000e-06	2.731740e-09	1.119436e-09	2.226200e+01	1.300681e+02
3.270000e-06	2.755804e-09	1.139898e-09	2.245810e+01	1.323911e+02
3.280000e-06	2.779786e-09	1.160964e-09	2.265354e+01	1.347375e+02
3.290000e-06	2.803691e-09	1.181057e-09	2.284835e+01	1.371030e+02
3.300000e-06	2.827540e-09	1.201000e-09	2.304271e+01	1.394799e+02
3.310000e-06	2.851317e-09	1.221106e-09	2.323647e+01	1.418585e+02
3.320000e-06	2.875004e-09	1.240743e-09	2.342951e+01	1.442274e+02
3.330000e-06	2.898595e-09	1.259870e-09	2.362176e+01	1.465754e+02
3.340000e-06	2.922081e-09	1.278662e-09	2.381316e+01	1.488926e+02
3.350000e-06	2.945451e-09	1.296932e-09	2.400361e+01	1.511713e+02
3.360000e-06	2.968675e-09	1.315295e-09	2.419287e+01	1.534071e+02
3.370000e-06	2.991732e-09	1.334562e-09	2.438077e+01	1.555990e+02
3.380000e-06	3.014638e-09	1.353819e-09	2.456744e+01	1.577496e+02
3.390000e-06	3.037392e-09	1.373842e-09	2.475287e+01	1.598645e+02
3.400000e-06	3.059990e-09	1.394540e-09	2.493703e+01	1.619516e+02
3.410000e-06	3.082441e-09	1.413822e-09	2.511999e+01	1.640198e+02
3.420000e-06	3.104737e-09	1.429857e-09	2.530169e+01	1.660782e+02
3.430000e-06	3.126908e-09	1.441851e-09	2.548237e+01	1.681345e+02
3.440000e-06	3.148971e-09	1.452937e-09	2.566217e+01	1.701946e+02
3.450000e-06	3.170909e-09	1.468325e-09	2.584095e+01	1.722615e+02
3.460000e-06	3.192739e-09	1.487090e-09	2.601885e+01	1.743354e+02
3.470000e-06	3.214459e-09	1.504942e-09	2.619585e+01	1.764140e+02
3.480000e-06	3.236053e-09	1.521636e-09	2.637183e+01	1.784926e+02
3.490000e-06	3.257515e-09	1.538140e-09	2.654673e+01	1.805651e+02
3.500000e-06	3.278820e-09	1.553764e-09	2.672036e+01	1.826251e+02
3.510000e-06	3.299963e-09	1.567684e-09	2.689266e+01	1.846662e+02
3.520000e-06	3.320935e-09	1.580569e-09	2.706357e+01	1.866837e+02
3.530000e-06	3.341732e-09	1.595628e-09	2.723305e+01	1.886743e+02
3.540000e-06	3.362359e-09	1.613383e-09	2.740115e+01	1.906367e+02
3.550000e-06	3.382833e-09	1.631496e-09	2.756800e+01	1.925715e+02
3.560000e-06	3.403153e-09	1.648138e-09	2.773359e+01	1.944808e+02
3.570000e-06	3.423331e-09	1.662085e-09	2.789803e+01	1.963677e+02
3.580000e-06	3.443411e-09	1.675520e-09	2.806167e+01	1.982355e+02
3.590000e-06	3.463402e-09	1.690367e-09	2.822459e+01	2.000869e+02
3.600000e-06	3.483315e-09	1.706003e-09	2.838686e+01	2.019239e+02
3.610000e-06	3.503161e-09	1.720583e-09	2.854860e+01	2.037468e+02
3.620000e-06	3.522944e-09	1.732628e-09	2.870982e+01	2.055544e+02
3.630000e-06	3.542650e-09	1.743274e-09	2.887041e+01	2.073444e+02
3.640000e-06	3.562256e-09	1.754107e-09	2.903018e+01	2.091133e+02
3.650000e-06	3.581740e-09	1.764766e-09	2.918896e+01	2.108573e+02
3.660000e-06	3.601087e-09	1.777622e-09	2.934663e+01	2.125726e+02
3.670000e-06	3.620279e-09	1.795151e-09	2.950303e+01	2.142565e+02
3.680000e-06	3.639263e-09	1.813982e-09	2.965774e+01	2.159074e+02
3.690000e-06	3.658029e-09	1.828801e-09	2.981067e+01	2.175253e+02
3.700000e-06	3.676608e-09	1.838667e-09	2.996208e+01	2.191116e+02
3.710000e-06	3.694995e-09	1.846993e-09	3.011192e+01	2.206693e+02
3.720000e-06	3.713162e-09	1.855885e-09	3.025997e+01	2.222017e+02
3.730000e-06	3.731123e-09	1.865233e-09	3.040634e+01	2.237130e+02
3.740000e-06	3.748904e-09	1.874521e-09	3.055124e+01	2.252064e+02
3.750000e-06	3.766506e-09	1.885805e-09	3.069469e+01	2.266846e+02
3.760000e-06	3.783953e-09	1.900891e-09	3.083687e+01	2.281489e+02
3.770000e-06	3.801271e-09	1.916907e-09	3.097801e+01	2.295991e+02
3.780000e-06	3.818462e-09	1.931252e-09	3.111810e+01	2.310334e+02
3.790000e-06	3.835521e-09	1.943779e-09	3.125712e+01	2.324491e+02
3.800000e-06	3.852454e-09	1.955918e-09	3.139511e+01	2.338430e+02
3.810000e-06	3.869229e-09	1.968646e-09	3.153182e+01	2.352119e+02
3.820000e-06	3.885839e-09	1.980152e-09	3.166718e+01	2.365531e+02
3.830000e-06	3.902312e-09	1.989798e-09	3.180142e+01	2.378655e+02
3.840000e-06	3.918627e-09	2.000205e-09	3.193438e+01	2.391492e+02
3.850000e-06	3.934746e-09	2.013332e-09	3.206574e+01	2.404064e+02
3.860000e-06	3.950618e-09	2.027326e-09	3.219509e+01	2.416404e+02
3.870000e-06	3.966206e-09	2.040197e-09	3.232212e+01	2.428557e+02
3.880000e-06	3.981524e-09	2.051727e-09	3.244695e+01	2.440572e+02
3.890000e-06	3.996581e-09	2.064345e-09	3.256965e+01	2.452496e+02
3.900000e-06	4.011393e-09	2.079734e-09	3.269037e+01	2.464364e+02
3.910000e-06	4.025987e-09	2.094317e-09	3.280929e+01	2.476195e+02
3.920000e-06	4.040350e-09	2.106596e-09	3.292634e+01	2.487988e+02
3.930000e-06	4.054502e-09	2.115803e-09	3.304168e+01	2.499720e+02
3.940000e-06	4.068488e-09	2.124716e-09	3.315565e+01	2.511351e+02
3.950000e-06	4.082318e-09	2.134762e-09	3.326835e+01	2.522824e+02
3.960000e-06	4.095974e-09	2.144704e-09	3.337965e+01	2.534078e+02
3.970000e-06	4.109439e-09	2.155782e-09	3.348938e+01	2.545053e+02
3.980000e-06	4.122712e-09	2.167452e-09	3.359754e+01	2.555699e+02
3.990000e-06	4.135775e-09	2.178850e-09	3.370400e+01	2.565985e+02
4.000000e-06	4.148607e-09	2.186399e-09	3.380856e+01	2.575899e+02
4.010000e-06	4.161238e-09	2.190592e-09	3.391150e+01	2.585456e+02
4.020000e-06	4.173676e-09	2.194149e-09	3.401287e+01	2.594691e+02
4.030000e-06	4.185929e-09	2.199048e-09	3.411272e+01	2.603655e+02
4.040000e-06	4.198019e-09	2.208065e-09	3.421125e+01	2.612412e+02
4.050000e-06	4.209958e-09	2.218422e-09	3.430854e+01	2.621023e+02
4.060000e-06	4.221749e-09	2.228218e-09	3.440463e+01	2.629542e+02
4.070000e-06	4.233379e-09	2.238113e-09	3.449941e+01	2.638008e+02
4.080000e-06	4.244814e-09	2.245426e-09	3.459259e+01	2.646437e+02
4.090000e-06	4.256003e-09	2.249245e-09	3.468378e+01	2.654823e+02
4.100000e-06	4.266927e-09	2.250481e-09	3.477280e+01	2.663134e+02
4.110000e-06	4.277559e-09	2.252230e-09	3.485944e+01	2.671324e+02
4.120000e-06	4.287869e-09	2.257798e-09	3.494347e+01	2.679334e+02
4.130000e-06	4.297846e-09	2.267746e-09	3.502477e+01	2.687102e+02
4.140000e-06	4.307447e-09	2.280111e-09	3.510301e+01	2.694577e+02
4.150000e-06	4.316697e-09	2.290595e-09	3.517839e+01	2.701720e+02
4.160000e-06	4.325660e-09	2.296526e-09	3.525144e+01	2.708514e+02
4.170000e-06	4.334353e-09	2.298433e-09	3.532228e+01	2.714967e+02
4.180000e-06	4.342793e-09	2.297250e-09	3.539106e+01	2.721109e+02
4.190000e-06	4.351035e-09	2.295233e-09	3.545823e+01	2.726988e+02
4.200000e-06	4.359130e-09	2.296880e-09	3.552420e+01	2.732665e+02
4.210000e-06	4.367100e-09	2.303731e-09	3.558914e+01	2.738203e+02
4.220000e-06	4.374974e-09	2.313343e-09	3.565331e+01	2.743659e+02
4.230000e-06	4.382766e-09	2.320090e-09	3.571681e+01	2.749076e+02
4.240000e-06	4.390444e-09	2.322626e-09	3.577938e+01	2.754473e+02
4.250000e-06	4.397978e-09	2.322561e-09	3.584078e+01	2.759848e+02
4.260000e-06	4.405330e-09	2.321456e-09	3.590070e+01	2.765175e+02
4.270000e-06	4.412473e-09	2.322661e-09	3.595891e+01	2.770407e+02
4.280000e-06	4.419420e-09	2.326781e-09	3.601552e+01	2.775489e+02
4.290000e-06	4.426166e-09	2.333148e-09	3.607049e+01	2.780359e+02
4.300000e-06	4.432701e-09	2.339610e-09	3.612375e+01	2.784964e+02
4.310000e-06	4.439048e-09	2.345508e-09	3.617547e+01	2.789264e+02
4.320000e-06	4.445203e-09	2.349421e-09	3.622563e+01	2.793241e+02
4.330000e-06	4.451169e-09	2.349469e-09	3.627425e+01	2.796905e+02
4.340000e-06	4.456939e-09	2.347557e-09	3.632127e+01	2.800287e+02
4.350000e-06	4.462509e-09	2.345543e-09	3.636666e+01	2.803440e+02
4.360000e-06	4.467881e-09	2.346094e-09	3.641044e+01	2.806433e+02
4.370000e-06	4.473029e-09	2.350466e-09	3.645240e+01	2.809338e+02
4.380000e-06	4.477951e-09	2.355718e-09	3.649251e+01	2.812222e+02
4.390000e-06	4.482659e-09	2.360628e-09	3.653088e+01	2.815142e+02
4.400000e-06	4.487154e-09	2.365365e-09	3.656751e+01	2.818129e+02
4.410000e-06	4.491459e-09	2.369110e-09	3.660259e+01	2.821195e+02
4.420000e-06	4.495622e-09	2.372453e-09	3.663652e+01	2.824325e+02
4.430000e-06	4.499666e-09	2.374501e-09	3.666947e+01	2.827481e+02
4.440000e-06	4.503594e-09	2.374491e-09	3.670148e+01	2.830614e+02
4.450000e-06	4.507428e-09	2.374115e-09	3.673273e+01	2.833665e+02
4.460000e-06	4.511161e-09	2.374849e-09	3.676315e+01	2.836580e+02
4.470000e-06	4.514753e-09	2.376892e-09	3.679242e+01	2.839315e+02
4.480000e-06	4.518178e-09	2.379658e-09	3.682033e+01	2.841844e+02
4.490000e-06	4.521400e-09	2.383093e-09	3.684659e+01	2.844162e+02
4.500000e-06	4.524377e-09	2.388422e-09	3.687084e+01	2.846285e+02
4.510000e-06	4.527067e-09	2.393905e-09	3.689277e+01	2.848248e+02
4.520000e-06	4.529422e-09	2.395215e-09	3.691196e+01	2.850093e+02
4.530000e-06	4.531438e-09	2.392992e-09	3.692839e+01	2.851865e+02
4.540000e-06	4.533106e-09	2.391159e-09	3.694199e+01	2.853603e+02
4.550000e-06	4.534407e-09	2.392045e-09	3.695259e+01	2.855326e+02
4.560000e-06	4.535384e-09	2.395355e-09	3.696055e+01	2.857034e+02
4.570000e-06	4.536097e-09	2.399673e-09	3.696636e+01	2.858699e+02
4.580000e-06	4.536571e-09	2.405804e-09	3.697022e+01	2.860271e+02
4.590000e-06	4.536834e-09	2.414132e-09	3.697236e+01	2.861684e+02
4.600000e-06	4.536947e-09	2.419734e-09	3.697329e+01	2.862862e+02
4.610000e-06	4.536934e-09	2.419043e-09	3.697318e+01	2.863731e+02
4.620000e-06	4.536810e-09	2.414414e-09	3.697217e+01	2.864236e+02
4.630000e-06	4.536586e-09	2.410895e-09	3.697034e+01	2.864347e+02
4.640000e-06	4.536241e-09	2.415418e-09	3.696753e+01	2.864071e+02
4.650000e-06	4.535742e-09	2.433958e-09	3.696346e+01	2.863455e+02
4.660000e-06	4.535076e-09	2.452673e-09	3.695803e+01	2.862584e+02
4.670000e-06	4.534220e-09	2.455216e-09	3.695106e+01	2.861580e+02
4.680000e-06	4.533150e-09	2.439937e-09	3.694234e+01	2.860586e+02
4.690000e-06	4.531843e-09	2.389014e-09	3.693169e+01	2.859754e+02
4.700000e-06	4.530291e-09	2.329868e-09	3.691904e+01	2.859225e+02
4.710000e-06	4.528513e-09	2.283727e-09	3.690455e+01	2.859119e+02
4.720000e-06	4.526512e-09	2.328230e-09	3.688825e+01	2.859513e+02
4.730000e-06	4.524311e-09	2.422419e-09	3.687031e+01	2.860431e+02
4.740000e-06	4.521933e-09	2.477665e-09	3.685093e+01	2.861843e+02
4.750000e-06	4.519388e-09	2.441047e-09	3.683019e+01	2.863660e+02
4.760000e-06	4.516670e-09	2.390314e-09	3.680804e+01	2.865745e+02
4.770000e-06	4.513752e-09	2.430227e-09	3.678426e+01	2.867922e+02
4.780000e-06	4.510613e-09	2.408166e-09	3.675868e+01	2.869993e+02
4.790000e-06	4.507288e-09	2.317575e-09	3.673158e+01	2.871758e+02
4.800000e-06	4.503816e-09	2.307280e-09	3.670329e+01	2.873033e+02
4.810000e-06	4.500182e-09	2.422388e-09	3.667367e+01	2.873668e+02
4.820000e-06	4.496363e-09	2.505351e-09	3.664255e+01	2.873559e+02
4.830000e-06	4.492407e-09	2.406505e-09	3.661031e+01	2.872658e+02
4.840000e-06	4.488356e-09	2.345544e-09	3.657730e+01	2.870974e+02
4.850000e-06	4.484198e-09	2.389293e-09	3.654341e+01	2.868569e+02
4.860000e-06	4.479930e-09	2.398806e-09	3.650863e+01	2.865550e+02
4.870000e-06	4.475536e-09	2.329342e-09	3.647282e+01	2.862056e+02
4.880000e-06	4.470976e-09	2.336878e-09	3.643566e+01	2.858240e+02
4.890000e-06	4.466214e-09	2.474508e-09	3.639685e+01	2.854257e+02
4.900000e-06	4.461211e-09	2.476575e-09	3.635608e+01	2.850246e+02
4.910000e-06	4.455890e-09	2.394926e-09	3.631271e+01	2.846320e+02
4.920000e-06	4.450173e-09	2.367065e-09	3.626612e+01	2.842557e+02
4.930000e-06	4.444063e-09	2.403707e-09	3.621634e+01	2.838998e+02
4.940000e-06	4.437603e-09	2.360952e-09	3.616369e+01	2.835646e+02
4.950000e-06	4.430804e-09	2.320285e-09	3.610828e+01	2.832476e+02
4.960000e-06	4.423666e-09	2.391506e-09	3.605011e+01	2.829439e+02
4.970000e-06	4.416227e-09	2.398676e-09	3.598948e+01	2.826475e+02
4.980000e-06	4.408574e-09	2.350203e-09	3.592712e+01	2.823523e+02
4.990000e-06	4.400759e-09	2.352085e-09	3.586343e+01	2.820526e+02
5.000000e-06	4.392807e-09	2.392959e-09	3.579863e+01	2.817447e+02
5.010000e-06	4.384752e-09	2.333456e-09	3.573299e+01	2.814264e+02
5.020000e-06	4.376602e-09	2.293409e-09	3.566656e+01	2.810975e+02
5.030000e-06	4.368343e-09	2.363479e-09	3.559926e+01	2.807597e+02
5.040000e-06	4.359974e-09	2.367691e-09	3.553106e+01	2.804159e+02
5.050000e-06	4.351446e-09	2.317405e-09	3.546156e+01	2.800695e+02
5.060000e-06	4.342730e-09	2.323164e-09	3.539053e+01	2.797242e+02
5.070000e-06	4.333818e-09	2.362239e-09	3.531790e+01	2.793827e+02
5.080000e-06	4.324692e-09	2.327965e-09	3.524354e+01	2.790465e+02
5.090000e-06	4.315341e-09	2.315718e-09	3.516733e+01	2.787157e+02
5.100000e-06	4.305761e-09	2.345000e-09	3.508926e+01	2.783886e+02
5.110000e-06	4.295996e-09	2.330322e-09	3.500968e+01	2.780622e+02
5.120000e-06	4.286082e-09	2.324150e-09	3.492889e+01	2.777319e+02
5.130000e-06	4.276014e-09	2.333532e-09	3.484684e+01	2.773929e+02
5.140000e-06	4.265765e-09	2.323540e-09	3.476331e+01	2.770399e+02
5.150000e-06	4.255320e-09	2.292484e-09	3.467819e+01	2.766679e+02
5.160000e-06	4.244669e-09	2.307807e-09	3.459139e+01	2.762730e+02
5.170000e-06	4.233808e-09	2.321542e-09	3.450288e+01	2.758525e+02
5.180000e-06	4.222727e-09	2.308159e-09	3.441258e+01	2.754050e+02
5.190000e-06	4.211433e-09	2.309638e-09	3.432054e+01	2.749306e+02
5.200000e-06	4.199941e-09	2.304516e-09	3.422689e+01	2.744308e+02
5.210000e-06	4.188244e-09	2.307163e-09	3.413156e+01	2.739081e+02
5.220000e-06	4.176349e-09	2.304118e-09	3.403463e+01	2.733657e+02
5.230000e-06	4.164280e-09	2.299148e-09	3.393627e+01	2.728075e+02
5.240000e-06	4.152032e-09	2.296591e-09	3.383646e+01	2.722369e+02
5.250000e-06	4.139591e-09	2.302428e-09	3.373507e+01	2.716572e+02
5.260000e-06	4.126967e-09	2.297832e-09	3.363219e+01	2.710713e+02
5.270000e-06	4.114117e-09	2.282703e-09	3.352748e+01	2.704812e+02
5.280000e-06	4.101011e-09	2.283292e-09	3.342067e+01	2.698880e+02
5.290000e-06	4.087636e-09	2.269362e-09	3.331167e+01	2.692924e+02
5.300000e-06	4.073946e-09	2.268486e-09	3.320011e+01	2.686942e+02
5.310000e-06	4.059943e-09	2.279175e-09	3.308599e+01	2.680926e+02
5.320000e-06	4.045620e-09	2.277735e-09	3.296927e+01	2.674867e+02
5.330000e-06	4.030958e-09	2.274009e-09	3.284979e+01	2.668751e+02
5.340000e-06	4.015947e-09	2.276466e-09	3.272745e+01	2.662564e+02
5.350000e-06	4.000649e-09	2.271213e-09	3.260278e+01	2.656294e+02
5.360000e-06	3.985126e-09	2.251557e-09	3.247628e+01	2.649926e+02
5.370000e-06	3.969395e-09	2.245728e-09	3.234808e+01	2.643452e+02
5.380000e-06	3.953516e-09	2.239581e-09	3.221867e+01	2.636862e+02
5.390000e-06	3.937536e-09	2.237861e-09	3.208845e+01	2.630152e+02
5.400000e-06	3.921458e-09	2.240611e-09	3.195743e+01	2.623321e+02
5.410000e-06	3.905284e-09	2.236355e-09	3.182562e+01	2.616372e+02
5.420000e-06	3.889018e-09	2.231818e-09	3.169306e+01	2.609312e+02
5.430000e-06	3.872644e-09	2.227085e-09	3.155962e+01	2.602154e+02
5.440000e-06	3.856148e-09	2.223142e-09	3.142519e+01	2.594913e+02
5.450000e-06	3.839510e-09	2.212057e-09	3.128960e+01	2.587611e+02
5.460000e-06	3.822687e-09	2.198114e-09	3.115250e+01	2.580270e+02
5.470000e-06	3.805650e-09	2.181195e-09	3.101366e+01	2.572913e+02
5.480000e-06	3.788418e-09	2.172078e-09	3.087323e+01	2.565564e+02
5.490000e-06	3.771017e-09	2.169505e-09	3.073142e+01	2.558241e+02
5.500000e-06	3.753448e-09	2.169198e-09	3.058824e+01	2.550959e+02
5.510000e-06	3.735706e-09	2.176408e-09	3.044365e+01	2.543725e+02
5.520000e-06	3.717813e-09	2.179002e-09	3.029784e+01	2.536537e+02
5.530000e-06	3.699789e-09	2.177393e-09	3.015095e+01	2.529384e+02
5.540000e-06	3.681629e-09	2.165448e-09	3.000296e+01	2.522245e+02
5.550000e-06	3.663326e-09	2.146669e-09	2.985380e+01	2.515093e+02
5.560000e-06	3.644866e-09	2.126903e-09	2.970336e+01	2.507893e+02
5.570000e-06	3.626238e-09	2.113021e-09	2.955156e+01	2.500607e+02
5.580000e-06	3.607434e-09	2.110741e-09	2.939832e+01	2.493199e+02
5.590000e-06	3.588441e-09	2.110940e-09	2.924354e+01	2.485634e+02
5.600000e-06	3.569264e-09	2.114244e-09	2.908726e+01	2.477883e+02
5.610000e-06	3.549932e-09	2.113618e-09	2.892971e+01	2.469928e+02
5.620000e-06	3.530440e-09	2.107720e-09	2.877086e+01	2.461761e+02
5.630000e-06	3.510791e-09	2.093759e-09	2.861074e+01	2.453383e+02
5.640000e-06	3.491014e-09	2.073633e-09	2.844957e+01	2.444808e+02
5.650000e-06	3.471127e-09	2.054522e-09	2.828750e+01	2.436059e+02
5.660000e-06	3.451155e-09	2.038898e-09	2.812474e+01	2.427164e+02
5.670000e-06	3.431124e-09	2.036752e-09	2.796150e+01	2.418157e+02
5.680000e-06	3.411033e-09	2.040948e-09	2.779777e+01	2.409070e+02
5.690000e-06	3.390872e-09	2.043047e-09	2.763347e+01	2.399934e+02
5.700000e-06	3.370628e-09	2.040358e-09	2.746849e+01	2.390776e+02
5.710000e-06	3.350291e-09	2.033214e-09	2.730276e+01	2.381614e+02
5.720000e-06	3.329856e-09	2.021271e-09	2.713623e+01	2.372460e+02
5.730000e-06	3.309289e-09	2.003885e-09	2.696862e+01	2.363316e+02
5.740000e-06	3.288553e-09	1.986890e-09	2.679963e+01	2.354180e+02
5.750000e-06	3.267612e-09	1.975217e-09	2.662897e+01	2.345043e+02
5.760000e-06	3.246434e-09	1.973284e-09	2.645639e+01	2.335892e+02
5.770000e-06	3.224996e-09	1.976010e-09	2.628168e+01	2.326714e+02
5.780000e-06	3.203288e-09	1.976777e-09	2.610478e+01	2.317497e+02
5.790000e-06	3.181315e-09	1.972695e-09	2.592571e+01	2.308230e+02
5.800000e-06	3.159038e-09	1.965881e-09	2.574417e+01	2.298906e+02
5.810000e-06	3.136477e-09	1.958837e-09	2.556031e+01	2.289521e+02
5.820000e-06	3.113679e-09	1.948952e-09	2.537452e+01	2.280074e+02
5.830000e-06	3.090656e-09	1.938670e-09	2.518690e+01	2.270568e+02
5.840000e-06	3.067428e-09	1.931225e-09	2.499761e+01	2.261004e+02
5.850000e-06	3.044006e-09	1.926437e-09	2.480673e+01	2.251384e+02
5.860000e-06	3.020424e-09	1.921851e-09	2.461455e+01	2.241707e+02
5.870000e-06	2.996721e-09	1.917040e-09	2.442139e+01	2.231972e+02
5.880000e-06	2.972915e-09	1.912388e-09	2.422738e+01	2.222173e+02
5.890000e-06	2.949013e-09	1.906772e-09	2.403259e+01	2.212302e+02
5.900000e-06	2.925026e-09	1.900484e-09	2.383712e+01	2.202351e+02
5.910000e-06	2.900977e-09	1.890067e-09	2.364113e+01	2.192309e+02
5.920000e-06	2.876865e-09	1.875289e-09	2.344463e+01	2.182170e+02
5.930000e-06	2.852686e-09	1.860186e-09	2.324759e+01	2.171929e+02
5.940000e-06	2.828440e-09	1.850068e-09	2.304999e+01	2.161585e+02
5.950000e-06	2.804133e-09	1.846449e-09	2.285191e+01	2.151144e+02
5.960000e-06	2.779755e-09	1.844943e-09	2.265324e+01	2.140616e+02
5.970000e-06	2.755272e-09	1.842724e-09	2.245373e+01	2.130016e+02
5.980000e-06	2.730675e-09	1.837095e-09	2.225327e+01	2.119361e+02
5.990000e-06	2.705966e-09	1.827861e-09	2.205191e+01	2.108672e+02
6.000000e-06	2.681132e-09	1.815275e-09	2.184953e+01	2.097966e+02
6.010000e-06	2.656148e-09	1.800757e-09	2.164592e+01	2.087258e+02
6.020000e-06	2.631024e-09	1.789646e-09	2.144118e+01	2.076555e+02
6.030000e-06	2.605778e-09	1.785623e-09	2.123544e+01	2.065858e+02
6.040000e-06	2.580408e-09	1.785747e-09	2.102869e+01	2.055159e+02
6.050000e-06	2.554882e-09	1.783311e-09	2.082066e+01	2.044442e+02
6.060000e-06	2.529214e-09	1.774913e-09	2.061149e+01	2.033683e+02
6.070000e-06	2.503454e-09	1.761903e-09	2.040156e+01	2.022854e+02
6.080000e-06	2.477599e-09	1.747707e-09	2.019086e+01	2.011922e+02
6.090000e-06	2.451655e-09	1.733340e-09	1.997943e+01	2.000858e+02
6.100000e-06	2.425630e-09	1.720513e-09	1.976735e+01	1.989636e+02
6.110000e-06	2.399523e-09	1.712714e-09	1.955459e+01	1.978237e+02
6.120000e-06	2.373321e-09	1.708313e-09	1.934106e+01	1.966652e+02
6.130000e-06	2.347022e-09	1.702763e-09	1.912674e+01	1.954880e+02
6.140000e-06	2.320629e-09	1.693504e-09	1.891165e+01	1.942935e+02
6.150000e-06	2.294122e-09	1.680462e-09	1.869563e+01	1.930838e+02
6.160000e-06	2.267501e-09	1.664162e-09	1.847869e+01	1.918618e+02
6.170000e-06	2.240762e-09	1.646337e-09	1.826078e+01	1.906310e+02
6.180000e-06	2.213898e-09	1.630722e-09	1.804186e+01	1.893948e+02
6.190000e-06	2.186915e-09	1.619932e-09	1.782196e+01	1.881567e+02
6.200000e-06	2.159809e-09	1.614635e-09	1.760107e+01	1.869193e+02
6.210000e-06	2.132595e-09	1.611787e-09	1.737929e+01	1.856849e+02
6.220000e-06	2.105282e-09	1.606268e-09	1.715671e+01	1.844546e+02
6.230000e-06	2.077862e-09	1.594684e-09	1.693325e+01	1.832285e+02
6.240000e-06	2.050353e-09	1.576408e-09	1.670907e+01	1.820062e+02
6.250000e-06	2.022749e-09	1.554309e-09	1.648411e+01	1.807863e+02
6.260000e-06	1.995051e-09	1.534427e-09	1.625839e+01	1.795673e+02
6.270000e-06	1.967291e-09	1.522071e-09	1.603217e+01	1.783473e+02
6.280000e-06	1.939470e-09	1.517698e-09	1.580544e+01	1.771246e+02
6.290000e-06	1.911588e-09	1.517349e-09	1.557822e+01	1.758980e+02
6.300000e-06	1.883649e-09	1.515399e-09	1.535053e+01	1.746667e+02
6.310000e-06	1.855659e-09	1.510001e-09	1.512243e+01	1.734305e+02
6.320000e-06	1.827628e-09	1.498474e-09	1.489400e+01	1.721897e+02
6.330000e-06	1.799563e-09	1.480422e-09	1.466528e+01	1.709450e+02
6.340000e-06	1.771472e-09	1.460352e-09	1.443636e+01	1.696970e+02
6.350000e-06	1.743353e-09	1.444501e-09	1.420720e+01	1.684466e+02
6.360000e-06	1.715199e-09	1.434515e-09	1.397777e+01	1.671939e+02
6.370000e-06	1.687011e-09	1.426983e-09	1.374805e+01	1.659388e+02
6.380000e-06	1.658788e-09	1.420147e-09	1.351805e+01	1.646802e+02
6.390000e-06	1.630520e-09	1.414244e-09	1.328769e+01	1.634164e+02
6.400000e-06	1.602206e-09	1.409000e-09	1.305694e+01	1.621452e+02
6.410000e-06	1.573842e-09	1.401058e-09	1.282579e+01	1.608638e+02
6.420000e-06	1.545423e-09	1.390085e-09	1.259420e+01	1.595693e+02
6.430000e-06	1.516940e-09	1.376306e-09	1.236208e+01	1.582591e+02
6.440000e-06	1.488404e-09	1.362277e-09	1.212952e+01	1.569311e+02
6.450000e-06	1.459793e-09	1.352115e-09	1.189637e+01	1.555838e+02
6.460000e-06	1.431079e-09	1.345168e-09	1.166237e+01	1.542169e+02
6.470000e-06	1.402294e-09	1.338403e-09	1.142778e+01	1.528311e+02
6.480000e-06	1.373466e-09	1.330064e-09	1.119285e+01	1.514282e+02
6.490000e-06	1.344563e-09	1.320015e-09	1.095732e+01	1.500105e+02
6.500000e-06	1.315573e-09	1.309137e-09	1.072106e+01	1.485813e+02
6.510000e-06	1.286509e-09	1.298954e-09	1.048421e+01	1.471434e+02
6.520000e-06	1.257354e-09	1.290489e-09	1.024661e+01	1.456999e+02
6.530000e-06	1.228105e-09	1.281968e-09	1.000825e+01	1.442527e+02
6.540000e-06	1.198777e-09	1.270867e-09	9.769246e+00	1.428029e+02
6.550000e-06	1.169351e-09	1.258059e-09	9.529445e+00	1.413504e+02
6.560000e-06	1.139803e-09	1.244674e-09	9.288647e+00	1.398937e+02
6.570000e-06	1.110163e-09	1.231916e-09	9.047103e+00	1.384304e+02
6.580000e-06	1.080443e-09	1.221539e-09	8.804906e+00	1.369571e+02
6.590000e-06	1.050634e-09	1.213238e-09	8.561984e+00	1.354698e+02
6.600000e-06	1.020720e-09	1.204977e-09	8.318202e+00	1.339647e+02
6.610000e-06	9.906760e-10	1.194798e-09	8.073361e+00	1.324384e+02
6.620000e-06	9.605336e-10	1.179684e-09	7.827719e+00	1.308886e+02
6.630000e-06	9.303202e-10	1.162520e-09	7.581499e+00	1.293140e+02
6.640000e-06	9.000518e-10	1.146139e-09	7.334831e+00	1.277151e+02
6.650000e-06	8.697447e-10	1.130799e-09	7.087847e+00	1.260939e+02
6.660000e-06	8.393596e-10	1.118436e-09	6.840228e+00	1.244539e+02
6.670000e-06	8.088890e-10	1.105848e-09	6.591913e+00	1.227995e+02
6.680000e-06	7.783764e-10	1.094202e-09	6.343255e+00	1.211361e+02
6.690000e-06	7.478079e-10	1.083726e-09	6.094140e+00	1.194692e+02
6.700000e-06	7.171659e-10	1.073859e-09	5.844428e+00	1.178043e+02
6.710000e-06	6.864777e-10	1.063362e-09	5.594339e+00	1.161458e+02
6.720000e-06	6.557427e-10	1.049214e-09	5.343868e+00	1.144972e+02
6.730000e-06	6.249415e-10	1.032973e-09	5.092858e+00	1.128602e+02
6.740000e-06	5.940899e-10	1.014043e-09	4.841437e+00	1.112355e+02
6.750000e-06	5.632131e-10	9.953186e-10	4.589811e+00	1.096218e+02
6.760000e-06	5.322890e-10	9.775932e-10	4.337799e+00	1.080165e+02
6.770000e-06	5.013170e-10	9.628906e-10	4.085396e+00	1.064163e+02
6.780000e-06	4.703212e-10	9.520986e-10	3.832800e+00	1.048168e+02
6.790000e-06	4.392861e-10	9.402210e-10	3.579883e+00	1.032135e+02
6.800000e-06	4.082171e-10	9.271753e-10	3.326691e+00	1.016023e+02
6.810000e-06	3.771240e-10	9.112569e-10	3.073302e+00	9.997917e+01
6.820000e-06	3.460118e-10	8.923706e-10	2.819757e+00	9.834125e+01
6.830000e-06	3.148764e-10	8.720710e-10	2.566024e+00	9.668657e+01
6.840000e-06	2.837098e-10	8.523718e-10	2.312035e+00	9.501426e+01
6.850000e-06	2.525303e-10	8.343362e-10	2.057941e+00	9.332455e+01
6.860000e-06	2.213409e-10	8.183886e-10	1.803768e+00	9.161867e+01
6.870000e-06	1.901191e-10	8.056557e-10	1.549330e+00	8.989866e+01
6.880000e-06	1.588718e-10	7.930007e-10	1.294684e+00	8.816715e+01
6.890000e-06	1.276168e-10	7.797933e-10	1.039975e+00	8.642711e+01
6.900000e-06	9.637033e-11	7.645611e-10	7.853365e-01	8.468160e+01
6.910000e-06	6.513658e-11	7.487879e-10	5.308012e-01	8.293349e+01
6.920000e-06	3.389978e-11	7.332043e-10	2.762406e-01	8.118524e+01
6.930000e-06	2.676226e-12	7.156921e-10	2.178765e-02	7.943866e+01
6.940000e-06	-2.853903e-11	6.981671e-10	-2.325973e-01	7.769479e+01
6.950000e-06	-5.975350e-11	6.806213e-10	-4.869754e-01	7.595372e+01
6.960000e-06	-9.095522e-11	6.635237e-10	-7.412495e-01	7.421454e+01
6.970000e-06	-1.221560e-10	6.465764e-10	-9.955160e-01	7.247533e+01
6.980000e-06	-1.533569e-10	6.330161e-10	-1.249783e+00	7.073322e+01
6.990000e-06	-1.845431e-10	6.217617e-10	-1.503930e+00	6.898454e+01
7.000000e-06	-2.157248e-10	6.092717e-10	-1.758042e+00	6.722504e+01
7.010000e-06	-2.469203e-10	5.938813e-10	-2.012266e+00	6.545016e+01
7.020000e-06	-2.780941e-10	5.736274e-10	-2.266313e+00	6.365540e+01
7.030000e-06	-3.092298e-10	5.511954e-10	-2.520049e+00	6.183671e+01
7.040000e-06	-3.403372e-10	5.265035e-10	-2.773554e+00	5.999090e+01
7.050000e-06	-3.714311e-10	5.041036e-10	-3.026949e+00	5.811594e+01
7.060000e-06	-4.025176e-10	4.871337e-10	-3.280286e+00	5.621128e+01
7.070000e-06	-4.335895e-10	4.757292e-10	-3.533501e+00	5.427800e+01
7.080000e-06	-4.646429e-10	4.675879e-10	-3.786566e+00	5.231879e+01
7.090000e-06	-4.956582e-10	4.565471e-10	-4.039321e+00	5.033781e+01
7.100000e-06	-5.266279e-10	4.409175e-10	-4.291705e+00	4.834038e+01
7.110000e-06	-5.575306e-10	4.195782e-10	-4.543542e+00	4.633243e+01
7.120000e-06	-5.883649e-10	3.968704e-10	-4.794822e+00	4.431997e+01
7.130000e-06	-6.191745e-10	3.754765e-10	-5.045900e+00	4.230840e+01
7.140000e-06	-6.499389e-10	3.586114e-10	-5.296610e+00	4.030193e+01
7.150000e-06	-6.806331e-10	3.475206e-10	-5.546748e+00	3.830297e+01
7.160000e-06	-7.112722e-10	3.391853e-10	-5.796436e+00	3.631179e+01
7.170000e-06	-7.418510e-10	3.293979e-10	-6.045633e+00	3.432634e+01
7.180000e-06	-7.723661e-10	3.130327e-10	-6.294311e+00	3.234229e+01
7.190000e-06	-8.028157e-10	2.934754e-10	-6.542455e+00	3.035338e+01
7.200000e-06	-8.332044e-10	2.718362e-10	-6.790103e+00	2.835192e+01
7.210000e-06	-8.635246e-10	2.504158e-10	-7.037193e+00	2.632955e+01
7.220000e-06	-8.937734e-10	2.313770e-10	-7.283701e+00	2.427804e+01
7.230000e-06	-9.239338e-10	2.146232e-10	-7.529489e+00	2.219012e+01
7.240000e-06	-9.540221e-10	2.019242e-10	-7.774689e+00	2.006024e+01
7.250000e-06	-9.840626e-10	1.911951e-10	-8.019500e+00	1.788517e+01
7.260000e-06	-1.014010e-09	1.779531e-10	-8.263554e+00	1.566435e+01
7.270000e-06	-1.043828e-09	1.578022e-10	-8.506551e+00	1.339999e+01
7.280000e-06	-1.073537e-09	1.328286e-10	-8.748660e+00	1.109687e+01
7.290000e-06	-1.103162e-09	1.069463e-10	-8.990084e+00	8.761913e+00
7.300000e-06	-1.132704e-09	8.429278e-11	-9.230827e+00	6.403514e+00
7.310000e-06	-1.162150e-09	6.655827e-11	-9.470794e+00	4.030785e+00
7.320000e-06	-1.191498e-09	5.174003e-11	-9.709963e+00	1.652736e+00
7.330000e-06	-1.220781e-09	3.809799e-11	-9.948603e+00	-7.224891e-01
7.340000e-06	-1.249995e-09	2.151471e-11	-1.018668e+01	-3.088236e+00
7.350000e-06	-1.279095e-09	-7.712474e-13	-1.042382e+01	-5.439771e+00
7.360000e-06	-1.308074e-09	-2.960259e-11	-1.065998e+01	-7.774493e+00
7.370000e-06	-1.336945e-09	-6.064495e-11	-1.089526e+01	-1.009190e+01
7.380000e-06	-1.365711e-09	-8.729638e-11	-1.112969e+01	-1.239337e+01
7.390000e-06	-1.394403e-09	-1.069133e-10	-1.136351e+01	-1.468175e+01
7.400000e-06	-1.423026e-09	-1.209477e-10	-1.159677e+01	-1.696092e+01
7.410000e-06	-1.451577e-09	-1.332233e-10	-1.182944e+01	-1.923523e+01
7.420000e-06	-1.480072e-09	-1.477582e-10	-1.206166e+01	-2.150910e+01
7.430000e-06	-1.508518e-09	-1.682770e-10	-1.229347e+01	-2.378660e+01
7.440000e-06	-1.536914e-09	-1.928433e-10	-1.252489e+01	-2.607124e+01
7.450000e-06	-1.565256e-09	-2.194363e-10	-1.275585e+01	-2.836585e+01
7.460000e-06	-1.593560e-09	-2.464987e-10	-1.298651e+01	-3.067256e+01
7.470000e-06	-1.621825e-09	-2.703034e-10	-1.321686e+01	-3.299289e+01
7.480000e-06	-1.650046e-09	-2.914044e-10	-1.344684e+01	-3.532785e+01
7.490000e-06	-1.678222e-09	-3.117758e-10	-1.367646e+01	-3.767808e+01
7.500000e-06	-1.706354e-09	-3.324486e-10	-1.390572e+01	-4.004386e+01
7.510000e-06	-1.734455e-09	-3.520501e-10	-1.413472e+01	-4.242513e+01
7.520000e-06	-1.762543e-09	-3.692484e-10	-1.436362e+01	-4.482138e+01
7.530000e-06	-1.790607e-09	-3.879070e-10	-1.459233e+01	-4.723153e+01
7.540000e-06	-1.818631e-09	-4.108950e-10	-1.482071e+01	-4.965375e+01
7.550000e-06	-1.846617e-09	-4.362218e-10	-1.504878e+01	-5.208535e+01
7.560000e-06	-1.874566e-09	-4.613045e-10	-1.527655e+01	-5.452270e+01
7.570000e-06	-1.902467e-09	-4.861952e-10	-1.550392e+01	-5.696132e+01
7.580000e-06	-1.930299e-09	-5.108907e-10	-1.573073e+01	-5.939603e+01
7.590000e-06	-1.958059e-09	-5.341886e-10	-1.595696e+01	-6.182140e+01
7.600000e-06	-1.985737e-09	-5.530538e-10	-1.618252e+01	-6.423214e+01
7.610000e-06	-2.013327e-09	-5.683837e-10	-1.640736e+01	-6.662369e+01
7.620000e-06	-2.040834e-09	-5.849257e-10	-1.663152e+01	-6.899275e+01
7.630000e-06	-2.068249e-09	-6.054911e-10	-1.685494e+01	-7.133778e+01
7.640000e-06	-2.095557e-09	-6.298579e-10	-1.707749e+01	-7.365933e+01
7.650000e-06	-2.122760e-09	-6.535784e-10	-1.729917e+01	-7.596008e+01
7.660000e-06	-2.149844e-09	-6.755639e-10	-1.751988e+01	-7.824476e+01
7.670000e-06	-2.176797e-09	-6.965808e-10	-1.773954e+01	-8.051969e+01
7.680000e-06	-2.203641e-09	-7.165267e-10	-1.795830e+01	-8.279214e+01
7.690000e-06	-2.230385e-09	-7.350309e-10	-1.817625e+01	-8.506951e+01
7.700000e-06	-2.257013e-09	-7.531106e-10	-1.839325e+01	-8.735848e+01
7.710000e-06	-2.283523e-09	-7.714301e-10	-1.860929e+01	-8.966417e+01
7.720000e-06	-2.309937e-09	-7.908498e-10	-1.882455e+01	-9.198946e+01
7.730000e-06	-2.336260e-09	-8.121122e-10	-1.903906e+01	-9.433460e+01
7.740000e-06	-2.362474e-09	-8.353856e-10	-1.925269e+01	-9.669712e+01
7.750000e-06	-2.388569e-09	-8.602764e-10	-1.946535e+01	-9.907207e+01
7.760000e-06	-2.414570e-09	-8.842728e-10	-1.967723e+01	-1.014527e+02
7.770000e-06	-2.440483e-09	-9.062298e-10	-1.988841e+01	-1.038311e+02
7.780000e-06	-2.466294e-09	-9.248697e-10	-2.009875e+01	-1.061997e+02
7.790000e-06	-2.491994e-09	-9.401772e-10	-2.030820e+01	-1.085517e+02
7.800000e-06	-2.517573e-09	-9.522498e-10	-2.051665e+01	-1.108824e+02
7.810000e-06	-2.543042e-09	-9.642986e-10	-2.072421e+01	-1.131898e+02
7.820000e-06	-2.568387e-09	-9.798334e-10	-2.093075e+01	-1.154750e+02
7.830000e-06	-2.593616e-09	-9.978456e-10	-2.113635e+01	-1.177420e+02
7.840000e-06	-2.618704e-09	-1.017915e-09	-2.134080e+01	-1.199974e+02
7.850000e-06	-2.643624e-09	-1.038428e-09	-2.154388e+01	-1.222492e+02
7.860000e-06	-2.668424e-09	-1.058570e-09	-2.174599e+01	-1.245064e+02
7.870000e-06	-2.693118e-09	-1.078100e-09	-2.194723e+01	-1.267771e+02
7.880000e-06	-2.717695e-09	-1.096797e-09	-2.214752e+01	-1.290678e+02
7.890000e-06	-2.742170e-09	-1.114732e-09	-2.234697e+01	-1.313822e+02
7.900000e-06	-2.766556e-09	-1.133425e-09	-2.254571e+01	-1.337207e+02
7.910000e-06	-2.790856e-09	-1.152808e-09	-2.274373e+01	-1.360802e+02
7.920000e-06	-2.815077e-09	-1.170518e-09	-2.294112e+01	-1.384541e+02
7.930000e-06	-2.839240e-09	-1.189103e-09	-2.313803e+01	-1.408333e+02
7.940000e-06	-2.863361e-09	-1.209826e-09	-2.333461e+01	-1.432068e+02
7.950000e-06	-2.887427e-09	-1.231385e-09	-2.353073e+01	-1.455634e+02
7.960000e-06	-2.911420e-09	-1.252873e-09	-2.372626e+01	-1.478924e+02
7.970000e-06	-2.935339e-09	-1.274597e-09	-2.392119e+01	-1.501853e+02
7.980000e-06	-2.959163e-09	-1.297247e-09	-2.411534e+01	-1.524366e+02
7.990000e-06	-2.982867e-09	-1.319789e-09	-2.430851e+01	-1.546438e+02
8.000000e-06	-3.006480e-09	-1.341618e-09	-2.450094e+01	-1.568086e+02
8.010000e-06	-3.029963e-09	-1.361132e-09	-2.469231e+01	-1.589354e+02
8.020000e-06	-3.053268e-09	-1.379247e-09	-2.488224e+01	-1.610314e+02
8.030000e-06	-3.076410e-09	-1.397932e-09	-2.507082e+01	-1.631054e+02
8.040000e-06	-3.099356e-09	-1.416307e-09	-2.525782e+01	-1.651664e+02
8.050000e-06	-3.122068e-09	-1.435602e-09	-2.544291e+01	-1.672228e+02
8.060000e-06	-3.144529e-09	-1.456825e-09	-2.562595e+01	-1.692811e+02
8.070000e-06	-3.166718e-09	-1.478923e-09	-2.580678e+01	-1.713454e+02
8.080000e-06	-3.188614e-09	-1.500346e-09	-2.598522e+01	-1.734170e+02
8.090000e-06	-3.210245e-09	-1.520716e-09	-2.616149e+01	-1.754943e+02
8.100000e-06	-3.231632e-09	-1.538959e-09	-2.633579e+01	-1.775734e+02
8.110000e-06	-3.252771e-09	-1.554911e-09	-2.650806e+01	-1.796487e+02
8.120000e-06	-3.273694e-09	-1.571442e-09	-2.667857e+01	-1.817137e+02
8.130000e-06	-3.294432e-09	-1.589379e-09	-2.684756e+01	-1.837620e+02
8.140000e-06	-3.315001e-09	-1.609729e-09	-2.701519e+01	-1.857883e+02
8.150000e-06	-3.335422e-09	-1.632391e-09	-2.718161e+01	-1.877886e+02
8.160000e-06	-3.355726e-09	-1.655158e-09	-2.734707e+01	-1.897610e+02
8.170000e-06	-3.375947e-09	-1.676708e-09	-2.751186e+01	-1.917054e+02
8.180000e-06	-3.396102e-09	-1.695265e-09	-2.767611e+01	-1.936236e+02
8.190000e-06	-3.416195e-09	-1.710325e-09	-2.783986e+01	-1.955182e+02
8.200000e-06	-3.436215e-09	-1.724620e-09	-2.800301e+01	-1.973925e+02
8.210000e-06	-3.456145e-09	-1.741303e-09	-2.816543e+01	-1.992496e+02
8.220000e-06	-3.475992e-09	-1.759597e-09	-2.832717e+01	-2.010917e+02
8.230000e-06	-3.495739e-09	-1.778331e-09	-2.848810e+01	-2.029197e+02
8.240000e-06	-3.515347e-09	-1.797996e-09	-2.864789e+01	-2.047329e+02
8.250000e-06	-3.534788e-09	-1.817003e-09	-2.880632e+01	-2.065294e+02
8.260000e-06	-3.554038e-09	-1.834879e-09	-2.896319e+01	-2.083061e+02
8.270000e-06	-3.573119e-09	-1.852845e-09	-2.911869e+01	-2.100591e+02
8.280000e-06	-3.592028e-09	-1.870012e-09	-2.927279e+01	-2.117847e+02
8.290000e-06	-3.610751e-09	-1.885002e-09	-2.942537e+01	-2.134797e+02
8.300000e-06	-3.629298e-09	-1.898582e-09	-2.957652e+01	-2.151422e+02
8.310000e-06	-3.647685e-09	-1.913357e-09	-2.972636e+01	-2.167716e+02
8.320000e-06	-3.665959e-09	-1.930421e-09	-2.987528e+01	-2.183687e+02
8.330000e-06	-3.684109e-09	-1.946228e-09	-3.002319e+01	-2.199361e+02
8.340000e-06	-3.702109e-09	-1.958062e-09	-3.016988e+01	-2.214771e+02
8.350000e-06	-3.719966e-09	-1.968766e-09	-3.031541e+01	-2.229954e+02
8.360000e-06	-3.737685e-09	-1.981527e-09	-3.045980e+01	-2.244949e+02
8.370000e-06	-3.755230e-09	-1.995831e-09	-3.060279e+01	-2.259784e+02
8.380000e-06	-3.772588e-09	-2.010512e-09	-3.074424e+01	-2.274477e+02
8.390000e-06	-3.789770e-09	-2.024348e-09	-3.088427e+01	-2.289031e+02
8.400000e-06	-3.806776e-09	-2.037343e-09	-3.102286e+01	-2.303433e+02
8.410000e-06	-3.823572e-09	-2.050972e-09	-3.115973e+01	-2.317661e+02
8.420000e-06	-3.840187e-09	-2.062662e-09	-3.129513e+01	-2.331681e+02
8.430000e-06	-3.856669e-09	-2.070851e-09	-3.142945e+01	-2.345462e+02
8.440000e-06	-3.873016e-09	-2.080274e-09	-3.156267e+01	-2.358975e+02
8.450000e-06	-3.889264e-09	-2.093097e-09	-3.169508e+01	-2.372202e+02
8.460000e-06	-3.905435e-09	-2.106724e-09	-3.182687e+01	-2.385140e+02
8.470000e-06	-3.921520e-09	-2.118799e-09	-3.195795e+01	-2.397803e+02
8.480000e-06	-3.937507e-09	-2.128665e-09	-3.208824e+01	-2.410221e+02
8.490000e-06	-3.953384e-09	-2.138173e-09	-3.221762e+01	-2.422436e+02
8.500000e-06	-3.969100e-09	-2.146567e-09	-3.234569e+01	-2.434496e+02
8.510000e-06	-3.984601e-09	-2.153610e-09	-3.247202e+01	-2.446449e+02
8.520000e-06	-3.999882e-09	-2.161447e-09	-3.259655e+01	-2.458334e+02
8.530000e-06	-4.014909e-09	-2.170932e-09	-3.271901e+01	-2.470178e+02
8.540000e-06	-4.029612e-09	-2.180012e-09	-3.283883e+01	-2.481986e+02
8.550000e-06	-4.043956e-09	-2.187060e-09	-3.295573e+01	-2.493743e+02
8.560000e-06	-4.057961e-09	-2.194296e-09	-3.306986e+01	-2.505413e+02
8.570000e-06	-4.071652e-09	-2.202615e-09	-3.318143e+01	-2.516947e+02
8.580000e-06	-4.085018e-09	-2.212894e-09	-3.329035e+01	-2.528283e+02
8.590000e-06	-4.098108e-09	-2.224115e-09	-3.339702e+01	-2.539361e+02
8.600000e-06	-4.110960e-09	-2.234386e-09	-3.350176e+01	-2.550126e+02
8.610000e-06	-4.123593e-09	-2.243561e-09	-3.360471e+01	-2.560540e+02
8.620000e-06	-4.136057e-09	-2.251428e-09	-3.370629e+01	-2.570584e+02
8.630000e-06	-4.148350e-09	-2.259075e-09	-3.380646e+01	-2.580264e+02
8.640000e-06	-4.160466e-09	-2.266180e-09	-3.390520e+01	-2.589608e+02
8.650000e-06	-4.172408e-09	-2.273504e-09	-3.400252e+01	-2.598662e+02
8.660000e-06	-4.184179e-09	-2.283486e-09	-3.409845e+01	-2.607486e+02
8.670000e-06	-4.195756e-09	-2.295622e-09	-3.419280e+01	-2.616143e+02
8.680000e-06	-4.207106e-09	-2.307683e-09	-3.428529e+01	-2.624690e+02
8.690000e-06	-4.218245e-09	-2.317876e-09	-3.437606e+01	-2.633173e+02
8.700000e-06	-4.229179e-09	-2.326486e-09	-3.446517e+01	-2.641616e+02
8.710000e-06	-4.239893e-09	-2.332251e-09	-3.455248e+01	-2.650019e+02
8.720000e-06	-4.250421e-09	-2.335815e-09	-3.463828e+01	-2.658361e+02
8.730000e-06	-4.260793e-09	-2.339105e-09	-3.472280e+01	-2.666599e+02
8.740000e-06	-4.270999e-09	-2.343526e-09	-3.480598e+01	-2.674679e+02
8.750000e-06	-4.281048e-09	-2.351113e-09	-3.488787e+01	-2.682539e+02
8.760000e-06	-4.290938e-09	-2.359147e-09	-3.496847e+01	-2.690122e+02
8.770000e-06	-4.300666e-09	-2.366651e-09	-3.504775e+01	-2.697385e+02
8.780000e-06	-4.310202e-09	-2.373572e-09	-3.512546e+01	-2.704304e+02
8.790000e-06	-4.319517e-09	-2.380296e-09	-3.520137e+01	-2.710876e+02
8.800000e-06	-4.328604e-09	-2.387025e-09	-3.527543e+01	-2.717124e+02
8.810000e-06	-4.337473e-09	-2.391886e-09	-3.534770e+01	-2.723091e+02
8.820000e-06	-4.346157e-09	-2.396247e-09	-3.541847e+01	-2.728835e+02
8.830000e-06	-4.354668e-09	-2.401212e-09	-3.548782e+01	-2.734418e+02
8.840000e-06	-4.363030e-09	-2.407894e-09	-3.555598e+01	-2.739899e+02
8.850000e-06	-4.371283e-09	-2.416072e-09	-3.562323e+01	-2.745328e+02
8.860000e-06	-4.379435e-09	-2.424534e-09	-3.568967e+01	-2.750732e+02
8.870000e-06	-4.387488e-09	-2.431819e-09	-3.575529e+01	-2.756117e+02
8.880000e-06	-4.395441e-09	-2.437145e-09	-3.582010e+01	-2.761465e+02
8.890000e-06	-4.403256e-09	-2.442229e-09	-3.588379e+01	-2.766736e+02
8.900000e-06	-4.410901e-09	-2.444865e-09	-3.594609e+01	-2.771877e+02
8.910000e-06	-4.418367e-09	-2.445377e-09	-3.600694e+01	-2.776827e+02
8.920000e-06	-4.425604e-09	-2.448195e-09	-3.606591e+01	-2.781529e+02
8.930000e-06	-4.432542e-09	-2.452253e-09	-3.612245e+01	-2.785939e+02
8.940000e-06	-4.439151e-09	-2.456980e-09	-3.617632e+01	-2.790031e+02
8.950000e-06	-4.445432e-09	-2.462796e-09	-3.622750e+01	-2.793804e+02
8.960000e-06	-4.451363e-09	-2.468101e-09	-3.627583e+01	-2.797281e+02
8.970000e-06	-4.456937e-09	-2.473015e-09	-3.632125e+01	-2.800510e+02
8.980000e-06	-4.462185e-09	-2.476875e-09	-3.636402e+01	-2.803553e+02
8.990000e-06	-4.467126e-09	-2.479569e-09	-3.640429e+01	-2.806483e+02
9.000000e-06	-4.471801e-09	-2.479972e-09	-3.644239e+01	-2.809370e+02
9.010000e-06	-4.476289e-09	-2.478530e-09	-3.647896e+01	-2.812273e+02
9.020000e-06	-4.480642e-09	-2.477193e-09	-3.651444e+01	-2.815235e+02
9.030000e-06	-4.484875e-09	-2.476663e-09	-3.654893e+01	-2.818274e+02
9.040000e-06	-4.489004e-09	-2.478570e-09	-3.658258e+01	-2.821383e+02
9.050000e-06	-4.493029e-09	-2.480561e-09	-3.661538e+01	-2.824534e+02
9.060000e-06	-4.496927e-09	-2.485824e-09	-3.664715e+01	-2.827680e+02
9.070000e-06	-4.500684e-09	-2.493026e-09	-3.667777e+01	-2.830764e+02
9.080000e-06	-4.504272e-09	-2.498609e-09	-3.670701e+01	-2.833731e+02
9.090000e-06	-4.507661e-09	-2.501429e-09	-3.673463e+01	-2.836531e+02
9.100000e-06	-4.510833e-09	-2.499771e-09	-3.676048e+01	-2.839133e+02
9.110000e-06	-4.513779e-09	-2.497643e-09	-3.678449e+01	-2.841524e+02
9.120000e-06	-4.516503e-09	-2.494487e-09	-3.680668e+01	-2.843713e+02
9.130000e-06	-4.519039e-09	-2.492594e-09	-3.682735e+01	-2.845728e+02
9.140000e-06	-4.521426e-09	-2.492351e-09	-3.684680e+01	-2.847611e+02
9.150000e-06	-4.523656e-09	-2.495784e-09	-3.686498e+01	-2.849406e+02
9.160000e-06	-4.525736e-09	-2.503485e-09	-3.688193e+01	-2.851154e+02
9.170000e-06	-4.527683e-09	-2.507854e-09	-3.689779e+01	-2.852882e+02
9.180000e-06	-4.529346e-09	-2.508331e-09	-3.691135e+01	-2.854598e+02
9.190000e-06	-4.530678e-09	-2.503610e-09	-3.692220e+01	-2.856283e+02
9.200000e-06	-4.531833e-09	-2.496429e-09	-3.693161e+01	-2.857896e+02
9.210000e-06	-4.532830e-09	-2.490681e-09	-3.693974e+01	-2.859373e+02
9.220000e-06	-4.533638e-09	-2.486870e-09	-3.694632e+01	-2.860642e+02
9.230000e-06	-4.534259e-09	-2.487896e-09	-3.695138e+01	-2.861627e+02
9.240000e-06	-4.534721e-09	-2.491143e-09	-3.695515e+01	-2.862265e+02
