# Temperatura_=_20.0
# Concentracion g/m^3_=_10770.0
# C_Vs_to_Am_M_A/Vsm_=_116720831517.84952
# pendiente_HvsI_1/m_=_3716.3
# ordenada_HvsI_A/m_=_1297.0
# frecuencia_Hz_=_108170.66414538877
# Promedio de 28 ciclos

Tiempo_(s)	Campo_(V.s)	Magnetizacion_(V.s)	Campo_(kA/m)	Magnetizacion_(A/m)
0.000000e+00	-4.716150e-09	-3.990290e-09	-3.842191e+01	-4.597235e+02
1.000000e-08	-4.716343e-09	-3.992764e-09	-3.842348e+01	-4.597872e+02
2.000000e-08	-4.716419e-09	-3.991973e-09	-3.842410e+01	-4.598559e+02
3.000000e-08	-4.716385e-09	-3.989505e-09	-3.842382e+01	-4.599310e+02
4.000000e-08	-4.716196e-09	-3.990499e-09	-3.842228e+01	-4.600104e+02
5.000000e-08	-4.715831e-09	-3.999975e-09	-3.841931e+01	-4.600882e+02
6.000000e-08	-4.715260e-09	-4.012947e-09	-3.841466e+01	-4.601554e+02
7.000000e-08	-4.714410e-09	-4.025227e-09	-3.840773e+01	-4.602009e+02
8.000000e-08	-4.713213e-09	-4.019840e-09	-3.839798e+01	-4.602127e+02
9.000000e-08	-4.711591e-09	-3.956482e-09	-3.838477e+01	-4.601794e+02
1.000000e-07	-4.709530e-09	-3.872140e-09	-3.836798e+01	-4.600920e+02
1.100000e-07	-4.707096e-09	-3.932011e-09	-3.834815e+01	-4.599449e+02
1.200000e-07	-4.704350e-09	-4.076358e-09	-3.832577e+01	-4.597369e+02
1.300000e-07	-4.701368e-09	-4.049448e-09	-3.830148e+01	-4.594720e+02
1.400000e-07	-4.698150e-09	-3.909887e-09	-3.827526e+01	-4.591587e+02
1.500000e-07	-4.694695e-09	-3.956543e-09	-3.824712e+01	-4.588097e+02
1.600000e-07	-4.691064e-09	-4.133108e-09	-3.821753e+01	-4.584401e+02
1.700000e-07	-4.687286e-09	-4.057267e-09	-3.818676e+01	-4.580667e+02
1.800000e-07	-4.683394e-09	-3.826691e-09	-3.815505e+01	-4.577054e+02
1.900000e-07	-4.679381e-09	-3.868714e-09	-3.812235e+01	-4.573700e+02
2.000000e-07	-4.675254e-09	-4.077167e-09	-3.808873e+01	-4.570708e+02
2.100000e-07	-4.670997e-09	-4.055605e-09	-3.805405e+01	-4.568136e+02
2.200000e-07	-4.666548e-09	-3.921886e-09	-3.801780e+01	-4.565992e+02
2.300000e-07	-4.661895e-09	-3.978664e-09	-3.797990e+01	-4.564236e+02
2.400000e-07	-4.657030e-09	-4.049831e-09	-3.794026e+01	-4.562786e+02
2.500000e-07	-4.651943e-09	-3.953597e-09	-3.789882e+01	-4.561531e+02
2.600000e-07	-4.646631e-09	-3.896455e-09	-3.785554e+01	-4.560342e+02
2.700000e-07	-4.641115e-09	-3.964857e-09	-3.781060e+01	-4.559089e+02
2.800000e-07	-4.635402e-09	-3.974232e-09	-3.776406e+01	-4.557650e+02
2.900000e-07	-4.629483e-09	-3.952849e-09	-3.771584e+01	-4.555929e+02
3.000000e-07	-4.623349e-09	-4.010022e-09	-3.766587e+01	-4.553856e+02
3.100000e-07	-4.616981e-09	-3.988782e-09	-3.761399e+01	-4.551397e+02
3.200000e-07	-4.610375e-09	-3.880736e-09	-3.756017e+01	-4.548547e+02
3.300000e-07	-4.603498e-09	-3.906701e-09	-3.750415e+01	-4.545327e+02
3.400000e-07	-4.596361e-09	-3.994656e-09	-3.744600e+01	-4.541779e+02
3.500000e-07	-4.589034e-09	-3.939799e-09	-3.738630e+01	-4.537954e+02
3.600000e-07	-4.581549e-09	-3.883904e-09	-3.732533e+01	-4.533905e+02
3.700000e-07	-4.573900e-09	-3.961522e-09	-3.726301e+01	-4.529679e+02
3.800000e-07	-4.566121e-09	-3.986735e-09	-3.719964e+01	-4.525314e+02
3.900000e-07	-4.558252e-09	-3.907873e-09	-3.713553e+01	-4.520831e+02
4.000000e-07	-4.550252e-09	-3.883893e-09	-3.707036e+01	-4.516241e+02
4.100000e-07	-4.542119e-09	-3.909437e-09	-3.700410e+01	-4.511541e+02
4.200000e-07	-4.533833e-09	-3.913061e-09	-3.693659e+01	-4.506723e+02
4.300000e-07	-4.525353e-09	-3.919188e-09	-3.686751e+01	-4.501776e+02
4.400000e-07	-4.516660e-09	-3.914500e-09	-3.679669e+01	-4.496690e+02
4.500000e-07	-4.507706e-09	-3.880944e-09	-3.672374e+01	-4.491461e+02
4.600000e-07	-4.498427e-09	-3.880990e-09	-3.664814e+01	-4.486091e+02
4.700000e-07	-4.488796e-09	-3.904880e-09	-3.656968e+01	-4.480588e+02
4.800000e-07	-4.478798e-09	-3.885078e-09	-3.648823e+01	-4.474966e+02
4.900000e-07	-4.468416e-09	-3.855316e-09	-3.640365e+01	-4.469238e+02
5.000000e-07	-4.457707e-09	-3.866089e-09	-3.631640e+01	-4.463416e+02
5.100000e-07	-4.446706e-09	-3.883519e-09	-3.622678e+01	-4.457507e+02
5.200000e-07	-4.435441e-09	-3.871946e-09	-3.613500e+01	-4.451511e+02
5.300000e-07	-4.423953e-09	-3.840089e-09	-3.604142e+01	-4.445418e+02
5.400000e-07	-4.412247e-09	-3.816234e-09	-3.594605e+01	-4.439211e+02
5.500000e-07	-4.400332e-09	-3.825124e-09	-3.584898e+01	-4.432870e+02
5.600000e-07	-4.388236e-09	-3.835725e-09	-3.575043e+01	-4.426370e+02
5.700000e-07	-4.375953e-09	-3.814165e-09	-3.565036e+01	-4.419694e+02
5.800000e-07	-4.363445e-09	-3.795744e-09	-3.554846e+01	-4.412829e+02
5.900000e-07	-4.350702e-09	-3.804000e-09	-3.544464e+01	-4.405775e+02
6.000000e-07	-4.337726e-09	-3.810115e-09	-3.533893e+01	-4.398545e+02
6.100000e-07	-4.324564e-09	-3.800863e-09	-3.523170e+01	-4.391164e+02
6.200000e-07	-4.311213e-09	-3.784264e-09	-3.512293e+01	-4.383667e+02
6.300000e-07	-4.297646e-09	-3.769521e-09	-3.501240e+01	-4.376095e+02
6.400000e-07	-4.283901e-09	-3.772967e-09	-3.490043e+01	-4.368493e+02
6.500000e-07	-4.269990e-09	-3.781005e-09	-3.478710e+01	-4.360896e+02
6.600000e-07	-4.255879e-09	-3.765029e-09	-3.467213e+01	-4.353334e+02
6.700000e-07	-4.241546e-09	-3.743906e-09	-3.455536e+01	-4.345817e+02
6.800000e-07	-4.226993e-09	-3.744644e-09	-3.443680e+01	-4.338341e+02
6.900000e-07	-4.212194e-09	-3.752296e-09	-3.431624e+01	-4.330883e+02
7.000000e-07	-4.197068e-09	-3.747119e-09	-3.419301e+01	-4.323407e+02
7.100000e-07	-4.181635e-09	-3.732597e-09	-3.406728e+01	-4.315862e+02
7.200000e-07	-4.165950e-09	-3.721505e-09	-3.393950e+01	-4.308195e+02
7.300000e-07	-4.149991e-09	-3.719776e-09	-3.380948e+01	-4.300354e+02
7.400000e-07	-4.133762e-09	-3.717841e-09	-3.367726e+01	-4.292293e+02
7.500000e-07	-4.117284e-09	-3.705984e-09	-3.354302e+01	-4.283982e+02
7.600000e-07	-4.100605e-09	-3.692418e-09	-3.340714e+01	-4.275407e+02
7.700000e-07	-4.083765e-09	-3.687284e-09	-3.326994e+01	-4.266572e+02
7.800000e-07	-4.066758e-09	-3.686806e-09	-3.313138e+01	-4.257500e+02
7.900000e-07	-4.049582e-09	-3.679054e-09	-3.299146e+01	-4.248231e+02
8.000000e-07	-4.032299e-09	-3.662333e-09	-3.285066e+01	-4.238812e+02
8.100000e-07	-4.014914e-09	-3.649100e-09	-3.270902e+01	-4.229298e+02
8.200000e-07	-3.997357e-09	-3.645362e-09	-3.256599e+01	-4.219745e+02
8.300000e-07	-3.979637e-09	-3.641213e-09	-3.242163e+01	-4.210200e+02
8.400000e-07	-3.961770e-09	-3.628659e-09	-3.227607e+01	-4.200703e+02
8.500000e-07	-3.943712e-09	-3.614621e-09	-3.212894e+01	-4.191282e+02
8.600000e-07	-3.925441e-09	-3.606257e-09	-3.198010e+01	-4.181951e+02
8.700000e-07	-3.906981e-09	-3.601781e-09	-3.182970e+01	-4.172712e+02
8.800000e-07	-3.888291e-09	-3.595602e-09	-3.167744e+01	-4.163558e+02
8.900000e-07	-3.869376e-09	-3.585193e-09	-3.152334e+01	-4.154475e+02
9.000000e-07	-3.850275e-09	-3.577450e-09	-3.136773e+01	-4.145443e+02
9.100000e-07	-3.830987e-09	-3.575418e-09	-3.121059e+01	-4.136443e+02
9.200000e-07	-3.811551e-09	-3.573598e-09	-3.105225e+01	-4.127454e+02
9.300000e-07	-3.791980e-09	-3.564645e-09	-3.089281e+01	-4.118458e+02
9.400000e-07	-3.772280e-09	-3.549951e-09	-3.073232e+01	-4.109437e+02
9.500000e-07	-3.752476e-09	-3.541423e-09	-3.057097e+01	-4.100375e+02
9.600000e-07	-3.732598e-09	-3.536469e-09	-3.040903e+01	-4.091253e+02
9.700000e-07	-3.712652e-09	-3.528659e-09	-3.024653e+01	-4.082054e+02
9.800000e-07	-3.692605e-09	-3.513920e-09	-3.008321e+01	-4.072754e+02
9.900000e-07	-3.672444e-09	-3.497217e-09	-2.991896e+01	-4.063329e+02
1.000000e-06	-3.652171e-09	-3.488073e-09	-2.975380e+01	-4.053754e+02
1.010000e-06	-3.631763e-09	-3.485125e-09	-2.958754e+01	-4.044003e+02
1.020000e-06	-3.611175e-09	-3.482844e-09	-2.941981e+01	-4.034052e+02
1.030000e-06	-3.590402e-09	-3.472777e-09	-2.925057e+01	-4.023884e+02
1.040000e-06	-3.569449e-09	-3.460849e-09	-2.907987e+01	-4.013489e+02
1.050000e-06	-3.548308e-09	-3.449786e-09	-2.890764e+01	-4.002869e+02
1.060000e-06	-3.527020e-09	-3.434444e-09	-2.873421e+01	-3.992033e+02
1.070000e-06	-3.505590e-09	-3.415745e-09	-2.855962e+01	-3.981002e+02
1.080000e-06	-3.484009e-09	-3.396763e-09	-2.838381e+01	-3.969808e+02
1.090000e-06	-3.462286e-09	-3.388080e-09	-2.820683e+01	-3.958482e+02
1.100000e-06	-3.440415e-09	-3.388081e-09	-2.802865e+01	-3.947062e+02
1.110000e-06	-3.418414e-09	-3.385779e-09	-2.784941e+01	-3.935580e+02
1.120000e-06	-3.396282e-09	-3.375589e-09	-2.766910e+01	-3.924058e+02
1.130000e-06	-3.373994e-09	-3.359752e-09	-2.748752e+01	-3.912512e+02
1.140000e-06	-3.351546e-09	-3.343538e-09	-2.730464e+01	-3.900944e+02
1.150000e-06	-3.328934e-09	-3.325296e-09	-2.712042e+01	-3.889343e+02
1.160000e-06	-3.306155e-09	-3.305998e-09	-2.693485e+01	-3.877688e+02
1.170000e-06	-3.283185e-09	-3.288354e-09	-2.674771e+01	-3.865951e+02
1.180000e-06	-3.260043e-09	-3.279418e-09	-2.655918e+01	-3.854101e+02
1.190000e-06	-3.236748e-09	-3.277989e-09	-2.636939e+01	-3.842110e+02
1.200000e-06	-3.213297e-09	-3.274031e-09	-2.617835e+01	-3.829956e+02
1.210000e-06	-3.189744e-09	-3.262884e-09	-2.598646e+01	-3.817628e+02
1.220000e-06	-3.166102e-09	-3.244115e-09	-2.579385e+01	-3.805125e+02
1.230000e-06	-3.142364e-09	-3.224956e-09	-2.560045e+01	-3.792464e+02
1.240000e-06	-3.118542e-09	-3.208691e-09	-2.540638e+01	-3.779670e+02
1.250000e-06	-3.094636e-09	-3.195228e-09	-2.521162e+01	-3.766779e+02
1.260000e-06	-3.070648e-09	-3.184037e-09	-2.501620e+01	-3.753828e+02
1.270000e-06	-3.046583e-09	-3.175597e-09	-2.482014e+01	-3.740858e+02
1.280000e-06	-3.022425e-09	-3.169156e-09	-2.462333e+01	-3.727901e+02
1.290000e-06	-2.998157e-09	-3.160369e-09	-2.442562e+01	-3.714979e+02
1.300000e-06	-2.973743e-09	-3.148373e-09	-2.422672e+01	-3.702103e+02
1.310000e-06	-2.949167e-09	-3.133416e-09	-2.402651e+01	-3.689267e+02
1.320000e-06	-2.924431e-09	-3.119790e-09	-2.382498e+01	-3.676455e+02
1.330000e-06	-2.899518e-09	-3.109737e-09	-2.362203e+01	-3.663635e+02
1.340000e-06	-2.874396e-09	-3.100484e-09	-2.341735e+01	-3.650769e+02
1.350000e-06	-2.849030e-09	-3.087497e-09	-2.321070e+01	-3.637815e+02
1.360000e-06	-2.823460e-09	-3.071527e-09	-2.300239e+01	-3.624729e+02
1.370000e-06	-2.797668e-09	-3.056492e-09	-2.279226e+01	-3.611473e+02
1.380000e-06	-2.771649e-09	-3.044938e-09	-2.258029e+01	-3.598017e+02
1.390000e-06	-2.745370e-09	-3.037912e-09	-2.236620e+01	-3.584338e+02
1.400000e-06	-2.718834e-09	-3.030927e-09	-2.215001e+01	-3.570425e+02
1.410000e-06	-2.692087e-09	-3.023012e-09	-2.193211e+01	-3.556276e+02
1.420000e-06	-2.665143e-09	-3.010941e-09	-2.171260e+01	-3.541894e+02
1.430000e-06	-2.638032e-09	-2.992775e-09	-2.149173e+01	-3.527291e+02
1.440000e-06	-2.610744e-09	-2.971906e-09	-2.126942e+01	-3.512481e+02
1.450000e-06	-2.583321e-09	-2.952926e-09	-2.104601e+01	-3.497476e+02
1.460000e-06	-2.555794e-09	-2.940041e-09	-2.082175e+01	-3.482292e+02
1.470000e-06	-2.528176e-09	-2.932149e-09	-2.059675e+01	-3.466940e+02
1.480000e-06	-2.500492e-09	-2.926670e-09	-2.037121e+01	-3.451434e+02
1.490000e-06	-2.472747e-09	-2.918619e-09	-2.014518e+01	-3.435786e+02
1.500000e-06	-2.444944e-09	-2.906311e-09	-1.991867e+01	-3.420008e+02
1.510000e-06	-2.417093e-09	-2.890707e-09	-1.969176e+01	-3.404117e+02
1.520000e-06	-2.389199e-09	-2.873405e-09	-1.946452e+01	-3.388130e+02
1.530000e-06	-2.361253e-09	-2.855012e-09	-1.923685e+01	-3.372069e+02
1.540000e-06	-2.333249e-09	-2.835101e-09	-1.900870e+01	-3.355958e+02
1.550000e-06	-2.305182e-09	-2.818220e-09	-1.878004e+01	-3.339822e+02
1.560000e-06	-2.277063e-09	-2.804456e-09	-1.855096e+01	-3.323684e+02
1.570000e-06	-2.248882e-09	-2.792743e-09	-1.832137e+01	-3.307564e+02
1.580000e-06	-2.220610e-09	-2.783700e-09	-1.809104e+01	-3.291475e+02
1.590000e-06	-2.192251e-09	-2.776336e-09	-1.786000e+01	-3.275422e+02
1.600000e-06	-2.163804e-09	-2.767823e-09	-1.762825e+01	-3.259402e+02
1.610000e-06	-2.135255e-09	-2.753492e-09	-1.739566e+01	-3.243404e+02
1.620000e-06	-2.106591e-09	-2.732957e-09	-1.716214e+01	-3.227409e+02
1.630000e-06	-2.077822e-09	-2.710529e-09	-1.692777e+01	-3.211391e+02
1.640000e-06	-2.048948e-09	-2.691755e-09	-1.669253e+01	-3.195325e+02
1.650000e-06	-2.019967e-09	-2.677101e-09	-1.645642e+01	-3.179188e+02
1.660000e-06	-1.990899e-09	-2.664493e-09	-1.621961e+01	-3.162958e+02
1.670000e-06	-1.961753e-09	-2.652855e-09	-1.598217e+01	-3.146625e+02
1.680000e-06	-1.932496e-09	-2.642342e-09	-1.574381e+01	-3.130184e+02
1.690000e-06	-1.903137e-09	-2.629834e-09	-1.550462e+01	-3.113641e+02
1.700000e-06	-1.873690e-09	-2.611671e-09	-1.526473e+01	-3.097006e+02
1.710000e-06	-1.844161e-09	-2.590641e-09	-1.502416e+01	-3.080297e+02
1.720000e-06	-1.814562e-09	-2.569743e-09	-1.478301e+01	-3.063531e+02
1.730000e-06	-1.784889e-09	-2.550296e-09	-1.454127e+01	-3.046720e+02
1.740000e-06	-1.755141e-09	-2.533836e-09	-1.429892e+01	-3.029873e+02
1.750000e-06	-1.725322e-09	-2.523001e-09	-1.405599e+01	-3.012987e+02
1.760000e-06	-1.695468e-09	-2.514933e-09	-1.381277e+01	-2.996049e+02
1.770000e-06	-1.665571e-09	-2.505146e-09	-1.356921e+01	-2.979033e+02
1.780000e-06	-1.635612e-09	-2.492007e-09	-1.332513e+01	-2.961905e+02
1.790000e-06	-1.605595e-09	-2.475920e-09	-1.308058e+01	-2.944624e+02
1.800000e-06	-1.575510e-09	-2.457538e-09	-1.283549e+01	-2.927146e+02
1.810000e-06	-1.545357e-09	-2.437402e-09	-1.258984e+01	-2.909427e+02
1.820000e-06	-1.515127e-09	-2.419520e-09	-1.234356e+01	-2.891431e+02
1.830000e-06	-1.484828e-09	-2.403999e-09	-1.209671e+01	-2.873131e+02
1.840000e-06	-1.454489e-09	-2.389261e-09	-1.184954e+01	-2.854512e+02
1.850000e-06	-1.424099e-09	-2.375052e-09	-1.160196e+01	-2.835572e+02
1.860000e-06	-1.393665e-09	-2.360641e-09	-1.135402e+01	-2.816322e+02
1.870000e-06	-1.363164e-09	-2.345206e-09	-1.110553e+01	-2.796786e+02
1.880000e-06	-1.332592e-09	-2.328328e-09	-1.085646e+01	-2.776993e+02
1.890000e-06	-1.301969e-09	-2.310623e-09	-1.060698e+01	-2.756980e+02
1.900000e-06	-1.271292e-09	-2.291169e-09	-1.035706e+01	-2.736782e+02
1.910000e-06	-1.240564e-09	-2.271024e-09	-1.010672e+01	-2.716435e+02
1.920000e-06	-1.209788e-09	-2.252993e-09	-9.855995e+00	-2.695967e+02
1.930000e-06	-1.178967e-09	-2.237172e-09	-9.604899e+00	-2.675402e+02
1.940000e-06	-1.148087e-09	-2.220831e-09	-9.353321e+00	-2.654755e+02
1.950000e-06	-1.117142e-09	-2.202892e-09	-9.101217e+00	-2.634036e+02
1.960000e-06	-1.086117e-09	-2.185472e-09	-8.848462e+00	-2.613249e+02
1.970000e-06	-1.055035e-09	-2.167023e-09	-8.595240e+00	-2.592396e+02
1.980000e-06	-1.023902e-09	-2.147775e-09	-8.341605e+00	-2.571474e+02
1.990000e-06	-9.927155e-10	-2.129976e-09	-8.087532e+00	-2.550481e+02
2.000000e-06	-9.614875e-10	-2.113140e-09	-7.833122e+00	-2.529414e+02
2.010000e-06	-9.301996e-10	-2.099575e-09	-7.578223e+00	-2.508270e+02
2.020000e-06	-8.988436e-10	-2.087091e-09	-7.322769e+00	-2.487045e+02
2.030000e-06	-8.674556e-10	-2.071428e-09	-7.067055e+00	-2.465736e+02
2.040000e-06	-8.360455e-10	-2.052049e-09	-6.811160e+00	-2.444334e+02
2.050000e-06	-8.045913e-10	-2.031478e-09	-6.554907e+00	-2.422830e+02
2.060000e-06	-7.731116e-10	-2.012674e-09	-6.298445e+00	-2.401211e+02
2.070000e-06	-7.416145e-10	-1.993359e-09	-6.041842e+00	-2.379461e+02
2.080000e-06	-7.100909e-10	-1.974113e-09	-5.785023e+00	-2.357562e+02
2.090000e-06	-6.785371e-10	-1.956271e-09	-5.527957e+00	-2.335497e+02
2.100000e-06	-6.469537e-10	-1.939081e-09	-5.270651e+00	-2.313252e+02
2.110000e-06	-6.153530e-10	-1.921544e-09	-5.013204e+00	-2.290817e+02
2.120000e-06	-5.837443e-10	-1.901022e-09	-4.755692e+00	-2.268188e+02
2.130000e-06	-5.521285e-10	-1.878719e-09	-4.498121e+00	-2.245369e+02
2.140000e-06	-5.204962e-10	-1.855716e-09	-4.240417e+00	-2.222372e+02
2.150000e-06	-4.888335e-10	-1.833395e-09	-3.982464e+00	-2.199215e+02
2.160000e-06	-4.571390e-10	-1.813595e-09	-3.724252e+00	-2.175921e+02
2.170000e-06	-4.254236e-10	-1.795730e-09	-3.465870e+00	-2.152515e+02
2.180000e-06	-3.937121e-10	-1.780051e-09	-3.207520e+00	-2.129020e+02
2.190000e-06	-3.619932e-10	-1.763345e-09	-2.949110e+00	-2.105454e+02
2.200000e-06	-3.302450e-10	-1.745051e-09	-2.690460e+00	-2.081830e+02
2.210000e-06	-2.984815e-10	-1.726775e-09	-2.431687e+00	-2.058151e+02
2.220000e-06	-2.667073e-10	-1.706075e-09	-2.172826e+00	-2.034410e+02
2.230000e-06	-2.349162e-10	-1.682455e-09	-1.913827e+00	-2.010593e+02
2.240000e-06	-2.031251e-10	-1.658750e-09	-1.654829e+00	-1.986680e+02
2.250000e-06	-1.713352e-10	-1.637374e-09	-1.395840e+00	-1.962649e+02
2.260000e-06	-1.395476e-10	-1.617622e-09	-1.136870e+00	-1.938477e+02
2.270000e-06	-1.077563e-10	-1.598575e-09	-8.778693e-01	-1.914145e+02
2.280000e-06	-7.596296e-11	-1.578598e-09	-6.188521e-01	-1.889642e+02
2.290000e-06	-4.418134e-11	-1.557486e-09	-3.599307e-01	-1.864963e+02
2.300000e-06	-1.238178e-11	-1.537698e-09	-1.008630e-01	-1.840111e+02
2.310000e-06	1.941090e-11	-1.518888e-09	1.581489e-01	-1.815095e+02
2.320000e-06	5.117748e-11	-1.499868e-09	4.169483e-01	-1.789927e+02
2.330000e-06	8.294636e-11	-1.479409e-09	6.757664e-01	-1.764619e+02
2.340000e-06	1.147308e-10	-1.457786e-09	9.347111e-01	-1.739181e+02
2.350000e-06	1.465144e-10	-1.434792e-09	1.193649e+00	-1.713614e+02
2.360000e-06	1.782941e-10	-1.408909e-09	1.452555e+00	-1.687911e+02
2.370000e-06	2.100719e-10	-1.381580e-09	1.711446e+00	-1.662057e+02
2.380000e-06	2.418296e-10	-1.356422e-09	1.970173e+00	-1.636029e+02
2.390000e-06	2.735860e-10	-1.334096e-09	2.228888e+00	-1.609796e+02
2.400000e-06	3.053497e-10	-1.311584e-09	2.487663e+00	-1.583331e+02
2.410000e-06	3.370850e-10	-1.287080e-09	2.746208e+00	-1.556606e+02
2.420000e-06	3.688075e-10	-1.263571e-09	3.004648e+00	-1.529602e+02
2.430000e-06	4.005442e-10	-1.241375e-09	3.263203e+00	-1.502314e+02
2.440000e-06	4.322688e-10	-1.216823e-09	3.521660e+00	-1.474746e+02
2.450000e-06	4.639890e-10	-1.193287e-09	3.780081e+00	-1.446917e+02
2.460000e-06	4.957021e-10	-1.171175e-09	4.038444e+00	-1.418858e+02
2.470000e-06	5.273937e-10	-1.149537e-09	4.296632e+00	-1.390601e+02
2.480000e-06	5.590507e-10	-1.127025e-09	4.554538e+00	-1.362184e+02
2.490000e-06	5.906775e-10	-1.102282e-09	4.812197e+00	-1.333634e+02
2.500000e-06	6.222994e-10	-1.076129e-09	5.069818e+00	-1.304969e+02
2.510000e-06	6.538990e-10	-1.052016e-09	5.327256e+00	-1.276187e+02
2.520000e-06	6.854674e-10	-1.031224e-09	5.584440e+00	-1.247270e+02
2.530000e-06	7.169972e-10	-1.007609e-09	5.841310e+00	-1.218179e+02
2.540000e-06	7.484893e-10	-9.815646e-10	6.097872e+00	-1.188860e+02
2.550000e-06	7.799580e-10	-9.553529e-10	6.354244e+00	-1.159250e+02
2.560000e-06	8.113781e-10	-9.273611e-10	6.610220e+00	-1.129284e+02
2.570000e-06	8.427662e-10	-8.974198e-10	6.865935e+00	-1.098903e+02
2.580000e-06	8.741364e-10	-8.681687e-10	7.121504e+00	-1.068064e+02
2.590000e-06	9.054608e-10	-8.433114e-10	7.376699e+00	-1.036749e+02
2.600000e-06	9.367338e-10	-8.216594e-10	7.631477e+00	-1.004964e+02
2.610000e-06	9.679713e-10	-7.979406e-10	7.885964e+00	-9.727425e+01
2.620000e-06	9.991687e-10	-7.714160e-10	8.140126e+00	-9.401453e+01
2.630000e-06	1.030312e-09	-7.432992e-10	8.393845e+00	-9.072499e+01
2.640000e-06	1.061406e-09	-7.123213e-10	8.647168e+00	-8.741439e+01
2.650000e-06	1.092451e-09	-6.779898e-10	8.900087e+00	-8.409137e+01
2.660000e-06	1.123428e-09	-6.437134e-10	9.152450e+00	-8.076334e+01
2.670000e-06	1.154355e-09	-6.131490e-10	9.404409e+00	-7.743555e+01
2.680000e-06	1.185221e-09	-5.882953e-10	9.655871e+00	-7.411034e+01
2.690000e-06	1.216001e-09	-5.652115e-10	9.906627e+00	-7.078681e+01
2.700000e-06	1.246722e-09	-5.401115e-10	1.015691e+01	-6.746085e+01
2.710000e-06	1.277382e-09	-5.132931e-10	1.040669e+01	-6.412563e+01
2.720000e-06	1.307974e-09	-4.842989e-10	1.065593e+01	-6.077240e+01
2.730000e-06	1.338501e-09	-4.532175e-10	1.090462e+01	-5.739155e+01
2.740000e-06	1.368962e-09	-4.213681e-10	1.115279e+01	-5.397381e+01
2.750000e-06	1.399358e-09	-3.919640e-10	1.140042e+01	-5.051129e+01
2.760000e-06	1.429683e-09	-3.671919e-10	1.164747e+01	-4.699847e+01
2.770000e-06	1.459955e-09	-3.418700e-10	1.189409e+01	-4.343277e+01
2.780000e-06	1.490172e-09	-3.102996e-10	1.214027e+01	-3.981474e+01
2.790000e-06	1.520311e-09	-2.760073e-10	1.238580e+01	-3.614788e+01
2.800000e-06	1.550393e-09	-2.433165e-10	1.263088e+01	-3.243804e+01
2.810000e-06	1.580436e-09	-2.123413e-10	1.287564e+01	-2.869256e+01
2.820000e-06	1.610423e-09	-1.819686e-10	1.311993e+01	-2.491926e+01
2.830000e-06	1.640361e-09	-1.528589e-10	1.336384e+01	-2.112534e+01
2.840000e-06	1.670261e-09	-1.254557e-10	1.360743e+01	-1.731654e+01
2.850000e-06	1.700118e-09	-9.393907e-11	1.385067e+01	-1.349639e+01
2.860000e-06	1.729927e-09	-5.588463e-11	1.409352e+01	-9.665946e+00
2.870000e-06	1.759664e-09	-1.408082e-11	1.433578e+01	-5.823784e+00
2.880000e-06	1.789339e-09	2.515280e-11	1.457755e+01	-1.966381e+00
2.890000e-06	1.818950e-09	5.738642e-11	1.481878e+01	1.911230e+00
2.900000e-06	1.848477e-09	8.530460e-11	1.505934e+01	5.814643e+00
2.910000e-06	1.877935e-09	1.116654e-10	1.529932e+01	9.749216e+00
2.920000e-06	1.907316e-09	1.398354e-10	1.553869e+01	1.371929e+01
2.930000e-06	1.936595e-09	1.714630e-10	1.577722e+01	1.772761e+01
2.940000e-06	1.965768e-09	2.076748e-10	1.601489e+01	2.177499e+01
2.950000e-06	1.994845e-09	2.478068e-10	1.625178e+01	2.586034e+01
2.960000e-06	2.023804e-09	2.895180e-10	1.648770e+01	2.998087e+01
2.970000e-06	2.052652e-09	3.285778e-10	1.672273e+01	3.413266e+01
2.980000e-06	2.081395e-09	3.611783e-10	1.695690e+01	3.831123e+01
2.990000e-06	2.110019e-09	3.901384e-10	1.719009e+01	4.251224e+01
3.000000e-06	2.138551e-09	4.187731e-10	1.742254e+01	4.673207e+01
3.010000e-06	2.166999e-09	4.506247e-10	1.765430e+01	5.096825e+01
3.020000e-06	2.195337e-09	4.870179e-10	1.788516e+01	5.521967e+01
3.030000e-06	2.223586e-09	5.268675e-10	1.811531e+01	5.948652e+01
3.040000e-06	2.251772e-09	5.666647e-10	1.834493e+01	6.377009e+01
3.050000e-06	2.279891e-09	6.034157e-10	1.857402e+01	6.807232e+01
3.060000e-06	2.307960e-09	6.392423e-10	1.880269e+01	7.239535e+01
3.070000e-06	2.335980e-09	6.739897e-10	1.903096e+01	7.674102e+01
3.080000e-06	2.363947e-09	7.083067e-10	1.925881e+01	8.111057e+01
3.090000e-06	2.391861e-09	7.429842e-10	1.948622e+01	8.550435e+01
3.100000e-06	2.419726e-09	7.809934e-10	1.971323e+01	8.992188e+01
3.110000e-06	2.447552e-09	8.220656e-10	1.993993e+01	9.436200e+01
3.120000e-06	2.475344e-09	8.628330e-10	2.016635e+01	9.882324e+01
3.130000e-06	2.503087e-09	9.011847e-10	2.039237e+01	1.033042e+02
3.140000e-06	2.530744e-09	9.380544e-10	2.061769e+01	1.078039e+02
3.150000e-06	2.558294e-09	9.770107e-10	2.084213e+01	1.123222e+02
3.160000e-06	2.585729e-09	1.018697e-09	2.106564e+01	1.168600e+02
3.170000e-06	2.613029e-09	1.061379e-09	2.128805e+01	1.214189e+02
3.180000e-06	2.640167e-09	1.101019e-09	2.150914e+01	1.260011e+02
3.190000e-06	2.667147e-09	1.137714e-09	2.172895e+01	1.306091e+02
3.200000e-06	2.693964e-09	1.174548e-09	2.194742e+01	1.352448e+02
3.210000e-06	2.720545e-09	1.213704e-09	2.216397e+01	1.399091e+02
3.220000e-06	2.746897e-09	1.253880e-09	2.237865e+01	1.446013e+02
3.230000e-06	2.773029e-09	1.292875e-09	2.259155e+01	1.493187e+02
3.240000e-06	2.798937e-09	1.333447e-09	2.280262e+01	1.540568e+02
3.250000e-06	2.824601e-09	1.376868e-09	2.301170e+01	1.588091e+02
3.260000e-06	2.850033e-09	1.419239e-09	2.321889e+01	1.635678e+02
3.270000e-06	2.875223e-09	1.459144e-09	2.342411e+01	1.683244e+02
3.280000e-06	2.900180e-09	1.498232e-09	2.362743e+01	1.730705e+02
3.290000e-06	2.924980e-09	1.537417e-09	2.382947e+01	1.777989e+02
3.300000e-06	2.949613e-09	1.576031e-09	2.403015e+01	1.825038e+02
3.310000e-06	2.974086e-09	1.614928e-09	2.422953e+01	1.871818e+02
3.320000e-06	2.998419e-09	1.654168e-09	2.442777e+01	1.918321e+02
3.330000e-06	3.022619e-09	1.693725e-09	2.462492e+01	1.964559e+02
3.340000e-06	3.046710e-09	1.734288e-09	2.482119e+01	2.010566e+02
3.350000e-06	3.070720e-09	1.775100e-09	2.501680e+01	2.056385e+02
3.360000e-06	3.094640e-09	1.815276e-09	2.521167e+01	2.102065e+02
3.370000e-06	3.118471e-09	1.852923e-09	2.540582e+01	2.147646e+02
3.380000e-06	3.142215e-09	1.889110e-09	2.559926e+01	2.193156e+02
3.390000e-06	3.165857e-09	1.923516e-09	2.579187e+01	2.238604e+02
3.400000e-06	3.189367e-09	1.957180e-09	2.598340e+01	2.283974e+02
3.410000e-06	3.212749e-09	1.993748e-09	2.617389e+01	2.329233e+02
3.420000e-06	3.236005e-09	2.033403e-09	2.636336e+01	2.374327e+02
3.430000e-06	3.259102e-09	2.075687e-09	2.655153e+01	2.419194e+02
3.440000e-06	3.282044e-09	2.116838e-09	2.673843e+01	2.463771e+02
3.450000e-06	3.304809e-09	2.155360e-09	2.692390e+01	2.508004e+02
3.460000e-06	3.327423e-09	2.190440e-09	2.710813e+01	2.551853e+02
3.470000e-06	3.349893e-09	2.221379e-09	2.729119e+01	2.595299e+02
3.480000e-06	3.372179e-09	2.251193e-09	2.747275e+01	2.638345e+02
3.490000e-06	3.394323e-09	2.282373e-09	2.765315e+01	2.681018e+02
3.500000e-06	3.416355e-09	2.316837e-09	2.783265e+01	2.723355e+02
3.510000e-06	3.438249e-09	2.352674e-09	2.801101e+01	2.765404e+02
3.520000e-06	3.459998e-09	2.388571e-09	2.818820e+01	2.807207e+02
3.530000e-06	3.481621e-09	2.424025e-09	2.836436e+01	2.848791e+02
3.540000e-06	3.503126e-09	2.459334e-09	2.853956e+01	2.890163e+02
3.550000e-06	3.524443e-09	2.494362e-09	2.871323e+01	2.931301e+02
3.560000e-06	3.545575e-09	2.527069e-09	2.888538e+01	2.972152e+02
3.570000e-06	3.566544e-09	2.560431e-09	2.905622e+01	3.012639e+02
3.580000e-06	3.587328e-09	2.595126e-09	2.922554e+01	3.052659e+02
3.590000e-06	3.607949e-09	2.628152e-09	2.939354e+01	3.092104e+02
3.600000e-06	3.628398e-09	2.657321e-09	2.956013e+01	3.130865e+02
3.610000e-06	3.648687e-09	2.684713e-09	2.972542e+01	3.168848e+02
3.620000e-06	3.668862e-09	2.714542e-09	2.988979e+01	3.205984e+02
3.630000e-06	3.688943e-09	2.748262e-09	3.005338e+01	3.242236e+02
3.640000e-06	3.708936e-09	2.783848e-09	3.021626e+01	3.277607e+02
3.650000e-06	3.728853e-09	2.815685e-09	3.037852e+01	3.312133e+02
3.660000e-06	3.748696e-09	2.843252e-09	3.054018e+01	3.345881e+02
3.670000e-06	3.768457e-09	2.868990e-09	3.070117e+01	3.378941e+02
3.680000e-06	3.788107e-09	2.893009e-09	3.086126e+01	3.411410e+02
3.690000e-06	3.807634e-09	2.914460e-09	3.102035e+01	3.443380e+02
3.700000e-06	3.827016e-09	2.935697e-09	3.117825e+01	3.474928e+02
3.710000e-06	3.846221e-09	2.961604e-09	3.133471e+01	3.506106e+02
3.720000e-06	3.865231e-09	2.990144e-09	3.148958e+01	3.536932e+02
3.730000e-06	3.884007e-09	3.018025e-09	3.164255e+01	3.567394e+02
3.740000e-06	3.902544e-09	3.043711e-09	3.179356e+01	3.597452e+02
3.750000e-06	3.920876e-09	3.067692e-09	3.194292e+01	3.627041e+02
3.760000e-06	3.938982e-09	3.093175e-09	3.209042e+01	3.656089e+02
3.770000e-06	3.956836e-09	3.118706e-09	3.223588e+01	3.684523e+02
3.780000e-06	3.974553e-09	3.140616e-09	3.238021e+01	3.712283e+02
3.790000e-06	3.992116e-09	3.158911e-09	3.252330e+01	3.739330e+02
3.800000e-06	4.009503e-09	3.177241e-09	3.266495e+01	3.765651e+02
3.810000e-06	4.026767e-09	3.196386e-09	3.280560e+01	3.791261e+02
3.820000e-06	4.043880e-09	3.216434e-09	3.294501e+01	3.816199e+02
3.830000e-06	4.060865e-09	3.239347e-09	3.308339e+01	3.840524e+02
3.840000e-06	4.077708e-09	3.264183e-09	3.322060e+01	3.864304e+02
3.850000e-06	4.094375e-09	3.287805e-09	3.335639e+01	3.887605e+02
3.860000e-06	4.110873e-09	3.307245e-09	3.349080e+01	3.910482e+02
3.870000e-06	4.127213e-09	3.322059e-09	3.362392e+01	3.932973e+02
3.880000e-06	4.143323e-09	3.335611e-09	3.375517e+01	3.955089e+02
3.890000e-06	4.159130e-09	3.351717e-09	3.388394e+01	3.976821e+02
3.900000e-06	4.174701e-09	3.372213e-09	3.401079e+01	3.998135e+02
3.910000e-06	4.190039e-09	3.395591e-09	3.413575e+01	4.018983e+02
3.920000e-06	4.205081e-09	3.417198e-09	3.425830e+01	4.039312e+02
3.930000e-06	4.219839e-09	3.432542e-09	3.437853e+01	4.059072e+02
3.940000e-06	4.234351e-09	3.441645e-09	3.449675e+01	4.078223e+02
3.950000e-06	4.248675e-09	3.449096e-09	3.461345e+01	4.096747e+02
3.960000e-06	4.262815e-09	3.458099e-09	3.472865e+01	4.114648e+02
3.970000e-06	4.276759e-09	3.469392e-09	3.484225e+01	4.131953e+02
3.980000e-06	4.290531e-09	3.484906e-09	3.495445e+01	4.148710e+02
3.990000e-06	4.304104e-09	3.506122e-09	3.506502e+01	4.164979e+02
4.000000e-06	4.317475e-09	3.527976e-09	3.517395e+01	4.180825e+02
4.010000e-06	4.330634e-09	3.542599e-09	3.528116e+01	4.196310e+02
4.020000e-06	4.343575e-09	3.549599e-09	3.538659e+01	4.211482e+02
4.030000e-06	4.356296e-09	3.554115e-09	3.549022e+01	4.226369e+02
4.040000e-06	4.368793e-09	3.561463e-09	3.559204e+01	4.240978e+02
4.050000e-06	4.381107e-09	3.573110e-09	3.569236e+01	4.255294e+02
4.060000e-06	4.393263e-09	3.587469e-09	3.579139e+01	4.269284e+02
4.070000e-06	4.405266e-09	3.604045e-09	3.588918e+01	4.282902e+02
4.080000e-06	4.417081e-09	3.620099e-09	3.598543e+01	4.296102e+02
4.090000e-06	4.428703e-09	3.631517e-09	3.608011e+01	4.308841e+02
4.100000e-06	4.440126e-09	3.635923e-09	3.617317e+01	4.321092e+02
4.110000e-06	4.451323e-09	3.636276e-09	3.626439e+01	4.332847e+02
4.120000e-06	4.462236e-09	3.638248e-09	3.635330e+01	4.344119e+02
4.130000e-06	4.472811e-09	3.644754e-09	3.643946e+01	4.354944e+02
4.140000e-06	4.483058e-09	3.655816e-09	3.652294e+01	4.365374e+02
4.150000e-06	4.492953e-09	3.670322e-09	3.660355e+01	4.375471e+02
4.160000e-06	4.502481e-09	3.685401e-09	3.668117e+01	4.385299e+02
4.170000e-06	4.511669e-09	3.696433e-09	3.675603e+01	4.394914e+02
4.180000e-06	4.520575e-09	3.702518e-09	3.682858e+01	4.404357e+02
4.190000e-06	4.529213e-09	3.706735e-09	3.689895e+01	4.413650e+02
4.200000e-06	4.537618e-09	3.712023e-09	3.696743e+01	4.422792e+02
4.210000e-06	4.545852e-09	3.719592e-09	3.703451e+01	4.431763e+02
4.220000e-06	4.553932e-09	3.729694e-09	3.710034e+01	4.440523e+02
4.230000e-06	4.561881e-09	3.739367e-09	3.716510e+01	4.449027e+02
4.240000e-06	4.569709e-09	3.745610e-09	3.722887e+01	4.457224e+02
4.250000e-06	4.577428e-09	3.750011e-09	3.729175e+01	4.465075e+02
4.260000e-06	4.585010e-09	3.754007e-09	3.735352e+01	4.472552e+02
4.270000e-06	4.592422e-09	3.758797e-09	3.741391e+01	4.479645e+02
4.280000e-06	4.599652e-09	3.764862e-09	3.747281e+01	4.486366e+02
4.290000e-06	4.606665e-09	3.772129e-09	3.752995e+01	4.492745e+02
4.300000e-06	4.613441e-09	3.780407e-09	3.758515e+01	4.498825e+02
4.310000e-06	4.620002e-09	3.787383e-09	3.763860e+01	4.504656e+02
4.320000e-06	4.626346e-09	3.791728e-09	3.769029e+01	4.510286e+02
4.330000e-06	4.632480e-09	3.793767e-09	3.774026e+01	4.515757e+02
4.340000e-06	4.638428e-09	3.796289e-09	3.778871e+01	4.521095e+02
4.350000e-06	4.644177e-09	3.801256e-09	3.783556e+01	4.526309e+02
4.360000e-06	4.649749e-09	3.808137e-09	3.788095e+01	4.531388e+02
4.370000e-06	4.655106e-09	3.815240e-09	3.792459e+01	4.536309e+02
4.380000e-06	4.660196e-09	3.820358e-09	3.796605e+01	4.541038e+02
4.390000e-06	4.665055e-09	3.823767e-09	3.800564e+01	4.545539e+02
4.400000e-06	4.669718e-09	3.825964e-09	3.804363e+01	4.549780e+02
4.410000e-06	4.674166e-09	3.827765e-09	3.807987e+01	4.553743e+02
4.420000e-06	4.678427e-09	3.831082e-09	3.811459e+01	4.557426e+02
4.430000e-06	4.682541e-09	3.835300e-09	3.814810e+01	4.560847e+02
4.440000e-06	4.686539e-09	3.840322e-09	3.818067e+01	4.564043e+02
4.450000e-06	4.690450e-09	3.845532e-09	3.821253e+01	4.567063e+02
4.460000e-06	4.694252e-09	3.849500e-09	3.824350e+01	4.569962e+02
4.470000e-06	4.697922e-09	3.852227e-09	3.827341e+01	4.572796e+02
4.480000e-06	4.701420e-09	3.854064e-09	3.830190e+01	4.575607e+02
4.490000e-06	4.704704e-09	3.855479e-09	3.832866e+01	4.578422e+02
4.500000e-06	4.707771e-09	3.857966e-09	3.835364e+01	4.581244e+02
4.510000e-06	4.710565e-09	3.862603e-09	3.837641e+01	4.584053e+02
4.520000e-06	4.713010e-09	3.868675e-09	3.839633e+01	4.586809e+02
4.530000e-06	4.715075e-09	3.873674e-09	3.841315e+01	4.589453e+02
4.540000e-06	4.716763e-09	3.875998e-09	3.842690e+01	4.591925e+02
4.550000e-06	4.718099e-09	3.876968e-09	3.843778e+01	4.594164e+02
4.560000e-06	4.719123e-09	3.877144e-09	3.844612e+01	4.596124e+02
4.570000e-06	4.719867e-09	3.876960e-09	3.845219e+01	4.597781e+02
4.580000e-06	4.720356e-09	3.876257e-09	3.845617e+01	4.599136e+02
4.590000e-06	4.720649e-09	3.874393e-09	3.845855e+01	4.600220e+02
4.600000e-06	4.720795e-09	3.872588e-09	3.845974e+01	4.601083e+02
4.610000e-06	4.720806e-09	3.873181e-09	3.845983e+01	4.601797e+02
4.620000e-06	4.720695e-09	3.876592e-09	3.845893e+01	4.602435e+02
4.630000e-06	4.720446e-09	3.880996e-09	3.845690e+01	4.603066e+02
4.640000e-06	4.720054e-09	3.884328e-09	3.845371e+01	4.603739e+02
4.650000e-06	4.719508e-09	3.883879e-09	3.844926e+01	4.604476e+02
4.660000e-06	4.718782e-09	3.874830e-09	3.844335e+01	4.605264e+02
4.670000e-06	4.717851e-09	3.858160e-09	3.843576e+01	4.606051e+02
4.680000e-06	4.716671e-09	3.843512e-09	3.842615e+01	4.606755e+02
4.690000e-06	4.715231e-09	3.826901e-09	3.841441e+01	4.607268e+02
4.700000e-06	4.713564e-09	3.856222e-09	3.840083e+01	4.607470e+02
4.710000e-06	4.711670e-09	3.991003e-09	3.838541e+01	4.607247e+02
4.720000e-06	4.709544e-09	4.028930e-09	3.836809e+01	4.606500e+02
4.730000e-06	4.707210e-09	3.876494e-09	3.834907e+01	4.605166e+02
4.740000e-06	4.704691e-09	3.785799e-09	3.832855e+01	4.603221e+02
4.750000e-06	4.702018e-09	3.903859e-09	3.830677e+01	4.600694e+02
4.760000e-06	4.699149e-09	3.988650e-09	3.828340e+01	4.597661e+02
4.770000e-06	4.696069e-09	3.824882e-09	3.825831e+01	4.594238e+02
4.780000e-06	4.692803e-09	3.732429e-09	3.823170e+01	4.590573e+02
4.790000e-06	4.689349e-09	3.955561e-09	3.820356e+01	4.586833e+02
4.800000e-06	4.685750e-09	4.071029e-09	3.817424e+01	4.583178e+02
4.810000e-06	4.682004e-09	3.828442e-09	3.814372e+01	4.579754e+02
4.820000e-06	4.678106e-09	3.687077e-09	3.811196e+01	4.576673e+02
4.830000e-06	4.674093e-09	3.882273e-09	3.807927e+01	4.574003e+02
4.840000e-06	4.669945e-09	3.970236e-09	3.804547e+01	4.571763e+02
4.850000e-06	4.665662e-09	3.808978e-09	3.801059e+01	4.569925e+02
4.860000e-06	4.661247e-09	3.816773e-09	3.797461e+01	4.568415e+02
4.870000e-06	4.656671e-09	4.005290e-09	3.793734e+01	4.567128e+02
4.880000e-06	4.651870e-09	3.968412e-09	3.789822e+01	4.565937e+02
4.890000e-06	4.646763e-09	3.790756e-09	3.785662e+01	4.564710e+02
4.900000e-06	4.641310e-09	3.836714e-09	3.781219e+01	4.563325e+02
4.910000e-06	4.635496e-09	3.911771e-09	3.776483e+01	4.561677e+02
4.920000e-06	4.629296e-09	3.818880e-09	3.771431e+01	4.559691e+02
4.930000e-06	4.622726e-09	3.839662e-09	3.766079e+01	4.557323e+02
4.940000e-06	4.615827e-09	3.974942e-09	3.760459e+01	4.554563e+02
4.950000e-06	4.608594e-09	3.908434e-09	3.754566e+01	4.551425e+02
4.960000e-06	4.601083e-09	3.797576e-09	3.748447e+01	4.547949e+02
4.970000e-06	4.593375e-09	3.883601e-09	3.742167e+01	4.544183e+02
4.980000e-06	4.585506e-09	3.915782e-09	3.735756e+01	4.540181e+02
4.990000e-06	4.577517e-09	3.798055e-09	3.729248e+01	4.535993e+02
5.000000e-06	4.569404e-09	3.816184e-09	3.722638e+01	4.531656e+02
5.010000e-06	4.561157e-09	3.926474e-09	3.715920e+01	4.527199e+02
5.020000e-06	4.552780e-09	3.892867e-09	3.709095e+01	4.522632e+02
5.030000e-06	4.544248e-09	3.837325e-09	3.702144e+01	4.517958e+02
5.040000e-06	4.535522e-09	3.859296e-09	3.695035e+01	4.513168e+02
5.050000e-06	4.526592e-09	3.839649e-09	3.687760e+01	4.508251e+02
5.060000e-06	4.517466e-09	3.816536e-09	3.680325e+01	4.503198e+02
5.070000e-06	4.508131e-09	3.843608e-09	3.672720e+01	4.498002e+02
5.080000e-06	4.498597e-09	3.837606e-09	3.664953e+01	4.492665e+02
5.090000e-06	4.488864e-09	3.821176e-09	3.657023e+01	4.487193e+02
5.100000e-06	4.478947e-09	3.847625e-09	3.648944e+01	4.481597e+02
5.110000e-06	4.468853e-09	3.846201e-09	3.640720e+01	4.475893e+02
5.120000e-06	4.458582e-09	3.806641e-09	3.632353e+01	4.470092e+02
5.130000e-06	4.448119e-09	3.792375e-09	3.623829e+01	4.464204e+02
5.140000e-06	4.437430e-09	3.792188e-09	3.615121e+01	4.458228e+02
5.150000e-06	4.426499e-09	3.807333e-09	3.606215e+01	4.452157e+02
5.160000e-06	4.415329e-09	3.825978e-09	3.597115e+01	4.445977e+02
5.170000e-06	4.403938e-09	3.806467e-09	3.587835e+01	4.439667e+02
5.180000e-06	4.392339e-09	3.794812e-09	3.578386e+01	4.433204e+02
5.190000e-06	4.380559e-09	3.812179e-09	3.568788e+01	4.426567e+02
5.200000e-06	4.368583e-09	3.797641e-09	3.559032e+01	4.419744e+02
5.210000e-06	4.356389e-09	3.769936e-09	3.549098e+01	4.412731e+02
5.220000e-06	4.344002e-09	3.773896e-09	3.539006e+01	4.405539e+02
5.230000e-06	4.331418e-09	3.769944e-09	3.528754e+01	4.398189e+02
5.240000e-06	4.318588e-09	3.762378e-09	3.518301e+01	4.390714e+02
5.250000e-06	4.305459e-09	3.770257e-09	3.507606e+01	4.383157e+02
5.260000e-06	4.292041e-09	3.754138e-09	3.496674e+01	4.375559e+02
5.270000e-06	4.278326e-09	3.732611e-09	3.485500e+01	4.367960e+02
5.280000e-06	4.264258e-09	3.738294e-09	3.474039e+01	4.360389e+02
5.290000e-06	4.249833e-09	3.738675e-09	3.462288e+01	4.352864e+02
5.300000e-06	4.235072e-09	3.724777e-09	3.450262e+01	4.345382e+02
5.310000e-06	4.220033e-09	3.718423e-09	3.438010e+01	4.337925e+02
5.320000e-06	4.204757e-09	3.714747e-09	3.425565e+01	4.330459e+02
5.330000e-06	4.189265e-09	3.708983e-09	3.412943e+01	4.322935e+02
5.340000e-06	4.173586e-09	3.701903e-09	3.400170e+01	4.315301e+02
5.350000e-06	4.157728e-09	3.689748e-09	3.387251e+01	4.307504e+02
5.360000e-06	4.141740e-09	3.682301e-09	3.374225e+01	4.299496e+02
5.370000e-06	4.125645e-09	3.681505e-09	3.361113e+01	4.291243e+02
5.380000e-06	4.109440e-09	3.678617e-09	3.347911e+01	4.282727e+02
5.390000e-06	4.093106e-09	3.670845e-09	3.334604e+01	4.273948e+02
5.400000e-06	4.076610e-09	3.656843e-09	3.321165e+01	4.264926e+02
5.410000e-06	4.059957e-09	3.645103e-09	3.307598e+01	4.255695e+02
5.420000e-06	4.043125e-09	3.641690e-09	3.293885e+01	4.246304e+02
5.430000e-06	4.026094e-09	3.634988e-09	3.280010e+01	4.236807e+02
5.440000e-06	4.008863e-09	3.621236e-09	3.265972e+01	4.227257e+02
5.450000e-06	3.991443e-09	3.610319e-09	3.251781e+01	4.217707e+02
5.460000e-06	3.973860e-09	3.603997e-09	3.237456e+01	4.208198e+02
5.470000e-06	3.956107e-09	3.598166e-09	3.222993e+01	4.198759e+02
5.480000e-06	3.938209e-09	3.590901e-09	3.208411e+01	4.189409e+02
5.490000e-06	3.920177e-09	3.580766e-09	3.193721e+01	4.180152e+02
5.500000e-06	3.902003e-09	3.570728e-09	3.178915e+01	4.170983e+02
5.510000e-06	3.883702e-09	3.564998e-09	3.164005e+01	4.161888e+02
5.520000e-06	3.865226e-09	3.558929e-09	3.148953e+01	4.152849e+02
5.530000e-06	3.846557e-09	3.548458e-09	3.133743e+01	4.143847e+02
5.540000e-06	3.827713e-09	3.535121e-09	3.118391e+01	4.134859e+02
5.550000e-06	3.808669e-09	3.527248e-09	3.102877e+01	4.125868e+02
5.560000e-06	3.789408e-09	3.524638e-09	3.087184e+01	4.116856e+02
5.570000e-06	3.769955e-09	3.520590e-09	3.071337e+01	4.107805e+02
5.580000e-06	3.750363e-09	3.515595e-09	3.055375e+01	4.098699e+02
5.590000e-06	3.730643e-09	3.507203e-09	3.039310e+01	4.089518e+02
5.600000e-06	3.710792e-09	3.497575e-09	3.023137e+01	4.080243e+02
5.610000e-06	3.690847e-09	3.487623e-09	3.006888e+01	4.070848e+02
5.620000e-06	3.670840e-09	3.477239e-09	2.990589e+01	4.061309e+02
5.630000e-06	3.650771e-09	3.467493e-09	2.974238e+01	4.051599e+02
5.640000e-06	3.630625e-09	3.460117e-09	2.957826e+01	4.041695e+02
5.650000e-06	3.610381e-09	3.458665e-09	2.941333e+01	4.031577e+02
5.660000e-06	3.590020e-09	3.458903e-09	2.924746e+01	4.021235e+02
5.670000e-06	3.569533e-09	3.454288e-09	2.908055e+01	4.010665e+02
5.680000e-06	3.548881e-09	3.441738e-09	2.891231e+01	3.999877e+02
5.690000e-06	3.528031e-09	3.426132e-09	2.874244e+01	3.988889e+02
5.700000e-06	3.506944e-09	3.413553e-09	2.857064e+01	3.977729e+02
5.710000e-06	3.485608e-09	3.404246e-09	2.839683e+01	3.966430e+02
5.720000e-06	3.463984e-09	3.397170e-09	2.822066e+01	3.955029e+02
5.730000e-06	3.442037e-09	3.390251e-09	2.804186e+01	3.943557e+02
5.740000e-06	3.419806e-09	3.384813e-09	2.786075e+01	3.932043e+02
5.750000e-06	3.397306e-09	3.379797e-09	2.767744e+01	3.920502e+02
5.760000e-06	3.374531e-09	3.372236e-09	2.749190e+01	3.908940e+02
5.770000e-06	3.351470e-09	3.361501e-09	2.730403e+01	3.897348e+02
5.780000e-06	3.328178e-09	3.349130e-09	2.711426e+01	3.885708e+02
5.790000e-06	3.304709e-09	3.338636e-09	2.692306e+01	3.873993e+02
5.800000e-06	3.281086e-09	3.330408e-09	2.673062e+01	3.862173e+02
5.810000e-06	3.257339e-09	3.322803e-09	2.653715e+01	3.850218e+02
5.820000e-06	3.233480e-09	3.313298e-09	2.634277e+01	3.838105e+02
5.830000e-06	3.209533e-09	3.304320e-09	2.614768e+01	3.825818e+02
5.840000e-06	3.185514e-09	3.298878e-09	2.595200e+01	3.813357e+02
5.850000e-06	3.161426e-09	3.294278e-09	2.575575e+01	3.800732e+02
5.860000e-06	3.137262e-09	3.287627e-09	2.555889e+01	3.787966e+02
5.870000e-06	3.113021e-09	3.277036e-09	2.536140e+01	3.775095e+02
5.880000e-06	3.088710e-09	3.264746e-09	2.516335e+01	3.762155e+02
5.890000e-06	3.064311e-09	3.252925e-09	2.496457e+01	3.749186e+02
5.900000e-06	3.039788e-09	3.241110e-09	2.476478e+01	3.736223e+02
5.910000e-06	3.015144e-09	3.228643e-09	2.456401e+01	3.723291e+02
5.920000e-06	2.990379e-09	3.217425e-09	2.436226e+01	3.710404e+02
5.930000e-06	2.965466e-09	3.209139e-09	2.415929e+01	3.697560e+02
5.940000e-06	2.940405e-09	3.201801e-09	2.395512e+01	3.684744e+02
5.950000e-06	2.915189e-09	3.193088e-09	2.374969e+01	3.671930e+02
5.960000e-06	2.889830e-09	3.181128e-09	2.354309e+01	3.659079e+02
5.970000e-06	2.864337e-09	3.169084e-09	2.333541e+01	3.646149e+02
5.980000e-06	2.838702e-09	3.157923e-09	2.312656e+01	3.633097e+02
5.990000e-06	2.812944e-09	3.144177e-09	2.291671e+01	3.619885e+02
6.000000e-06	2.787056e-09	3.126342e-09	2.270580e+01	3.606477e+02
6.010000e-06	2.761046e-09	3.108230e-09	2.249390e+01	3.592851e+02
6.020000e-06	2.734950e-09	3.094905e-09	2.228130e+01	3.578993e+02
6.030000e-06	2.708744e-09	3.086271e-09	2.206781e+01	3.564896e+02
6.040000e-06	2.682401e-09	3.079401e-09	2.185319e+01	3.550566e+02
6.050000e-06	2.655949e-09	3.070216e-09	2.163769e+01	3.536011e+02
6.060000e-06	2.629398e-09	3.059341e-09	2.142138e+01	3.521244e+02
6.070000e-06	2.602721e-09	3.047901e-09	2.120405e+01	3.506279e+02
6.080000e-06	2.575907e-09	3.032233e-09	2.098560e+01	3.491132e+02
6.090000e-06	2.548959e-09	3.012620e-09	2.076606e+01	3.475816e+02
6.100000e-06	2.521872e-09	2.993951e-09	2.054538e+01	3.460342e+02
6.110000e-06	2.494673e-09	2.980419e-09	2.032380e+01	3.444724e+02
6.120000e-06	2.467348e-09	2.970568e-09	2.010118e+01	3.428975e+02
6.130000e-06	2.439904e-09	2.959975e-09	1.987760e+01	3.413109e+02
6.140000e-06	2.412371e-09	2.946700e-09	1.965329e+01	3.397144e+02
6.150000e-06	2.384732e-09	2.932119e-09	1.942812e+01	3.381101e+02
6.160000e-06	2.357003e-09	2.919571e-09	1.920222e+01	3.365002e+02
6.170000e-06	2.329186e-09	2.908004e-09	1.897560e+01	3.348873e+02
6.180000e-06	2.301288e-09	2.893500e-09	1.874831e+01	3.332737e+02
6.190000e-06	2.273343e-09	2.877542e-09	1.852065e+01	3.316614e+02
6.200000e-06	2.245345e-09	2.862801e-09	1.829255e+01	3.300519e+02
6.210000e-06	2.217284e-09	2.850601e-09	1.806394e+01	3.284459e+02
6.220000e-06	2.189182e-09	2.839331e-09	1.783499e+01	3.268433e+02
6.230000e-06	2.161042e-09	2.825452e-09	1.760574e+01	3.252431e+02
6.240000e-06	2.132853e-09	2.810125e-09	1.737609e+01	3.236435e+02
6.250000e-06	2.104614e-09	2.796458e-09	1.714603e+01	3.220423e+02
6.260000e-06	2.076323e-09	2.786802e-09	1.691554e+01	3.204369e+02
6.270000e-06	2.047969e-09	2.776491e-09	1.668455e+01	3.188249e+02
6.280000e-06	2.019550e-09	2.762976e-09	1.645302e+01	3.172041e+02
6.290000e-06	1.991056e-09	2.749053e-09	1.622088e+01	3.155732e+02
6.300000e-06	1.962479e-09	2.734818e-09	1.598807e+01	3.139316e+02
6.310000e-06	1.933810e-09	2.719803e-09	1.575451e+01	3.122796e+02
6.320000e-06	1.905019e-09	2.701866e-09	1.551996e+01	3.106183e+02
6.330000e-06	1.876114e-09	2.683890e-09	1.528446e+01	3.089492e+02
6.340000e-06	1.847122e-09	2.673209e-09	1.504827e+01	3.072740e+02
6.350000e-06	1.818028e-09	2.669084e-09	1.481125e+01	3.055941e+02
6.360000e-06	1.788813e-09	2.663947e-09	1.457324e+01	3.039104e+02
6.370000e-06	1.759481e-09	2.653314e-09	1.433428e+01	3.022229e+02
6.380000e-06	1.729972e-09	2.636596e-09	1.409387e+01	3.005305e+02
6.390000e-06	1.700265e-09	2.615844e-09	1.385185e+01	2.988310e+02
6.400000e-06	1.670434e-09	2.594413e-09	1.360882e+01	2.971211e+02
6.410000e-06	1.640474e-09	2.574056e-09	1.336475e+01	2.953967e+02
6.420000e-06	1.610356e-09	2.558915e-09	1.311938e+01	2.936536e+02
6.430000e-06	1.580092e-09	2.550381e-09	1.287282e+01	2.918874e+02
6.440000e-06	1.549710e-09	2.544129e-09	1.262530e+01	2.900942e+02
6.450000e-06	1.519224e-09	2.533737e-09	1.237693e+01	2.882711e+02
6.460000e-06	1.488605e-09	2.516961e-09	1.212749e+01	2.864164e+02
6.470000e-06	1.457855e-09	2.498215e-09	1.187697e+01	2.845296e+02
6.480000e-06	1.426993e-09	2.479585e-09	1.162554e+01	2.826115e+02
6.490000e-06	1.396029e-09	2.461654e-09	1.137328e+01	2.806641e+02
6.500000e-06	1.364984e-09	2.443534e-09	1.112036e+01	2.786904e+02
6.510000e-06	1.333863e-09	2.425463e-09	1.086682e+01	2.766938e+02
6.520000e-06	1.302653e-09	2.409678e-09	1.061256e+01	2.746781e+02
6.530000e-06	1.271380e-09	2.396004e-09	1.035778e+01	2.726465e+02
6.540000e-06	1.240033e-09	2.380587e-09	1.010240e+01	2.706023e+02
6.550000e-06	1.208591e-09	2.361089e-09	9.846252e+00	2.685479e+02
6.560000e-06	1.177079e-09	2.340620e-09	9.589530e+00	2.664851e+02
6.570000e-06	1.145520e-09	2.320400e-09	9.332416e+00	2.644149e+02
6.580000e-06	1.113902e-09	2.302567e-09	9.074828e+00	2.623378e+02
6.590000e-06	1.082216e-09	2.284507e-09	8.816690e+00	2.602541e+02
6.600000e-06	1.050491e-09	2.264097e-09	8.558226e+00	2.581635e+02
6.610000e-06	1.018741e-09	2.245900e-09	8.299566e+00	2.560659e+02
6.620000e-06	9.869716e-10	2.230266e-09	8.040743e+00	2.539609e+02
6.630000e-06	9.551628e-10	2.214472e-09	7.781600e+00	2.518483e+02
6.640000e-06	9.233048e-10	2.195621e-09	7.522056e+00	2.497277e+02
6.650000e-06	8.914184e-10	2.173773e-09	7.262281e+00	2.475986e+02
6.660000e-06	8.595158e-10	2.150893e-09	7.002374e+00	2.454605e+02
6.670000e-06	8.275912e-10	2.128569e-09	6.742288e+00	2.433125e+02
6.680000e-06	7.956527e-10	2.106841e-09	6.482089e+00	2.411531e+02
6.690000e-06	7.636895e-10	2.084786e-09	6.221688e+00	2.389811e+02
6.700000e-06	7.317003e-10	2.067205e-09	5.961076e+00	2.367946e+02
6.710000e-06	6.997000e-10	2.056338e-09	5.700373e+00	2.345918e+02
6.720000e-06	6.676818e-10	2.045753e-09	5.439524e+00	2.323715e+02
6.730000e-06	6.356550e-10	2.028094e-09	5.178605e+00	2.301323e+02
6.740000e-06	6.036310e-10	2.003483e-09	4.917709e+00	2.278738e+02
6.750000e-06	5.715894e-10	1.976590e-09	4.656669e+00	2.255962e+02
6.760000e-06	5.395331e-10	1.950296e-09	4.395510e+00	2.233005e+02
6.770000e-06	5.074628e-10	1.929069e-09	4.134237e+00	2.209884e+02
6.780000e-06	4.753912e-10	1.912055e-09	3.872953e+00	2.186621e+02
6.790000e-06	4.433203e-10	1.897389e-09	3.611674e+00	2.163240e+02
6.800000e-06	4.112241e-10	1.882895e-09	3.350190e+00	2.139766e+02
6.810000e-06	3.791033e-10	1.865545e-09	3.088505e+00	2.116216e+02
6.820000e-06	3.469654e-10	1.844048e-09	2.826681e+00	2.092606e+02
6.830000e-06	3.148212e-10	1.819058e-09	2.564805e+00	2.068940e+02
6.840000e-06	2.826758e-10	1.794177e-09	2.302920e+00	2.045214e+02
6.850000e-06	2.505157e-10	1.772555e-09	2.040916e+00	2.021415e+02
6.860000e-06	2.183568e-10	1.755644e-09	1.778920e+00	1.997525e+02
6.870000e-06	1.862099e-10	1.739284e-09	1.517023e+00	1.973521e+02
6.880000e-06	1.540554e-10	1.720952e-09	1.255064e+00	1.949382e+02
6.890000e-06	1.218894e-10	1.700961e-09	9.930106e-01	1.925086e+02
6.900000e-06	8.973171e-11	1.678601e-09	7.310252e-01	1.900622e+02
6.910000e-06	5.756882e-11	1.655384e-09	4.689973e-01	1.875982e+02
6.920000e-06	2.538183e-11	1.633072e-09	2.067734e-01	1.851169e+02
6.930000e-06	-6.803684e-12	1.613062e-09	-5.543850e-02	1.826189e+02
6.940000e-06	-3.897589e-11	1.593454e-09	-3.175422e-01	1.801056e+02
6.950000e-06	-7.114080e-11	1.572577e-09	-5.795864e-01	1.775780e+02
6.960000e-06	-1.032923e-10	1.549750e-09	-8.415217e-01	1.750373e+02
6.970000e-06	-1.354231e-10	1.524157e-09	-1.103288e+00	1.724837e+02
6.980000e-06	-1.675555e-10	1.500348e-09	-1.365067e+00	1.699167e+02
6.990000e-06	-1.996953e-10	1.480848e-09	-1.626906e+00	1.673351e+02
7.000000e-06	-2.318375e-10	1.463614e-09	-1.888766e+00	1.647364e+02
7.010000e-06	-2.639830e-10	1.445712e-09	-2.150652e+00	1.621181e+02
7.020000e-06	-2.961231e-10	1.424191e-09	-2.412494e+00	1.594771e+02
7.030000e-06	-3.282472e-10	1.399848e-09	-2.674206e+00	1.568106e+02
7.040000e-06	-3.603503e-10	1.374656e-09	-2.935747e+00	1.541167e+02
7.050000e-06	-3.924288e-10	1.349114e-09	-3.197086e+00	1.513943e+02
7.060000e-06	-4.245045e-10	1.324011e-09	-3.458404e+00	1.486437e+02
7.070000e-06	-4.565959e-10	1.300618e-09	-3.719849e+00	1.458666e+02
7.080000e-06	-4.886767e-10	1.278800e-09	-3.981208e+00	1.430657e+02
7.090000e-06	-5.207336e-10	1.257180e-09	-4.242372e+00	1.402443e+02
7.100000e-06	-5.527937e-10	1.234405e-09	-4.503562e+00	1.374060e+02
7.110000e-06	-5.848410e-10	1.209671e-09	-4.764648e+00	1.345540e+02
7.120000e-06	-6.168620e-10	1.183294e-09	-5.025520e+00	1.316901e+02
7.130000e-06	-6.488696e-10	1.155067e-09	-5.286283e+00	1.288148e+02
7.140000e-06	-6.808451e-10	1.126500e-09	-5.546783e+00	1.259264e+02
7.150000e-06	-7.127991e-10	1.100195e-09	-5.807109e+00	1.230216e+02
7.160000e-06	-7.447544e-10	1.076494e-09	-6.067446e+00	1.200953e+02
7.170000e-06	-7.766939e-10	1.052070e-09	-6.327653e+00	1.171413e+02
7.180000e-06	-8.085997e-10	1.026501e-09	-6.587586e+00	1.141530e+02
7.190000e-06	-8.404814e-10	1.001269e-09	-6.847323e+00	1.111244e+02
7.200000e-06	-8.723452e-10	9.741385e-10	-7.106914e+00	1.080509e+02
7.210000e-06	-9.041743e-10	9.441797e-10	-7.366222e+00	1.049300e+02
7.220000e-06	-9.359664e-10	9.138674e-10	-7.625229e+00	1.017617e+02
7.230000e-06	-9.677202e-10	8.855898e-10	-7.883923e+00	9.854892e+01
7.240000e-06	-9.994335e-10	8.599593e-10	-8.142288e+00	9.529705e+01
7.250000e-06	-1.031129e-09	8.357894e-10	-8.400507e+00	9.201356e+01
7.260000e-06	-1.062796e-09	8.098265e-10	-8.658495e+00	8.870707e+01
7.270000e-06	-1.094418e-09	7.801606e-10	-8.916114e+00	8.538631e+01
7.280000e-06	-1.125984e-09	7.498614e-10	-9.173281e+00	8.205905e+01
7.290000e-06	-1.157480e-09	7.210919e-10	-9.429871e+00	7.873108e+01
7.300000e-06	-1.188929e-09	6.918424e-10	-9.686088e+00	7.540541e+01
7.310000e-06	-1.220326e-09	6.611613e-10	-9.941872e+00	7.208185e+01
7.320000e-06	-1.251651e-09	6.294744e-10	-1.019708e+01	6.875701e+01
7.330000e-06	-1.282899e-09	5.981113e-10	-1.045165e+01	6.542459e+01
7.340000e-06	-1.314054e-09	5.691538e-10	-1.070546e+01	6.207619e+01
7.350000e-06	-1.345105e-09	5.419902e-10	-1.095843e+01	5.870233e+01
7.360000e-06	-1.376056e-09	5.137323e-10	-1.121059e+01	5.529356e+01
7.370000e-06	-1.406911e-09	4.834674e-10	-1.146196e+01	5.184162e+01
7.380000e-06	-1.437662e-09	4.539346e-10	-1.171248e+01	4.834041e+01
7.390000e-06	-1.468301e-09	4.250429e-10	-1.196209e+01	4.478665e+01
7.400000e-06	-1.498812e-09	3.915960e-10	-1.221066e+01	4.118021e+01
7.410000e-06	-1.529227e-09	3.524026e-10	-1.245844e+01	3.752397e+01
7.420000e-06	-1.559549e-09	3.136267e-10	-1.270547e+01	3.382330e+01
7.430000e-06	-1.589722e-09	2.795969e-10	-1.295129e+01	3.008530e+01
7.440000e-06	-1.619720e-09	2.491959e-10	-1.319567e+01	2.631773e+01
7.450000e-06	-1.649606e-09	2.195071e-10	-1.343915e+01	2.252803e+01
7.460000e-06	-1.679395e-09	1.893158e-10	-1.368184e+01	1.872230e+01
7.470000e-06	-1.709009e-09	1.588193e-10	-1.392310e+01	1.490461e+01
7.480000e-06	-1.738479e-09	1.262304e-10	-1.416319e+01	1.107658e+01
7.490000e-06	-1.767843e-09	8.994033e-11	-1.440241e+01	7.237323e+00
7.500000e-06	-1.797037e-09	5.185899e-11	-1.464026e+01	3.383746e+00
7.510000e-06	-1.826065e-09	1.551046e-11	-1.487674e+01	-4.888502e-01
7.520000e-06	-1.854989e-09	-1.672148e-11	-1.511238e+01	-4.385980e+00
7.530000e-06	-1.883799e-09	-4.515689e-11	-1.534709e+01	-8.313115e+00
7.540000e-06	-1.912489e-09	-7.510045e-11	-1.558082e+01	-1.227487e+01
7.550000e-06	-1.941078e-09	-1.093237e-10	-1.581374e+01	-1.627439e+01
7.560000e-06	-1.969578e-09	-1.455971e-10	-1.604592e+01	-2.031293e+01
7.570000e-06	-1.997996e-09	-1.817606e-10	-1.627743e+01	-2.438982e+01
7.580000e-06	-2.026343e-09	-2.177585e-10	-1.650837e+01	-2.850262e+01
7.590000e-06	-2.054628e-09	-2.552009e-10	-1.673882e+01	-3.264763e+01
7.600000e-06	-2.082859e-09	-2.924707e-10	-1.696881e+01	-3.682046e+01
7.610000e-06	-2.111042e-09	-3.277010e-10	-1.719841e+01	-4.101669e+01
7.620000e-06	-2.139182e-09	-3.616430e-10	-1.742766e+01	-4.523251e+01
7.630000e-06	-2.167284e-09	-3.976871e-10	-1.765661e+01	-4.946516e+01
7.640000e-06	-2.195345e-09	-4.368791e-10	-1.788521e+01	-5.371323e+01
7.650000e-06	-2.223373e-09	-4.753786e-10	-1.811356e+01	-5.797662e+01
7.660000e-06	-2.251343e-09	-5.106675e-10	-1.834143e+01	-6.225639e+01
7.670000e-06	-2.279263e-09	-5.441430e-10	-1.856889e+01	-6.655436e+01
7.680000e-06	-2.307141e-09	-5.802943e-10	-1.879601e+01	-7.087264e+01
7.690000e-06	-2.334943e-09	-6.201799e-10	-1.902251e+01	-7.521317e+01
7.700000e-06	-2.362652e-09	-6.613688e-10	-1.924825e+01	-7.957733e+01
7.710000e-06	-2.390257e-09	-7.017842e-10	-1.947315e+01	-8.396567e+01
7.720000e-06	-2.417776e-09	-7.411867e-10	-1.969734e+01	-8.837788e+01
7.730000e-06	-2.445185e-09	-7.791812e-10	-1.992064e+01	-9.281294e+01
7.740000e-06	-2.472481e-09	-8.144690e-10	-2.014302e+01	-9.726941e+01
7.750000e-06	-2.499633e-09	-8.464924e-10	-2.036422e+01	-1.017458e+02
7.760000e-06	-2.526640e-09	-8.789704e-10	-2.058424e+01	-1.062412e+02
7.770000e-06	-2.553542e-09	-9.182274e-10	-2.080340e+01	-1.107551e+02
7.780000e-06	-2.580302e-09	-9.616197e-10	-2.102142e+01	-1.152883e+02
7.790000e-06	-2.606922e-09	-1.004291e-09	-2.123829e+01	-1.198421e+02
7.800000e-06	-2.633415e-09	-1.046208e-09	-2.145413e+01	-1.244188e+02
7.810000e-06	-2.659792e-09	-1.088922e-09	-2.166901e+01	-1.290207e+02
7.820000e-06	-2.686069e-09	-1.133954e-09	-2.188309e+01	-1.336500e+02
7.830000e-06	-2.712229e-09	-1.175040e-09	-2.209621e+01	-1.383079e+02
7.840000e-06	-2.738268e-09	-1.211660e-09	-2.230834e+01	-1.429939e+02
7.850000e-06	-2.764183e-09	-1.246436e-09	-2.251947e+01	-1.477060e+02
7.860000e-06	-2.789980e-09	-1.281986e-09	-2.272964e+01	-1.524400e+02
7.870000e-06	-2.815627e-09	-1.322382e-09	-2.293858e+01	-1.571897e+02
7.880000e-06	-2.841130e-09	-1.365587e-09	-2.314636e+01	-1.619476e+02
7.890000e-06	-2.866535e-09	-1.411648e-09	-2.335333e+01	-1.667054e+02
7.900000e-06	-2.891817e-09	-1.459099e-09	-2.355929e+01	-1.714545e+02
7.910000e-06	-2.916931e-09	-1.506992e-09	-2.376389e+01	-1.761873e+02
7.920000e-06	-2.941893e-09	-1.550285e-09	-2.396725e+01	-1.808978e+02
7.930000e-06	-2.966703e-09	-1.585946e-09	-2.416938e+01	-1.855820e+02
7.940000e-06	-2.991359e-09	-1.619713e-09	-2.437025e+01	-1.902384e+02
7.950000e-06	-3.015893e-09	-1.654463e-09	-2.457013e+01	-1.948678e+02
7.960000e-06	-3.040325e-09	-1.693735e-09	-2.476917e+01	-1.994733e+02
7.970000e-06	-3.064658e-09	-1.735642e-09	-2.496740e+01	-2.040589e+02
7.980000e-06	-3.088896e-09	-1.777476e-09	-2.516487e+01	-2.086295e+02
7.990000e-06	-3.113073e-09	-1.820083e-09	-2.536183e+01	-2.131894e+02
8.000000e-06	-3.137187e-09	-1.863932e-09	-2.555829e+01	-2.177417e+02
8.010000e-06	-3.161225e-09	-1.908362e-09	-2.575413e+01	-2.222877e+02
8.020000e-06	-3.185200e-09	-1.946586e-09	-2.594945e+01	-2.268265e+02
8.030000e-06	-3.209103e-09	-1.980672e-09	-2.614419e+01	-2.313550e+02
8.040000e-06	-3.232921e-09	-2.015596e-09	-2.633823e+01	-2.358683e+02
8.050000e-06	-3.256631e-09	-2.052917e-09	-2.653139e+01	-2.403603e+02
8.060000e-06	-3.280200e-09	-2.089586e-09	-2.672340e+01	-2.448248e+02
8.070000e-06	-3.303596e-09	-2.125081e-09	-2.691401e+01	-2.492560e+02
8.080000e-06	-3.326816e-09	-2.166107e-09	-2.710318e+01	-2.536495e+02
8.090000e-06	-3.349836e-09	-2.211344e-09	-2.729072e+01	-2.580029e+02
8.100000e-06	-3.372623e-09	-2.255795e-09	-2.747636e+01	-2.623163e+02
8.110000e-06	-3.395160e-09	-2.292566e-09	-2.765997e+01	-2.665916e+02
8.120000e-06	-3.417413e-09	-2.324544e-09	-2.784126e+01	-2.708325e+02
8.130000e-06	-3.439381e-09	-2.358623e-09	-2.802023e+01	-2.750435e+02
8.140000e-06	-3.461063e-09	-2.395172e-09	-2.819687e+01	-2.792290e+02
8.150000e-06	-3.482436e-09	-2.433000e-09	-2.837099e+01	-2.833922e+02
8.160000e-06	-3.503556e-09	-2.469323e-09	-2.854305e+01	-2.875343e+02
8.170000e-06	-3.524464e-09	-2.506898e-09	-2.871339e+01	-2.916537e+02
8.180000e-06	-3.545180e-09	-2.546428e-09	-2.888216e+01	-2.957459e+02
8.190000e-06	-3.565710e-09	-2.584928e-09	-2.904942e+01	-2.998035e+02
8.200000e-06	-3.586062e-09	-2.618690e-09	-2.921522e+01	-3.038168e+02
8.210000e-06	-3.606313e-09	-2.649917e-09	-2.938020e+01	-3.077750e+02
8.220000e-06	-3.626489e-09	-2.683961e-09	-2.954457e+01	-3.116671e+02
8.230000e-06	-3.646591e-09	-2.717917e-09	-2.970834e+01	-3.154833e+02
8.240000e-06	-3.666626e-09	-2.750547e-09	-2.987157e+01	-3.192161e+02
8.250000e-06	-3.686579e-09	-2.781407e-09	-3.003412e+01	-3.228610e+02
8.260000e-06	-3.706422e-09	-2.810900e-09	-3.019578e+01	-3.264174e+02
8.270000e-06	-3.726148e-09	-2.841023e-09	-3.035648e+01	-3.298883e+02
8.280000e-06	-3.745733e-09	-2.871527e-09	-3.051604e+01	-3.332797e+02
8.290000e-06	-3.765159e-09	-2.900812e-09	-3.067430e+01	-3.366001e+02
8.300000e-06	-3.784407e-09	-2.929012e-09	-3.083112e+01	-3.398593e+02
8.310000e-06	-3.803471e-09	-2.958227e-09	-3.098643e+01	-3.430666e+02
8.320000e-06	-3.822352e-09	-2.988208e-09	-3.114025e+01	-3.462302e+02
8.330000e-06	-3.841039e-09	-3.017364e-09	-3.129248e+01	-3.493559e+02
8.340000e-06	-3.859572e-09	-3.042059e-09	-3.144348e+01	-3.524463e+02
8.350000e-06	-3.877954e-09	-3.063879e-09	-3.159323e+01	-3.555008e+02
8.360000e-06	-3.896168e-09	-3.089171e-09	-3.174162e+01	-3.585160e+02
8.370000e-06	-3.914248e-09	-3.117945e-09	-3.188891e+01	-3.614859e+02
8.380000e-06	-3.932194e-09	-3.146668e-09	-3.203512e+01	-3.644033e+02
8.390000e-06	-3.949977e-09	-3.172591e-09	-3.218000e+01	-3.672609e+02
8.400000e-06	-3.967585e-09	-3.197579e-09	-3.232344e+01	-3.700523e+02
8.410000e-06	-3.985005e-09	-3.223266e-09	-3.246536e+01	-3.727730e+02
8.420000e-06	-4.002246e-09	-3.246277e-09	-3.260582e+01	-3.754211e+02
8.430000e-06	-4.019279e-09	-3.265154e-09	-3.274459e+01	-3.779976e+02
8.440000e-06	-4.036109e-09	-3.283431e-09	-3.288170e+01	-3.805058e+02
8.450000e-06	-4.052770e-09	-3.304070e-09	-3.301743e+01	-3.829513e+02
8.460000e-06	-4.069263e-09	-3.325933e-09	-3.315180e+01	-3.853407e+02
8.470000e-06	-4.085625e-09	-3.345410e-09	-3.328510e+01	-3.876808e+02
8.480000e-06	-4.101868e-09	-3.361729e-09	-3.341744e+01	-3.899775e+02
8.490000e-06	-4.118004e-09	-3.378792e-09	-3.354889e+01	-3.922349e+02
8.500000e-06	-4.134052e-09	-3.399788e-09	-3.367963e+01	-3.944548e+02
8.510000e-06	-4.149979e-09	-3.423430e-09	-3.380939e+01	-3.966367e+02
8.520000e-06	-4.165772e-09	-3.445420e-09	-3.393805e+01	-3.987777e+02
8.530000e-06	-4.181401e-09	-3.464023e-09	-3.406538e+01	-4.008734e+02
8.540000e-06	-4.196788e-09	-3.481627e-09	-3.419074e+01	-4.029183e+02
8.550000e-06	-4.211888e-09	-3.501429e-09	-3.431375e+01	-4.049074e+02
8.560000e-06	-4.226692e-09	-3.522262e-09	-3.443436e+01	-4.068363e+02
8.570000e-06	-4.241172e-09	-3.538710e-09	-3.455232e+01	-4.087028e+02
8.580000e-06	-4.255318e-09	-3.550946e-09	-3.466757e+01	-4.105067e+02
8.590000e-06	-4.269123e-09	-3.565174e-09	-3.478004e+01	-4.122502e+02
8.600000e-06	-4.282608e-09	-3.582913e-09	-3.488989e+01	-4.139376e+02
8.610000e-06	-4.295787e-09	-3.599962e-09	-3.499726e+01	-4.155748e+02
8.620000e-06	-4.308680e-09	-3.613943e-09	-3.510230e+01	-4.171682e+02
8.630000e-06	-4.321337e-09	-3.628189e-09	-3.520542e+01	-4.187242e+02
8.640000e-06	-4.333802e-09	-3.645076e-09	-3.530697e+01	-4.202479e+02
8.650000e-06	-4.346094e-09	-3.661752e-09	-3.540711e+01	-4.217427e+02
8.660000e-06	-4.358205e-09	-3.672928e-09	-3.550577e+01	-4.232098e+02
8.670000e-06	-4.370144e-09	-3.679057e-09	-3.560305e+01	-4.246480e+02
8.680000e-06	-4.381900e-09	-3.687179e-09	-3.569881e+01	-4.260545e+02
8.690000e-06	-4.393443e-09	-3.701902e-09	-3.579285e+01	-4.274250e+02
8.700000e-06	-4.404770e-09	-3.720838e-09	-3.588514e+01	-4.287547e+02
8.710000e-06	-4.415870e-09	-3.737044e-09	-3.597556e+01	-4.300391e+02
8.720000e-06	-4.426728e-09	-3.749075e-09	-3.606403e+01	-4.312752e+02
8.730000e-06	-4.437376e-09	-3.759260e-09	-3.615077e+01	-4.324617e+02
8.740000e-06	-4.447834e-09	-3.769967e-09	-3.623597e+01	-4.335995e+02
8.750000e-06	-4.458128e-09	-3.778971e-09	-3.631983e+01	-4.346916e+02
8.760000e-06	-4.468267e-09	-3.783622e-09	-3.640244e+01	-4.357429e+02
8.770000e-06	-4.478242e-09	-3.790093e-09	-3.648371e+01	-4.367594e+02
8.780000e-06	-4.488038e-09	-3.800767e-09	-3.656351e+01	-4.377475e+02
8.790000e-06	-4.497628e-09	-3.812667e-09	-3.664164e+01	-4.387132e+02
8.800000e-06	-4.507010e-09	-3.822306e-09	-3.671807e+01	-4.396609e+02
8.810000e-06	-4.516165e-09	-3.830145e-09	-3.679266e+01	-4.405933e+02
8.820000e-06	-4.525080e-09	-3.838651e-09	-3.686529e+01	-4.415108e+02
8.830000e-06	-4.533776e-09	-3.847607e-09	-3.693613e+01	-4.424118e+02
8.840000e-06	-4.542297e-09	-3.855159e-09	-3.700555e+01	-4.432928e+02
8.850000e-06	-4.550670e-09	-3.859264e-09	-3.707377e+01	-4.441492e+02
8.860000e-06	-4.558905e-09	-3.865988e-09	-3.714085e+01	-4.449761e+02
8.870000e-06	-4.567023e-09	-3.875783e-09	-3.720699e+01	-4.457693e+02
8.880000e-06	-4.575055e-09	-3.881721e-09	-3.727242e+01	-4.465255e+02
8.890000e-06	-4.582987e-09	-3.885004e-09	-3.733705e+01	-4.472434e+02
8.900000e-06	-4.590765e-09	-3.888158e-09	-3.740041e+01	-4.479238e+02
8.910000e-06	-4.598360e-09	-3.893186e-09	-3.746229e+01	-4.485691e+02
8.920000e-06	-4.605732e-09	-3.899799e-09	-3.752235e+01	-4.491834e+02
8.930000e-06	-4.612840e-09	-3.902823e-09	-3.758026e+01	-4.497716e+02
8.940000e-06	-4.619686e-09	-3.903056e-09	-3.763603e+01	-4.503388e+02
8.950000e-06	-4.626193e-09	-3.904577e-09	-3.768904e+01	-4.508891e+02
8.960000e-06	-4.632322e-09	-3.908772e-09	-3.773897e+01	-4.514256e+02
8.970000e-06	-4.638117e-09	-3.913551e-09	-3.778619e+01	-4.519496e+02
8.980000e-06	-4.643570e-09	-3.916946e-09	-3.783061e+01	-4.524605e+02
8.990000e-06	-4.648678e-09	-3.922310e-09	-3.787222e+01	-4.529563e+02
9.000000e-06	-4.653490e-09	-3.927572e-09	-3.791142e+01	-4.534336e+02
9.010000e-06	-4.658071e-09	-3.932781e-09	-3.794875e+01	-4.538889e+02
9.020000e-06	-4.662481e-09	-3.937042e-09	-3.798467e+01	-4.543188e+02
9.030000e-06	-4.666746e-09	-3.938085e-09	-3.801942e+01	-4.547212e+02
9.040000e-06	-4.670888e-09	-3.939685e-09	-3.805316e+01	-4.550956e+02
9.050000e-06	-4.674931e-09	-3.941052e-09	-3.808610e+01	-4.554432e+02
9.060000e-06	-4.678857e-09	-3.944949e-09	-3.811809e+01	-4.557674e+02
9.070000e-06	-4.682648e-09	-3.950774e-09	-3.814897e+01	-4.560727e+02
9.080000e-06	-4.686249e-09	-3.954831e-09	-3.817831e+01	-4.563648e+02
9.090000e-06	-4.689622e-09	-3.956312e-09	-3.820579e+01	-4.566491e+02
9.100000e-06	-4.692802e-09	-3.956726e-09	-3.823169e+01	-4.569304e+02
9.110000e-06	-4.695760e-09	-3.957507e-09	-3.825579e+01	-4.572116e+02
9.120000e-06	-4.698473e-09	-3.956242e-09	-3.827790e+01	-4.574936e+02
9.130000e-06	-4.700990e-09	-3.956671e-09	-3.829840e+01	-4.577750e+02
9.140000e-06	-4.703328e-09	-3.959735e-09	-3.831745e+01	-4.580521e+02
9.150000e-06	-4.705501e-09	-3.965441e-09	-3.833515e+01	-4.583195e+02
9.160000e-06	-4.707534e-09	-3.970592e-09	-3.835171e+01	-4.585710e+02
9.170000e-06	-4.709383e-09	-3.972901e-09	-3.836678e+01	-4.588005e+02
9.180000e-06	-4.710934e-09	-3.976004e-09	-3.837941e+01	-4.590030e+02
9.190000e-06	-4.712182e-09	-3.977146e-09	-3.838958e+01	-4.591756e+02
9.200000e-06	-4.713255e-09	-3.975661e-09	-3.839832e+01	-4.593178e+02
9.210000e-06	-4.714176e-09	-3.972891e-09	-3.840583e+01	-4.594319e+02
9.220000e-06	-4.714912e-09	-3.973787e-09	-3.841182e+01	-4.595226e+02
9.230000e-06	-4.715464e-09	-3.978737e-09	-3.841632e+01	-4.595967e+02
9.240000e-06	-4.715855e-09	-3.984554e-09	-3.841951e+01	-4.596615e+02
