# Temperatura_=_20.0
# Concentracion g/m^3_=_10770.0
# C_Vs_to_Am_M_A/Vsm_=_116720831517.84952
# pendiente_HvsI_1/m_=_3716.3
# ordenada_HvsI_A/m_=_1297.0
# frecuencia_Hz_=_108116.50938138575
# Promedio de 29 ciclos

Tiempo_(s)	Campo_(V.s)	Magnetizacion_(V.s)	Campo_(kA/m)	Magnetizacion_(A/m)
0.000000e+00	-3.873811e-09	-2.176717e-09	-3.102837e+01	-2.507669e+02
1.000000e-08	-3.874061e-09	-2.177432e-09	-3.103037e+01	-2.507840e+02
2.000000e-08	-3.874231e-09	-2.176455e-09	-3.103173e+01	-2.508783e+02
3.000000e-08	-3.874304e-09	-2.173999e-09	-3.103232e+01	-2.510663e+02
4.000000e-08	-3.874273e-09	-2.163957e-09	-3.103207e+01	-2.513555e+02
5.000000e-08	-3.874099e-09	-2.150113e-09	-3.103068e+01	-2.517423e+02
6.000000e-08	-3.873738e-09	-2.159376e-09	-3.102779e+01	-2.522123e+02
7.000000e-08	-3.873158e-09	-2.210399e-09	-3.102314e+01	-2.527405e+02
8.000000e-08	-3.872323e-09	-2.220960e-09	-3.101645e+01	-2.532937e+02
9.000000e-08	-3.871241e-09	-2.195084e-09	-3.100778e+01	-2.538333e+02
1.000000e-07	-3.869905e-09	-2.239431e-09	-3.099708e+01	-2.543194e+02
1.100000e-07	-3.868286e-09	-2.259162e-09	-3.098412e+01	-2.547150e+02
1.200000e-07	-3.866387e-09	-2.221268e-09	-3.096890e+01	-2.549893e+02
1.300000e-07	-3.864193e-09	-2.220928e-09	-3.095133e+01	-2.551211e+02
1.400000e-07	-3.861715e-09	-2.226276e-09	-3.093148e+01	-2.551010e+02
1.500000e-07	-3.858976e-09	-2.230693e-09	-3.090954e+01	-2.549322e+02
1.600000e-07	-3.855968e-09	-2.231361e-09	-3.088545e+01	-2.546297e+02
1.700000e-07	-3.852720e-09	-2.214297e-09	-3.085943e+01	-2.542183e+02
1.800000e-07	-3.849301e-09	-2.202554e-09	-3.083205e+01	-2.537299e+02
1.900000e-07	-3.845750e-09	-2.205410e-09	-3.080360e+01	-2.531997e+02
2.000000e-07	-3.842086e-09	-2.217491e-09	-3.077426e+01	-2.526622e+02
2.100000e-07	-3.838334e-09	-2.201857e-09	-3.074420e+01	-2.521478e+02
2.200000e-07	-3.834515e-09	-2.187750e-09	-3.071361e+01	-2.516798e+02
2.300000e-07	-3.830632e-09	-2.186689e-09	-3.068251e+01	-2.512721e+02
2.400000e-07	-3.826645e-09	-2.203272e-09	-3.065057e+01	-2.509291e+02
2.500000e-07	-3.822541e-09	-2.216689e-09	-3.061770e+01	-2.506458e+02
2.600000e-07	-3.818321e-09	-2.186444e-09	-3.058391e+01	-2.504095e+02
2.700000e-07	-3.813952e-09	-2.173793e-09	-3.054891e+01	-2.502024e+02
2.800000e-07	-3.809418e-09	-2.194096e-09	-3.051259e+01	-2.500044e+02
2.900000e-07	-3.804672e-09	-2.199403e-09	-3.047457e+01	-2.497960e+02
3.000000e-07	-3.799700e-09	-2.172750e-09	-3.043475e+01	-2.495610e+02
3.100000e-07	-3.794513e-09	-2.169014e-09	-3.039321e+01	-2.492887e+02
3.200000e-07	-3.789128e-09	-2.190507e-09	-3.035007e+01	-2.489745e+02
3.300000e-07	-3.783574e-09	-2.185846e-09	-3.030558e+01	-2.486201e+02
3.400000e-07	-3.777840e-09	-2.168494e-09	-3.025966e+01	-2.482328e+02
3.500000e-07	-3.771949e-09	-2.166249e-09	-3.021247e+01	-2.478238e+02
3.600000e-07	-3.765909e-09	-2.175714e-09	-3.016409e+01	-2.474058e+02
3.700000e-07	-3.759694e-09	-2.167564e-09	-3.011431e+01	-2.469913e+02
3.800000e-07	-3.753303e-09	-2.165477e-09	-3.006311e+01	-2.465900e+02
3.900000e-07	-3.746729e-09	-2.171247e-09	-3.001046e+01	-2.462080e+02
4.000000e-07	-3.739982e-09	-2.155619e-09	-2.995642e+01	-2.458462e+02
4.100000e-07	-3.733068e-09	-2.145408e-09	-2.990104e+01	-2.455008e+02
4.200000e-07	-3.725973e-09	-2.156252e-09	-2.984421e+01	-2.451639e+02
4.300000e-07	-3.718711e-09	-2.155348e-09	-2.978604e+01	-2.448247e+02
4.400000e-07	-3.711289e-09	-2.128489e-09	-2.972660e+01	-2.444713e+02
4.500000e-07	-3.703727e-09	-2.126600e-09	-2.966602e+01	-2.440924e+02
4.600000e-07	-3.696062e-09	-2.138434e-09	-2.960463e+01	-2.436790e+02
4.700000e-07	-3.688314e-09	-2.125520e-09	-2.954257e+01	-2.432255e+02
4.800000e-07	-3.680492e-09	-2.112422e-09	-2.947991e+01	-2.427304e+02
4.900000e-07	-3.672584e-09	-2.112964e-09	-2.941657e+01	-2.421962e+02
5.000000e-07	-3.664575e-09	-2.108872e-09	-2.935243e+01	-2.416287e+02
5.100000e-07	-3.656439e-09	-2.096455e-09	-2.928725e+01	-2.410358e+02
5.200000e-07	-3.648149e-09	-2.095487e-09	-2.922086e+01	-2.404263e+02
5.300000e-07	-3.639676e-09	-2.088284e-09	-2.915299e+01	-2.398080e+02
5.400000e-07	-3.630972e-09	-2.073693e-09	-2.908327e+01	-2.391869e+02
5.500000e-07	-3.622018e-09	-2.071524e-09	-2.901155e+01	-2.385662e+02
5.600000e-07	-3.612803e-09	-2.069622e-09	-2.893774e+01	-2.379456e+02
5.700000e-07	-3.603281e-09	-2.058091e-09	-2.886147e+01	-2.373221e+02
5.800000e-07	-3.593456e-09	-2.048960e-09	-2.878277e+01	-2.366905e+02
5.900000e-07	-3.583344e-09	-2.049581e-09	-2.870178e+01	-2.360442e+02
6.000000e-07	-3.572959e-09	-2.041668e-09	-2.861860e+01	-2.353772e+02
6.100000e-07	-3.562331e-09	-2.031401e-09	-2.853347e+01	-2.346848e+02
6.200000e-07	-3.551480e-09	-2.024486e-09	-2.844656e+01	-2.339650e+02
6.300000e-07	-3.540405e-09	-2.013817e-09	-2.835785e+01	-2.332189e+02
6.400000e-07	-3.529121e-09	-2.005516e-09	-2.826746e+01	-2.324508e+02
6.500000e-07	-3.517667e-09	-1.998419e-09	-2.817572e+01	-2.316679e+02
6.600000e-07	-3.506070e-09	-1.990468e-09	-2.808283e+01	-2.308793e+02
6.700000e-07	-3.494344e-09	-1.981972e-09	-2.798891e+01	-2.300943e+02
6.800000e-07	-3.482486e-09	-1.979775e-09	-2.789393e+01	-2.293219e+02
6.900000e-07	-3.470497e-09	-1.974808e-09	-2.779790e+01	-2.285686e+02
7.000000e-07	-3.458371e-09	-1.964548e-09	-2.770077e+01	-2.278378e+02
7.100000e-07	-3.446089e-09	-1.958675e-09	-2.760240e+01	-2.271294e+02
7.200000e-07	-3.433619e-09	-1.952571e-09	-2.750252e+01	-2.264394e+02
7.300000e-07	-3.420971e-09	-1.947651e-09	-2.740121e+01	-2.257605e+02
7.400000e-07	-3.408143e-09	-1.942166e-09	-2.729846e+01	-2.250834e+02
7.500000e-07	-3.395117e-09	-1.934561e-09	-2.719412e+01	-2.243979e+02
7.600000e-07	-3.381917e-09	-1.926589e-09	-2.708839e+01	-2.236941e+02
7.700000e-07	-3.368534e-09	-1.920772e-09	-2.698119e+01	-2.229643e+02
7.800000e-07	-3.354978e-09	-1.915001e-09	-2.687262e+01	-2.222037e+02
7.900000e-07	-3.341298e-09	-1.908057e-09	-2.676304e+01	-2.214111e+02
8.000000e-07	-3.327489e-09	-1.905696e-09	-2.665244e+01	-2.205891e+02
8.100000e-07	-3.313530e-09	-1.902401e-09	-2.654063e+01	-2.197435e+02
8.200000e-07	-3.299418e-09	-1.894519e-09	-2.642759e+01	-2.188824e+02
8.300000e-07	-3.285144e-09	-1.883098e-09	-2.631326e+01	-2.180151e+02
8.400000e-07	-3.270699e-09	-1.871855e-09	-2.619756e+01	-2.171509e+02
8.500000e-07	-3.256063e-09	-1.863433e-09	-2.608033e+01	-2.162973e+02
8.600000e-07	-3.241190e-09	-1.857233e-09	-2.596120e+01	-2.154595e+02
8.700000e-07	-3.226101e-09	-1.854214e-09	-2.584034e+01	-2.146395e+02
8.800000e-07	-3.210792e-09	-1.851643e-09	-2.571772e+01	-2.138359e+02
8.900000e-07	-3.195236e-09	-1.848600e-09	-2.559312e+01	-2.130444e+02
9.000000e-07	-3.179483e-09	-1.841861e-09	-2.546694e+01	-2.122586e+02
9.100000e-07	-3.163557e-09	-1.830210e-09	-2.533937e+01	-2.114706e+02
9.200000e-07	-3.147415e-09	-1.816236e-09	-2.521008e+01	-2.106727e+02
9.300000e-07	-3.131075e-09	-1.804064e-09	-2.507920e+01	-2.098583e+02
9.400000e-07	-3.114578e-09	-1.796646e-09	-2.494706e+01	-2.090226e+02
9.500000e-07	-3.097925e-09	-1.790589e-09	-2.481367e+01	-2.081634e+02
9.600000e-07	-3.081128e-09	-1.784414e-09	-2.467914e+01	-2.072813e+02
9.700000e-07	-3.064219e-09	-1.780308e-09	-2.454370e+01	-2.063790e+02
9.800000e-07	-3.047221e-09	-1.775368e-09	-2.440755e+01	-2.054611e+02
9.900000e-07	-3.030098e-09	-1.765597e-09	-2.427039e+01	-2.045333e+02
1.000000e-06	-3.012867e-09	-1.754625e-09	-2.413238e+01	-2.036011e+02
1.010000e-06	-2.995557e-09	-1.743729e-09	-2.399373e+01	-2.026691e+02
1.020000e-06	-2.978151e-09	-1.733308e-09	-2.385431e+01	-2.017407e+02
1.030000e-06	-2.960640e-09	-1.724710e-09	-2.371405e+01	-2.008170e+02
1.040000e-06	-2.943028e-09	-1.717693e-09	-2.357299e+01	-1.998973e+02
1.050000e-06	-2.925319e-09	-1.710727e-09	-2.343114e+01	-1.989794e+02
1.060000e-06	-2.907495e-09	-1.701093e-09	-2.328837e+01	-1.980599e+02
1.070000e-06	-2.889550e-09	-1.689854e-09	-2.314464e+01	-1.971347e+02
1.080000e-06	-2.871486e-09	-1.679662e-09	-2.299995e+01	-1.962004e+02
1.090000e-06	-2.853270e-09	-1.671529e-09	-2.285404e+01	-1.952541e+02
1.100000e-06	-2.834880e-09	-1.663540e-09	-2.270674e+01	-1.942942e+02
1.110000e-06	-2.816319e-09	-1.653812e-09	-2.255807e+01	-1.933204e+02
1.120000e-06	-2.797575e-09	-1.643306e-09	-2.240793e+01	-1.923336e+02
1.130000e-06	-2.778669e-09	-1.635327e-09	-2.225651e+01	-1.913353e+02
1.140000e-06	-2.759631e-09	-1.627844e-09	-2.210401e+01	-1.903272e+02
1.150000e-06	-2.740449e-09	-1.616789e-09	-2.195037e+01	-1.893105e+02
1.160000e-06	-2.721128e-09	-1.602687e-09	-2.179561e+01	-1.882853e+02
1.170000e-06	-2.701691e-09	-1.588811e-09	-2.163992e+01	-1.872504e+02
1.180000e-06	-2.682149e-09	-1.578345e-09	-2.148340e+01	-1.862033e+02
1.190000e-06	-2.662527e-09	-1.568790e-09	-2.132623e+01	-1.851401e+02
1.200000e-06	-2.642845e-09	-1.558172e-09	-2.116858e+01	-1.840564e+02
1.210000e-06	-2.623117e-09	-1.547107e-09	-2.101057e+01	-1.829475e+02
1.220000e-06	-2.603351e-09	-1.536543e-09	-2.085224e+01	-1.818098e+02
1.230000e-06	-2.583546e-09	-1.526099e-09	-2.069361e+01	-1.806411e+02
1.240000e-06	-2.563709e-09	-1.513006e-09	-2.053472e+01	-1.794413e+02
1.250000e-06	-2.543812e-09	-1.498163e-09	-2.037534e+01	-1.782126e+02
1.260000e-06	-2.523846e-09	-1.484000e-09	-2.021542e+01	-1.769597e+02
1.270000e-06	-2.503819e-09	-1.471701e-09	-2.005501e+01	-1.756890e+02
1.280000e-06	-2.483732e-09	-1.461586e-09	-1.989412e+01	-1.744084e+02
1.290000e-06	-2.463586e-09	-1.453249e-09	-1.973276e+01	-1.731260e+02
1.300000e-06	-2.443352e-09	-1.444862e-09	-1.957068e+01	-1.718491e+02
1.310000e-06	-2.422994e-09	-1.432982e-09	-1.940762e+01	-1.705835e+02
1.320000e-06	-2.402512e-09	-1.418196e-09	-1.924356e+01	-1.693328e+02
1.330000e-06	-2.381914e-09	-1.403224e-09	-1.907858e+01	-1.680976e+02
1.340000e-06	-2.361171e-09	-1.390663e-09	-1.891243e+01	-1.668762e+02
1.350000e-06	-2.340293e-09	-1.380861e-09	-1.874520e+01	-1.656643e+02
1.360000e-06	-2.319285e-09	-1.371538e-09	-1.857693e+01	-1.644561e+02
1.370000e-06	-2.298141e-09	-1.360945e-09	-1.840757e+01	-1.632452e+02
1.380000e-06	-2.276872e-09	-1.350931e-09	-1.823721e+01	-1.620256e+02
1.390000e-06	-2.255483e-09	-1.342750e-09	-1.806589e+01	-1.607926e+02
1.400000e-06	-2.234010e-09	-1.332592e-09	-1.789390e+01	-1.595435e+02
1.410000e-06	-2.212444e-09	-1.320795e-09	-1.772116e+01	-1.582781e+02
1.420000e-06	-2.190779e-09	-1.309423e-09	-1.754762e+01	-1.569986e+02
1.430000e-06	-2.169022e-09	-1.300277e-09	-1.737336e+01	-1.557092e+02
1.440000e-06	-2.147207e-09	-1.292184e-09	-1.719863e+01	-1.544155e+02
1.450000e-06	-2.125326e-09	-1.281379e-09	-1.702336e+01	-1.531234e+02
1.460000e-06	-2.103357e-09	-1.270196e-09	-1.684739e+01	-1.518385e+02
1.470000e-06	-2.081310e-09	-1.258924e-09	-1.667081e+01	-1.505647e+02
1.480000e-06	-2.059185e-09	-1.247660e-09	-1.649359e+01	-1.493041e+02
1.490000e-06	-2.036991e-09	-1.236506e-09	-1.631581e+01	-1.480564e+02
1.500000e-06	-2.014708e-09	-1.226238e-09	-1.613733e+01	-1.468193e+02
1.510000e-06	-1.992335e-09	-1.217373e-09	-1.595814e+01	-1.455887e+02
1.520000e-06	-1.969862e-09	-1.206425e-09	-1.577813e+01	-1.443595e+02
1.530000e-06	-1.947275e-09	-1.194257e-09	-1.559721e+01	-1.431271e+02
1.540000e-06	-1.924591e-09	-1.181779e-09	-1.541552e+01	-1.418876e+02
1.550000e-06	-1.901794e-09	-1.170697e-09	-1.523291e+01	-1.406389e+02
1.560000e-06	-1.878887e-09	-1.161265e-09	-1.504944e+01	-1.393813e+02
1.570000e-06	-1.855887e-09	-1.152082e-09	-1.486522e+01	-1.381175e+02
1.580000e-06	-1.832783e-09	-1.143889e-09	-1.468016e+01	-1.368523e+02
1.590000e-06	-1.809599e-09	-1.135288e-09	-1.449446e+01	-1.355918e+02
1.600000e-06	-1.786331e-09	-1.125821e-09	-1.430809e+01	-1.343423e+02
1.610000e-06	-1.762969e-09	-1.114146e-09	-1.412096e+01	-1.331094e+02
1.620000e-06	-1.739541e-09	-1.101552e-09	-1.393330e+01	-1.318968e+02
1.630000e-06	-1.716045e-09	-1.092013e-09	-1.374511e+01	-1.307053e+02
1.640000e-06	-1.692490e-09	-1.084086e-09	-1.355644e+01	-1.295323e+02
1.650000e-06	-1.668881e-09	-1.075659e-09	-1.336734e+01	-1.283720e+02
1.660000e-06	-1.645218e-09	-1.066277e-09	-1.317780e+01	-1.272154e+02
1.670000e-06	-1.621521e-09	-1.059940e-09	-1.298799e+01	-1.260516e+02
1.680000e-06	-1.597796e-09	-1.055916e-09	-1.279796e+01	-1.248689e+02
1.690000e-06	-1.574031e-09	-1.047992e-09	-1.260760e+01	-1.236562e+02
1.700000e-06	-1.550218e-09	-1.035804e-09	-1.241687e+01	-1.224044e+02
1.710000e-06	-1.526368e-09	-1.021638e-09	-1.222583e+01	-1.211075e+02
1.720000e-06	-1.502484e-09	-1.007494e-09	-1.203453e+01	-1.197637e+02
1.730000e-06	-1.478575e-09	-9.914808e-10	-1.184302e+01	-1.183751e+02
1.740000e-06	-1.454629e-09	-9.739701e-10	-1.165122e+01	-1.169481e+02
1.750000e-06	-1.430649e-09	-9.578209e-10	-1.145914e+01	-1.154920e+02
1.760000e-06	-1.406627e-09	-9.476616e-10	-1.126674e+01	-1.140182e+02
1.770000e-06	-1.382548e-09	-9.411758e-10	-1.107387e+01	-1.125385e+02
1.780000e-06	-1.358423e-09	-9.316411e-10	-1.088063e+01	-1.110636e+02
1.790000e-06	-1.334261e-09	-9.179892e-10	-1.068709e+01	-1.096021e+02
1.800000e-06	-1.310021e-09	-9.015566e-10	-1.049294e+01	-1.081589e+02
1.810000e-06	-1.285706e-09	-8.855917e-10	-1.029819e+01	-1.067354e+02
1.820000e-06	-1.261347e-09	-8.703153e-10	-1.010307e+01	-1.053288e+02
1.830000e-06	-1.236928e-09	-8.558654e-10	-9.907480e+00	-1.039335e+02
1.840000e-06	-1.212453e-09	-8.408027e-10	-9.711442e+00	-1.025411e+02
1.850000e-06	-1.187916e-09	-8.267285e-10	-9.514902e+00	-1.011428e+02
1.860000e-06	-1.163285e-09	-8.159481e-10	-9.317616e+00	-9.972986e+01
1.870000e-06	-1.138579e-09	-8.061622e-10	-9.119727e+00	-9.829537e+01
1.880000e-06	-1.113808e-09	-7.943799e-10	-8.921320e+00	-9.683519e+01
1.890000e-06	-1.088954e-09	-7.795500e-10	-8.722240e+00	-9.534842e+01
1.900000e-06	-1.064041e-09	-7.656510e-10	-8.522697e+00	-9.383762e+01
1.910000e-06	-1.039084e-09	-7.531554e-10	-8.322792e+00	-9.230831e+01
1.920000e-06	-1.014057e-09	-7.392981e-10	-8.122333e+00	-9.076823e+01
1.930000e-06	-9.889332e-10	-7.251401e-10	-7.921100e+00	-8.922616e+01
1.940000e-06	-9.637121e-10	-7.110294e-10	-7.719085e+00	-8.769074e+01
1.950000e-06	-9.384298e-10	-6.972742e-10	-7.516579e+00	-8.616926e+01
1.960000e-06	-9.130784e-10	-6.841341e-10	-7.313520e+00	-8.466672e+01
1.970000e-06	-8.876250e-10	-6.706623e-10	-7.109645e+00	-8.318525e+01
1.980000e-06	-8.621038e-10	-6.562616e-10	-6.905226e+00	-8.172388e+01
1.990000e-06	-8.365208e-10	-6.420590e-10	-6.700311e+00	-8.027885e+01
2.000000e-06	-8.108591e-10	-6.296421e-10	-6.494767e+00	-7.884424e+01
2.010000e-06	-7.851311e-10	-6.183910e-10	-6.288693e+00	-7.741285e+01
2.020000e-06	-7.593433e-10	-6.056557e-10	-6.082139e+00	-7.597723e+01
2.030000e-06	-7.334877e-10	-5.888203e-10	-5.875042e+00	-7.453073e+01
2.040000e-06	-7.075505e-10	-5.722757e-10	-5.667291e+00	-7.306828e+01
2.050000e-06	-6.815484e-10	-5.600979e-10	-5.459021e+00	-7.158693e+01
2.060000e-06	-6.554994e-10	-5.503774e-10	-5.250374e+00	-7.008612e+01
2.070000e-06	-6.294081e-10	-5.403980e-10	-5.041389e+00	-6.856744e+01
2.080000e-06	-6.032581e-10	-5.284616e-10	-4.831934e+00	-6.703424e+01
2.090000e-06	-5.770332e-10	-5.168685e-10	-4.621879e+00	-6.549091e+01
2.100000e-06	-5.507889e-10	-5.051041e-10	-4.411668e+00	-6.394213e+01
2.110000e-06	-5.245438e-10	-4.903494e-10	-4.201451e+00	-6.239212e+01
2.120000e-06	-4.982410e-10	-4.740276e-10	-3.990772e+00	-6.084400e+01
2.130000e-06	-4.718594e-10	-4.599521e-10	-3.779462e+00	-5.929945e+01
2.140000e-06	-4.454450e-10	-4.495097e-10	-3.567889e+00	-5.775853e+01
2.150000e-06	-4.190182e-10	-4.397132e-10	-3.356217e+00	-5.621988e+01
2.160000e-06	-3.925462e-10	-4.275730e-10	-3.144181e+00	-5.468104e+01
2.170000e-06	-3.660389e-10	-4.141490e-10	-2.931864e+00	-5.313897e+01
2.180000e-06	-3.394661e-10	-4.030341e-10	-2.719022e+00	-5.159056e+01
2.190000e-06	-3.128441e-10	-3.934773e-10	-2.505786e+00	-5.003315e+01
2.200000e-06	-2.862071e-10	-3.828997e-10	-2.292430e+00	-4.846486e+01
2.210000e-06	-2.595667e-10	-3.701265e-10	-2.079047e+00	-4.688475e+01
2.220000e-06	-2.329056e-10	-3.557498e-10	-1.865498e+00	-4.529283e+01
2.230000e-06	-2.062133e-10	-3.424411e-10	-1.651699e+00	-4.368977e+01
2.240000e-06	-1.795200e-10	-3.295143e-10	-1.437892e+00	-4.207665e+01
2.250000e-06	-1.528246e-10	-3.157606e-10	-1.224067e+00	-4.045450e+01
2.260000e-06	-1.261161e-10	-3.020896e-10	-1.010138e+00	-3.882404e+01
2.270000e-06	-9.939271e-11	-2.887966e-10	-7.960897e-01	-3.718540e+01
2.280000e-06	-7.268336e-11	-2.747958e-10	-5.821539e-01	-3.553807e+01
2.290000e-06	-4.597485e-11	-2.602070e-10	-3.682249e-01	-3.388104e+01
2.300000e-06	-1.924163e-11	-2.461384e-10	-1.540980e-01	-3.221304e+01
2.310000e-06	7.488127e-12	-2.320624e-10	6.000095e-02	-3.053298e+01
2.320000e-06	3.420807e-11	-2.188381e-10	2.740213e-01	-2.884034e+01
2.330000e-06	6.091981e-11	-2.052203e-10	4.879761e-01	-2.713557e+01
2.340000e-06	8.762431e-11	-1.903872e-10	7.018729e-01	-2.542031e+01
2.350000e-06	1.143285e-10	-1.750324e-10	9.157669e-01	-2.369744e+01
2.360000e-06	1.410241e-10	-1.595712e-10	1.129592e+00	-2.197092e+01
2.370000e-06	1.676955e-10	-1.448589e-10	1.343224e+00	-2.024536e+01
2.380000e-06	1.943534e-10	-1.318690e-10	1.556747e+00	-1.852545e+01
2.390000e-06	2.210108e-10	-1.203132e-10	1.770266e+00	-1.681534e+01
2.400000e-06	2.476429e-10	-1.065158e-10	1.983584e+00	-1.511798e+01
2.410000e-06	2.742651e-10	-8.970695e-11	2.196821e+00	-1.343458e+01
2.420000e-06	3.008649e-10	-7.224649e-11	2.409879e+00	-1.176438e+01
2.430000e-06	3.274290e-10	-5.750112e-11	2.622652e+00	-1.010452e+01
2.440000e-06	3.539602e-10	-4.330961e-11	2.835160e+00	-8.450399e+00
2.450000e-06	3.804759e-10	-2.716991e-11	3.047544e+00	-6.796185e+00
2.460000e-06	4.069835e-10	-1.192230e-11	3.259864e+00	-5.135567e+00
2.470000e-06	4.334490e-10	1.336661e-12	3.471846e+00	-3.462619e+00
2.480000e-06	4.598845e-10	1.475504e-11	3.683588e+00	-1.772624e+00
2.490000e-06	4.862643e-10	3.122471e-11	3.894884e+00	-6.276519e-02
2.500000e-06	5.125578e-10	4.899294e-11	4.105489e+00	1.667452e+00
2.510000e-06	5.388019e-10	6.440894e-11	4.315697e+00	3.416091e+00
2.520000e-06	5.649899e-10	7.861621e-11	4.525456e+00	5.179032e+00
2.530000e-06	5.911121e-10	9.442148e-11	4.734689e+00	6.950547e+00
2.540000e-06	6.171912e-10	1.109105e-10	4.943576e+00	8.724112e+00
2.550000e-06	6.432374e-10	1.271550e-10	5.152199e+00	1.049336e+01
2.560000e-06	6.692313e-10	1.412978e-10	5.360403e+00	1.225304e+01
2.570000e-06	6.951675e-10	1.552378e-10	5.568146e+00	1.399978e+01
2.580000e-06	7.210412e-10	1.700253e-10	5.775388e+00	1.573268e+01
2.590000e-06	7.468224e-10	1.830279e-10	5.981889e+00	1.745350e+01
2.600000e-06	7.725641e-10	1.959109e-10	6.188073e+00	1.916645e+01
2.610000e-06	7.982740e-10	2.107673e-10	6.394003e+00	2.087773e+01
2.620000e-06	8.239040e-10	2.281592e-10	6.599293e+00	2.259470e+01
2.630000e-06	8.494427e-10	2.459509e-10	6.803852e+00	2.432490e+01
2.640000e-06	8.749127e-10	2.619584e-10	7.007860e+00	2.607509e+01
2.650000e-06	9.003143e-10	2.760698e-10	7.211321e+00	2.785040e+01
2.660000e-06	9.256544e-10	2.893807e-10	7.414289e+00	2.965365e+01
2.670000e-06	9.509113e-10	3.049411e-10	7.616591e+00	3.148503e+01
2.680000e-06	9.760462e-10	3.211989e-10	7.817915e+00	3.334221e+01
2.690000e-06	1.001106e-09	3.378670e-10	8.018638e+00	3.522065e+01
2.700000e-06	1.026110e-09	3.553256e-10	8.218915e+00	3.711428e+01
2.710000e-06	1.051043e-09	3.723232e-10	8.418625e+00	3.901634e+01
2.720000e-06	1.075886e-09	3.887571e-10	8.617612e+00	4.092023e+01
2.730000e-06	1.100658e-09	4.020023e-10	8.816027e+00	4.282029e+01
2.740000e-06	1.125359e-09	4.144609e-10	9.013871e+00	4.471240e+01
2.750000e-06	1.149984e-09	4.285095e-10	9.211117e+00	4.659425e+01
2.760000e-06	1.174535e-09	4.452361e-10	9.407762e+00	4.846537e+01
2.770000e-06	1.199010e-09	4.631854e-10	9.603806e+00	5.032681e+01
2.780000e-06	1.223424e-09	4.794500e-10	9.799357e+00	5.218067e+01
2.790000e-06	1.247793e-09	4.947500e-10	9.994541e+00	5.402940e+01
2.800000e-06	1.272128e-09	5.086763e-10	1.018946e+01	5.587518e+01
2.810000e-06	1.296393e-09	5.225889e-10	1.038382e+01	5.771936e+01
2.820000e-06	1.320579e-09	5.350357e-10	1.057755e+01	5.956209e+01
2.830000e-06	1.344724e-09	5.477581e-10	1.077094e+01	6.140222e+01
2.840000e-06	1.368819e-09	5.626081e-10	1.096393e+01	6.323745e+01
2.850000e-06	1.392844e-09	5.770126e-10	1.115637e+01	6.506473e+01
2.860000e-06	1.416835e-09	5.908290e-10	1.134853e+01	6.688083e+01
2.870000e-06	1.440799e-09	6.029979e-10	1.154048e+01	6.868294e+01
2.880000e-06	1.464728e-09	6.146678e-10	1.173215e+01	7.046927e+01
2.890000e-06	1.488627e-09	6.275750e-10	1.192357e+01	7.223947e+01
2.900000e-06	1.512487e-09	6.426963e-10	1.211469e+01	7.399486e+01
2.910000e-06	1.536310e-09	6.591774e-10	1.230550e+01	7.573831e+01
2.920000e-06	1.560096e-09	6.755055e-10	1.249603e+01	7.747394e+01
2.930000e-06	1.583837e-09	6.904702e-10	1.268619e+01	7.920657e+01
2.940000e-06	1.607531e-09	7.048809e-10	1.287597e+01	8.094103e+01
2.950000e-06	1.631192e-09	7.198144e-10	1.306549e+01	8.268144e+01
2.960000e-06	1.654818e-09	7.334292e-10	1.325473e+01	8.443063e+01
2.970000e-06	1.678389e-09	7.457348e-10	1.344353e+01	8.618963e+01
2.980000e-06	1.701899e-09	7.566439e-10	1.363184e+01	8.795762e+01
2.990000e-06	1.725354e-09	7.691721e-10	1.381971e+01	8.973194e+01
3.000000e-06	1.748729e-09	7.854386e-10	1.400694e+01	9.150856e+01
3.010000e-06	1.772019e-09	8.025295e-10	1.419349e+01	9.328269e+01
3.020000e-06	1.795222e-09	8.191058e-10	1.437933e+01	9.504950e+01
3.030000e-06	1.818336e-09	8.355831e-10	1.456448e+01	9.680485e+01
3.040000e-06	1.841376e-09	8.524710e-10	1.474902e+01	9.854594e+01
3.050000e-06	1.864318e-09	8.660652e-10	1.493278e+01	1.002717e+02
3.060000e-06	1.887146e-09	8.770499e-10	1.511563e+01	1.019830e+02
3.070000e-06	1.909874e-09	8.906580e-10	1.529768e+01	1.036822e+02
3.080000e-06	1.932513e-09	9.076652e-10	1.547901e+01	1.053732e+02
3.090000e-06	1.955045e-09	9.250027e-10	1.565949e+01	1.070602e+02
3.100000e-06	1.977488e-09	9.388424e-10	1.583924e+01	1.087476e+02
3.110000e-06	1.999836e-09	9.509852e-10	1.601825e+01	1.104385e+02
3.120000e-06	2.022069e-09	9.650410e-10	1.619633e+01	1.121349e+02
3.130000e-06	2.044211e-09	9.804810e-10	1.637368e+01	1.138368e+02
3.140000e-06	2.066269e-09	9.953781e-10	1.655036e+01	1.155423e+02
3.150000e-06	2.088255e-09	1.009617e-09	1.672646e+01	1.172481e+02
3.160000e-06	2.110179e-09	1.024059e-09	1.690207e+01	1.189497e+02
3.170000e-06	2.132022e-09	1.039027e-09	1.707703e+01	1.206424e+02
3.180000e-06	2.153791e-09	1.053948e-09	1.725140e+01	1.223218e+02
3.190000e-06	2.175478e-09	1.068590e-09	1.742510e+01	1.239851e+02
3.200000e-06	2.197072e-09	1.084957e-09	1.759806e+01	1.256311e+02
3.210000e-06	2.218582e-09	1.102465e-09	1.777035e+01	1.272609e+02
3.220000e-06	2.240003e-09	1.118527e-09	1.794194e+01	1.288778e+02
3.230000e-06	2.261324e-09	1.132891e-09	1.811271e+01	1.304868e+02
3.240000e-06	2.282537e-09	1.146134e-09	1.828262e+01	1.320942e+02
3.250000e-06	2.303649e-09	1.157990e-09	1.845173e+01	1.337064e+02
3.260000e-06	2.324638e-09	1.168825e-09	1.861984e+01	1.353294e+02
3.270000e-06	2.345499e-09	1.181284e-09	1.878693e+01	1.369674e+02
3.280000e-06	2.366247e-09	1.196369e-09	1.895312e+01	1.386224e+02
3.290000e-06	2.386875e-09	1.212744e-09	1.911834e+01	1.402939e+02
3.300000e-06	2.407372e-09	1.229433e-09	1.928252e+01	1.419784e+02
3.310000e-06	2.427745e-09	1.245641e-09	1.944570e+01	1.436703e+02
3.320000e-06	2.448007e-09	1.260713e-09	1.960800e+01	1.453619e+02
3.330000e-06	2.468185e-09	1.273565e-09	1.976962e+01	1.470449e+02
3.340000e-06	2.488286e-09	1.283942e-09	1.993063e+01	1.487109e+02
3.350000e-06	2.508306e-09	1.294922e-09	2.009098e+01	1.503525e+02
3.360000e-06	2.528264e-09	1.308460e-09	2.025084e+01	1.519644e+02
3.370000e-06	2.548174e-09	1.323150e-09	2.041032e+01	1.535432e+02
3.380000e-06	2.568038e-09	1.335977e-09	2.056942e+01	1.550885e+02
3.390000e-06	2.587856e-09	1.346811e-09	2.072816e+01	1.566018e+02
3.400000e-06	2.607624e-09	1.357935e-09	2.088650e+01	1.580867e+02
3.410000e-06	2.627333e-09	1.369350e-09	2.104436e+01	1.595479e+02
3.420000e-06	2.646985e-09	1.380095e-09	2.120177e+01	1.609900e+02
3.430000e-06	2.666568e-09	1.389214e-09	2.135863e+01	1.624175e+02
3.440000e-06	2.686069e-09	1.400598e-09	2.151483e+01	1.638333e+02
3.450000e-06	2.705470e-09	1.416227e-09	2.167023e+01	1.652386e+02
3.460000e-06	2.724753e-09	1.428997e-09	2.182468e+01	1.666328e+02
3.470000e-06	2.743924e-09	1.435728e-09	2.197823e+01	1.680135e+02
3.480000e-06	2.762964e-09	1.441380e-09	2.213074e+01	1.693774e+02
3.490000e-06	2.781832e-09	1.450950e-09	2.228187e+01	1.707204e+02
3.500000e-06	2.800542e-09	1.463527e-09	2.243173e+01	1.720387e+02
3.510000e-06	2.819099e-09	1.475103e-09	2.258037e+01	1.733298e+02
3.520000e-06	2.837466e-09	1.484312e-09	2.272748e+01	1.745925e+02
3.530000e-06	2.855656e-09	1.492790e-09	2.287318e+01	1.758278e+02
3.540000e-06	2.873700e-09	1.501397e-09	2.301771e+01	1.770389e+02
3.550000e-06	2.891591e-09	1.508858e-09	2.316101e+01	1.782304e+02
3.560000e-06	2.909323e-09	1.514851e-09	2.330304e+01	1.794086e+02
3.570000e-06	2.926935e-09	1.521090e-09	2.344411e+01	1.805798e+02
3.580000e-06	2.944441e-09	1.531863e-09	2.358433e+01	1.817503e+02
3.590000e-06	2.961827e-09	1.544253e-09	2.372358e+01	1.829250e+02
3.600000e-06	2.979098e-09	1.553219e-09	2.386193e+01	1.841069e+02
3.610000e-06	2.996264e-09	1.560753e-09	2.399942e+01	1.852967e+02
3.620000e-06	3.013342e-09	1.569661e-09	2.413621e+01	1.864928e+02
3.630000e-06	3.030341e-09	1.580525e-09	2.427237e+01	1.876912e+02
3.640000e-06	3.047239e-09	1.589726e-09	2.440772e+01	1.888861e+02
3.650000e-06	3.064023e-09	1.597175e-09	2.454215e+01	1.900708e+02
3.660000e-06	3.080688e-09	1.606187e-09	2.467564e+01	1.912384e+02
3.670000e-06	3.097235e-09	1.618575e-09	2.480818e+01	1.923827e+02
3.680000e-06	3.113650e-09	1.631692e-09	2.493966e+01	1.934989e+02
3.690000e-06	3.129899e-09	1.641808e-09	2.506981e+01	1.945844e+02
3.700000e-06	3.145967e-09	1.649600e-09	2.519851e+01	1.956389e+02
3.710000e-06	3.161869e-09	1.656097e-09	2.532588e+01	1.966644e+02
3.720000e-06	3.177601e-09	1.664051e-09	2.545189e+01	1.976652e+02
3.730000e-06	3.193119e-09	1.673937e-09	2.557618e+01	1.986469e+02
3.740000e-06	3.208388e-09	1.684824e-09	2.569849e+01	1.996164e+02
3.750000e-06	3.223463e-09	1.694641e-09	2.581923e+01	2.005805e+02
3.760000e-06	3.238343e-09	1.703335e-09	2.593842e+01	2.015454e+02
3.770000e-06	3.252982e-09	1.711822e-09	2.605567e+01	2.025163e+02
3.780000e-06	3.267420e-09	1.717697e-09	2.617131e+01	2.034965e+02
3.790000e-06	3.281700e-09	1.722977e-09	2.628569e+01	2.044877e+02
3.800000e-06	3.295846e-09	1.728859e-09	2.639901e+01	2.054895e+02
3.810000e-06	3.309833e-09	1.738499e-09	2.651104e+01	2.064997e+02
3.820000e-06	3.323667e-09	1.753655e-09	2.662185e+01	2.075148e+02
3.830000e-06	3.337385e-09	1.768703e-09	2.673172e+01	2.085305e+02
3.840000e-06	3.350973e-09	1.779496e-09	2.684056e+01	2.095419e+02
3.850000e-06	3.364409e-09	1.786486e-09	2.694818e+01	2.105442e+02
3.860000e-06	3.377676e-09	1.794964e-09	2.705444e+01	2.115331e+02
3.870000e-06	3.390766e-09	1.805264e-09	2.715929e+01	2.125053e+02
3.880000e-06	3.403676e-09	1.814105e-09	2.726269e+01	2.134584e+02
3.890000e-06	3.416401e-09	1.821625e-09	2.736462e+01	2.143913e+02
3.900000e-06	3.428961e-09	1.830358e-09	2.746522e+01	2.153041e+02
3.910000e-06	3.441361e-09	1.841515e-09	2.756454e+01	2.161981e+02
3.920000e-06	3.453603e-09	1.850934e-09	2.766260e+01	2.170756e+02
3.930000e-06	3.465691e-09	1.856958e-09	2.775942e+01	2.179393e+02
3.940000e-06	3.477657e-09	1.863217e-09	2.785526e+01	2.187929e+02
3.950000e-06	3.489506e-09	1.872039e-09	2.795018e+01	2.196397e+02
3.960000e-06	3.501221e-09	1.880786e-09	2.804401e+01	2.204833e+02
3.970000e-06	3.512798e-09	1.886795e-09	2.813673e+01	2.213263e+02
3.980000e-06	3.524225e-09	1.891806e-09	2.822826e+01	2.221709e+02
3.990000e-06	3.535472e-09	1.897960e-09	2.831835e+01	2.230182e+02
4.000000e-06	3.546509e-09	1.905276e-09	2.840676e+01	2.238678e+02
4.010000e-06	3.557331e-09	1.911729e-09	2.849344e+01	2.247183e+02
4.020000e-06	3.567902e-09	1.916775e-09	2.857811e+01	2.255669e+02
4.030000e-06	3.578194e-09	1.922035e-09	2.866054e+01	2.264099e+02
4.040000e-06	3.588206e-09	1.928048e-09	2.874074e+01	2.272427e+02
4.050000e-06	3.597947e-09	1.934880e-09	2.881876e+01	2.280604e+02
4.060000e-06	3.607406e-09	1.941337e-09	2.889452e+01	2.288586e+02
4.070000e-06	3.616568e-09	1.946742e-09	2.896791e+01	2.296336e+02
4.080000e-06	3.625469e-09	1.950810e-09	2.903921e+01	2.303828e+02
4.090000e-06	3.634150e-09	1.954078e-09	2.910874e+01	2.311055e+02
4.100000e-06	3.642615e-09	1.958288e-09	2.917654e+01	2.318030e+02
4.110000e-06	3.650905e-09	1.963713e-09	2.924295e+01	2.324780e+02
4.120000e-06	3.659054e-09	1.968836e-09	2.930821e+01	2.331353e+02
4.130000e-06	3.667083e-09	1.973844e-09	2.937253e+01	2.337805e+02
4.140000e-06	3.675016e-09	1.980571e-09	2.943606e+01	2.344194e+02
4.150000e-06	3.682858e-09	1.987254e-09	2.949888e+01	2.350575e+02
4.160000e-06	3.690621e-09	1.992847e-09	2.956106e+01	2.356988e+02
4.170000e-06	3.698288e-09	1.998033e-09	2.962247e+01	2.363455e+02
4.180000e-06	3.705835e-09	2.000814e-09	2.968292e+01	2.369969e+02
4.190000e-06	3.713271e-09	2.002430e-09	2.974248e+01	2.376496e+02
4.200000e-06	3.720572e-09	2.005170e-09	2.980096e+01	2.382979e+02
4.210000e-06	3.727700e-09	2.008873e-09	2.985806e+01	2.389336e+02
4.220000e-06	3.734637e-09	2.014081e-09	2.991362e+01	2.395477e+02
4.230000e-06	3.741373e-09	2.020484e-09	2.996757e+01	2.401308e+02
4.240000e-06	3.747935e-09	2.028342e-09	3.002013e+01	2.406746e+02
4.250000e-06	3.754320e-09	2.036444e-09	3.007128e+01	2.411731e+02
4.260000e-06	3.760524e-09	2.041171e-09	3.012097e+01	2.416233e+02
4.270000e-06	3.766565e-09	2.041414e-09	3.016936e+01	2.420255e+02
4.280000e-06	3.772468e-09	2.039580e-09	3.021664e+01	2.423839e+02
4.290000e-06	3.778227e-09	2.037726e-09	3.026277e+01	2.427060e+02
4.300000e-06	3.783835e-09	2.037635e-09	3.030769e+01	2.430017e+02
4.310000e-06	3.789293e-09	2.041018e-09	3.035140e+01	2.432824e+02
4.320000e-06	3.794563e-09	2.047884e-09	3.039361e+01	2.435592e+02
4.330000e-06	3.799639e-09	2.056522e-09	3.043427e+01	2.438423e+02
4.340000e-06	3.804544e-09	2.062569e-09	3.047356e+01	2.441395e+02
4.350000e-06	3.809270e-09	2.064611e-09	3.051141e+01	2.444552e+02
4.360000e-06	3.813803e-09	2.064520e-09	3.054772e+01	2.447903e+02
4.370000e-06	3.818160e-09	2.064519e-09	3.058262e+01	2.451427e+02
4.380000e-06	3.822380e-09	2.065554e-09	3.061642e+01	2.455073e+02
4.390000e-06	3.826472e-09	2.067871e-09	3.064920e+01	2.458774e+02
4.400000e-06	3.830449e-09	2.074072e-09	3.068106e+01	2.462457e+02
4.410000e-06	3.834347e-09	2.082462e-09	3.071227e+01	2.466060e+02
4.420000e-06	3.838165e-09	2.088694e-09	3.074285e+01	2.469536e+02
4.430000e-06	3.841904e-09	2.090302e-09	3.077280e+01	2.472865e+02
4.440000e-06	3.845547e-09	2.090881e-09	3.080198e+01	2.476053e+02
4.450000e-06	3.849068e-09	2.094710e-09	3.083019e+01	2.479131e+02
4.460000e-06	3.852442e-09	2.100890e-09	3.085721e+01	2.482146e+02
4.470000e-06	3.855626e-09	2.105411e-09	3.088271e+01	2.485146e+02
4.480000e-06	3.858601e-09	2.107533e-09	3.090654e+01	2.488175e+02
4.490000e-06	3.861338e-09	2.110901e-09	3.092847e+01	2.491249e+02
4.500000e-06	3.863808e-09	2.114622e-09	3.094825e+01	2.494357e+02
4.510000e-06	3.865993e-09	2.116090e-09	3.096575e+01	2.497448e+02
4.520000e-06	3.867892e-09	2.117017e-09	3.098096e+01	2.500437e+02
4.530000e-06	3.869490e-09	2.122075e-09	3.099376e+01	2.503211e+02
4.540000e-06	3.870775e-09	2.128967e-09	3.100405e+01	2.505645e+02
4.550000e-06	3.871784e-09	2.133093e-09	3.101213e+01	2.507620e+02
4.560000e-06	3.872550e-09	2.132971e-09	3.101827e+01	2.509046e+02
4.570000e-06	3.873091e-09	2.129288e-09	3.102260e+01	2.509876e+02
4.580000e-06	3.873434e-09	2.126927e-09	3.102535e+01	2.510127e+02
4.590000e-06	3.873613e-09	2.128732e-09	3.102678e+01	2.509889e+02
4.600000e-06	3.873672e-09	2.134040e-09	3.102726e+01	2.509318e+02
4.610000e-06	3.873640e-09	2.139633e-09	3.102700e+01	2.508632e+02
4.620000e-06	3.873503e-09	2.142888e-09	3.102590e+01	2.508089e+02
4.630000e-06	3.873270e-09	2.144167e-09	3.102404e+01	2.507958e+02
4.640000e-06	3.872946e-09	2.139103e-09	3.102144e+01	2.508492e+02
4.650000e-06	3.872512e-09	2.131455e-09	3.101797e+01	2.509891e+02
4.660000e-06	3.871950e-09	2.143324e-09	3.101346e+01	2.512276e+02
4.670000e-06	3.871251e-09	2.164905e-09	3.100786e+01	2.515668e+02
4.680000e-06	3.870364e-09	2.146399e-09	3.100076e+01	2.519976e+02
4.690000e-06	3.869235e-09	2.112854e-09	3.099171e+01	2.525000e+02
4.700000e-06	3.867891e-09	2.139674e-09	3.098095e+01	2.530447e+02
4.710000e-06	3.866369e-09	2.152661e-09	3.096876e+01	2.535952e+02
4.720000e-06	3.864663e-09	2.115366e-09	3.095509e+01	2.541119e+02
4.730000e-06	3.862778e-09	2.126049e-09	3.094000e+01	2.545559e+02
4.740000e-06	3.860732e-09	2.154378e-09	3.092361e+01	2.548928e+02
4.750000e-06	3.858544e-09	2.158752e-09	3.090609e+01	2.550964e+02
4.760000e-06	3.856223e-09	2.159384e-09	3.088749e+01	2.551515e+02
4.770000e-06	3.853778e-09	2.161297e-09	3.086791e+01	2.550548e+02
4.780000e-06	3.851191e-09	2.166794e-09	3.084719e+01	2.548157e+02
4.790000e-06	3.848426e-09	2.145280e-09	3.082504e+01	2.544545e+02
4.800000e-06	3.845488e-09	2.121081e-09	3.080151e+01	2.540000e+02
4.810000e-06	3.842369e-09	2.118306e-09	3.077652e+01	2.534861e+02
4.820000e-06	3.839041e-09	2.125221e-09	3.074986e+01	2.529483e+02
4.830000e-06	3.835537e-09	2.128403e-09	3.072180e+01	2.524193e+02
4.840000e-06	3.831891e-09	2.119142e-09	3.069260e+01	2.519262e+02
4.850000e-06	3.828097e-09	2.119947e-09	3.066221e+01	2.514877e+02
4.860000e-06	3.824185e-09	2.118734e-09	3.063088e+01	2.511129e+02
4.870000e-06	3.820171e-09	2.113678e-09	3.059873e+01	2.508012e+02
4.880000e-06	3.816071e-09	2.115490e-09	3.056588e+01	2.505437e+02
4.890000e-06	3.811891e-09	2.114496e-09	3.053240e+01	2.503245e+02
4.900000e-06	3.807627e-09	2.101188e-09	3.049825e+01	2.501244e+02
4.910000e-06	3.803274e-09	2.093220e-09	3.046338e+01	2.499233e+02
4.920000e-06	3.798789e-09	2.100320e-09	3.042746e+01	2.497030e+02
4.930000e-06	3.794123e-09	2.093259e-09	3.039008e+01	2.494500e+02
4.940000e-06	3.789241e-09	2.078769e-09	3.035098e+01	2.491566e+02
4.950000e-06	3.784121e-09	2.085207e-09	3.030997e+01	2.488213e+02
4.960000e-06	3.778727e-09	2.098015e-09	3.026676e+01	2.484490e+02
4.970000e-06	3.773035e-09	2.080624e-09	3.022117e+01	2.480491e+02
4.980000e-06	3.767023e-09	2.062975e-09	3.017301e+01	2.476338e+02
4.990000e-06	3.760701e-09	2.077831e-09	3.012238e+01	2.472160e+02
5.000000e-06	3.754087e-09	2.076334e-09	3.006940e+01	2.468070e+02
5.010000e-06	3.747191e-09	2.052914e-09	3.001417e+01	2.464148e+02
5.020000e-06	3.740039e-09	2.058841e-09	2.995688e+01	2.460429e+02
5.030000e-06	3.732649e-09	2.079562e-09	2.989769e+01	2.456899e+02
5.040000e-06	3.725054e-09	2.060700e-09	2.983685e+01	2.453497e+02
5.050000e-06	3.717298e-09	2.042861e-09	2.977473e+01	2.450128e+02
5.060000e-06	3.709418e-09	2.061101e-09	2.971161e+01	2.446675e+02
5.070000e-06	3.701440e-09	2.061022e-09	2.964771e+01	2.443022e+02
5.080000e-06	3.693370e-09	2.043677e-09	2.958307e+01	2.439064e+02
5.090000e-06	3.685205e-09	2.049682e-09	2.951767e+01	2.434729e+02
5.100000e-06	3.676951e-09	2.055509e-09	2.945156e+01	2.429981e+02
5.110000e-06	3.668615e-09	2.037526e-09	2.938479e+01	2.424825e+02
5.120000e-06	3.660167e-09	2.037712e-09	2.931712e+01	2.419303e+02
5.130000e-06	3.651579e-09	2.049236e-09	2.924834e+01	2.413487e+02
5.140000e-06	3.642841e-09	2.033258e-09	2.917835e+01	2.407460e+02
5.150000e-06	3.633923e-09	2.024352e-09	2.910692e+01	2.401308e+02
5.160000e-06	3.624795e-09	2.036430e-09	2.903380e+01	2.395102e+02
5.170000e-06	3.615473e-09	2.032504e-09	2.895913e+01	2.388887e+02
5.180000e-06	3.605958e-09	2.016464e-09	2.888292e+01	2.382678e+02
5.190000e-06	3.596263e-09	2.015395e-09	2.880527e+01	2.376458e+02
5.200000e-06	3.586419e-09	2.012537e-09	2.872642e+01	2.370185e+02
5.210000e-06	3.576457e-09	2.003639e-09	2.864662e+01	2.363798e+02
5.220000e-06	3.566370e-09	2.005394e-09	2.856583e+01	2.357234e+02
5.230000e-06	3.556149e-09	2.000893e-09	2.848396e+01	2.350437e+02
5.240000e-06	3.545804e-09	1.991832e-09	2.840110e+01	2.343373e+02
5.250000e-06	3.535324e-09	1.992109e-09	2.831716e+01	2.336038e+02
5.260000e-06	3.524691e-09	1.987705e-09	2.823199e+01	2.328460e+02
5.270000e-06	3.513871e-09	1.974299e-09	2.814533e+01	2.320696e+02
5.280000e-06	3.502878e-09	1.968230e-09	2.805727e+01	2.312828e+02
5.290000e-06	3.491742e-09	1.964872e-09	2.796808e+01	2.304952e+02
5.300000e-06	3.480425e-09	1.956593e-09	2.787743e+01	2.297159e+02
5.310000e-06	3.468911e-09	1.956477e-09	2.778521e+01	2.289527e+02
5.320000e-06	3.457227e-09	1.954047e-09	2.769162e+01	2.282107e+02
5.330000e-06	3.445380e-09	1.943045e-09	2.759672e+01	2.274916e+02
5.340000e-06	3.433390e-09	1.939289e-09	2.750069e+01	2.267930e+02
5.350000e-06	3.421258e-09	1.934351e-09	2.740351e+01	2.261095e+02
5.360000e-06	3.408964e-09	1.920981e-09	2.730504e+01	2.254324e+02
5.370000e-06	3.396502e-09	1.913652e-09	2.720522e+01	2.247518e+02
5.380000e-06	3.383870e-09	1.910565e-09	2.710404e+01	2.240575e+02
5.390000e-06	3.371063e-09	1.901362e-09	2.700146e+01	2.233409e+02
5.400000e-06	3.358054e-09	1.894532e-09	2.689726e+01	2.225954e+02
5.410000e-06	3.344830e-09	1.892005e-09	2.679134e+01	2.218181e+02
5.420000e-06	3.331368e-09	1.886749e-09	2.668351e+01	2.210098e+02
5.430000e-06	3.317632e-09	1.883624e-09	2.657349e+01	2.201747e+02
5.440000e-06	3.303630e-09	1.877718e-09	2.646134e+01	2.193200e+02
5.450000e-06	3.289359e-09	1.863428e-09	2.634703e+01	2.184546e+02
5.460000e-06	3.274820e-09	1.850797e-09	2.623058e+01	2.175879e+02
5.470000e-06	3.260036e-09	1.841010e-09	2.611216e+01	2.167284e+02
5.480000e-06	3.245019e-09	1.832112e-09	2.599187e+01	2.158825e+02
5.490000e-06	3.229783e-09	1.826137e-09	2.586984e+01	2.150537e+02
5.500000e-06	3.214348e-09	1.822100e-09	2.574621e+01	2.142425e+02
5.510000e-06	3.198726e-09	1.820619e-09	2.562108e+01	2.134458e+02
5.520000e-06	3.182959e-09	1.820356e-09	2.549479e+01	2.126580e+02
5.530000e-06	3.167078e-09	1.815153e-09	2.536759e+01	2.118720e+02
5.540000e-06	3.151104e-09	1.802071e-09	2.523964e+01	2.110798e+02
5.550000e-06	3.135055e-09	1.788634e-09	2.511109e+01	2.102742e+02
5.560000e-06	3.118932e-09	1.778986e-09	2.498195e+01	2.094493e+02
5.570000e-06	3.102743e-09	1.774040e-09	2.485228e+01	2.086017e+02
5.580000e-06	3.086479e-09	1.773468e-09	2.472201e+01	2.077306e+02
5.590000e-06	3.070125e-09	1.770515e-09	2.459101e+01	2.068377e+02
5.600000e-06	3.053686e-09	1.766355e-09	2.445934e+01	2.059268e+02
5.610000e-06	3.037140e-09	1.760379e-09	2.432681e+01	2.050031e+02
5.620000e-06	3.020463e-09	1.747164e-09	2.419323e+01	2.040723e+02
5.630000e-06	3.003644e-09	1.731035e-09	2.405852e+01	2.031397e+02
5.640000e-06	2.986653e-09	1.719056e-09	2.392242e+01	2.022091e+02
5.650000e-06	2.969497e-09	1.715564e-09	2.378500e+01	2.012828e+02
5.660000e-06	2.952204e-09	1.718978e-09	2.364649e+01	2.003611e+02
5.670000e-06	2.934764e-09	1.720834e-09	2.350680e+01	1.994425e+02
5.680000e-06	2.917177e-09	1.715465e-09	2.336593e+01	1.985240e+02
5.690000e-06	2.899469e-09	1.704654e-09	2.322409e+01	1.976018e+02
5.700000e-06	2.881644e-09	1.690318e-09	2.308132e+01	1.966722e+02
5.710000e-06	2.863695e-09	1.673771e-09	2.293756e+01	1.957319e+02
5.720000e-06	2.845633e-09	1.660511e-09	2.279289e+01	1.947787e+02
5.730000e-06	2.827477e-09	1.654888e-09	2.264745e+01	1.938116e+02
5.740000e-06	2.809222e-09	1.656379e-09	2.250124e+01	1.928311e+02
5.750000e-06	2.790880e-09	1.660474e-09	2.235432e+01	1.918382e+02
5.760000e-06	2.772438e-09	1.659563e-09	2.220660e+01	1.908347e+02
5.770000e-06	2.753883e-09	1.651954e-09	2.205799e+01	1.898220e+02
5.780000e-06	2.735208e-09	1.641462e-09	2.190840e+01	1.888008e+02
5.790000e-06	2.716390e-09	1.627104e-09	2.175767e+01	1.877707e+02
5.800000e-06	2.697426e-09	1.611170e-09	2.160577e+01	1.867296e+02
5.810000e-06	2.678330e-09	1.598987e-09	2.145282e+01	1.856743e+02
5.820000e-06	2.659089e-09	1.595117e-09	2.129871e+01	1.846006e+02
5.830000e-06	2.639693e-09	1.598369e-09	2.114334e+01	1.835039e+02
5.840000e-06	2.620172e-09	1.600209e-09	2.098699e+01	1.823801e+02
5.850000e-06	2.600543e-09	1.594912e-09	2.082976e+01	1.812262e+02
5.860000e-06	2.580805e-09	1.582443e-09	2.067167e+01	1.800410e+02
5.870000e-06	2.560979e-09	1.567583e-09	2.051286e+01	1.788256e+02
5.880000e-06	2.541072e-09	1.551708e-09	2.035342e+01	1.775836e+02
5.890000e-06	2.521109e-09	1.536598e-09	2.019352e+01	1.763207e+02
5.900000e-06	2.501098e-09	1.526653e-09	2.003323e+01	1.750441e+02
5.910000e-06	2.481034e-09	1.522079e-09	1.987252e+01	1.737618e+02
5.920000e-06	2.460928e-09	1.519067e-09	1.971148e+01	1.724817e+02
5.930000e-06	2.440783e-09	1.512011e-09	1.955012e+01	1.712104e+02
5.940000e-06	2.420605e-09	1.500494e-09	1.938850e+01	1.699525e+02
5.950000e-06	2.400374e-09	1.486554e-09	1.922645e+01	1.687100e+02
5.960000e-06	2.380092e-09	1.471542e-09	1.906400e+01	1.674825e+02
5.970000e-06	2.359742e-09	1.459116e-09	1.890100e+01	1.662666e+02
5.980000e-06	2.339305e-09	1.452093e-09	1.873730e+01	1.650573e+02
5.990000e-06	2.318774e-09	1.446610e-09	1.857285e+01	1.638483e+02
6.000000e-06	2.298155e-09	1.438204e-09	1.840770e+01	1.626334e+02
6.010000e-06	2.277432e-09	1.426231e-09	1.824171e+01	1.614070e+02
6.020000e-06	2.256560e-09	1.411613e-09	1.807454e+01	1.601656e+02
6.030000e-06	2.235527e-09	1.396512e-09	1.790606e+01	1.589078e+02
6.040000e-06	2.214311e-09	1.382261e-09	1.773613e+01	1.576345e+02
6.050000e-06	2.192930e-09	1.370974e-09	1.756487e+01	1.563491e+02
6.060000e-06	2.171390e-09	1.361914e-09	1.739234e+01	1.550567e+02
6.070000e-06	2.149666e-09	1.353349e-09	1.721834e+01	1.537632e+02
6.080000e-06	2.127774e-09	1.344229e-09	1.704299e+01	1.524743e+02
6.090000e-06	2.105703e-09	1.332676e-09	1.686621e+01	1.511949e+02
6.100000e-06	2.083424e-09	1.320348e-09	1.668775e+01	1.499279e+02
6.110000e-06	2.060968e-09	1.308731e-09	1.650789e+01	1.486743e+02
6.120000e-06	2.038349e-09	1.296679e-09	1.632672e+01	1.474325e+02
6.130000e-06	2.015562e-09	1.284065e-09	1.614419e+01	1.461994e+02
6.140000e-06	1.992646e-09	1.272581e-09	1.596064e+01	1.449701e+02
6.150000e-06	1.969580e-09	1.262902e-09	1.577589e+01	1.437398e+02
6.160000e-06	1.946356e-09	1.253005e-09	1.558987e+01	1.425040e+02
6.170000e-06	1.923015e-09	1.241971e-09	1.540291e+01	1.412597e+02
6.180000e-06	1.899545e-09	1.231661e-09	1.521492e+01	1.400062e+02
6.190000e-06	1.875963e-09	1.223685e-09	1.502603e+01	1.387449e+02
6.200000e-06	1.852300e-09	1.214866e-09	1.483650e+01	1.374796e+02
6.210000e-06	1.828559e-09	1.202536e-09	1.464634e+01	1.362161e+02
6.220000e-06	1.804731e-09	1.187971e-09	1.445548e+01	1.349605e+02
6.230000e-06	1.780830e-09	1.172958e-09	1.426404e+01	1.337191e+02
6.240000e-06	1.756886e-09	1.161840e-09	1.407225e+01	1.324965e+02
6.250000e-06	1.732902e-09	1.153213e-09	1.388015e+01	1.312949e+02
6.260000e-06	1.708880e-09	1.142966e-09	1.368774e+01	1.301136e+02
6.270000e-06	1.684829e-09	1.131041e-09	1.349509e+01	1.289481e+02
6.280000e-06	1.660746e-09	1.118984e-09	1.330220e+01	1.277909e+02
6.290000e-06	1.636629e-09	1.108866e-09	1.310902e+01	1.266319e+02
6.300000e-06	1.612487e-09	1.098862e-09	1.291565e+01	1.254596e+02
6.310000e-06	1.588316e-09	1.087184e-09	1.272205e+01	1.242624e+02
6.320000e-06	1.564102e-09	1.074356e-09	1.252809e+01	1.230302e+02
6.330000e-06	1.539860e-09	1.062426e-09	1.233392e+01	1.217553e+02
6.340000e-06	1.515592e-09	1.051256e-09	1.213954e+01	1.204338e+02
6.350000e-06	1.491283e-09	1.039969e-09	1.194483e+01	1.190661e+02
6.360000e-06	1.466934e-09	1.029813e-09	1.174980e+01	1.176564e+02
6.370000e-06	1.442539e-09	1.019596e-09	1.155440e+01	1.162130e+02
6.380000e-06	1.418093e-09	1.009802e-09	1.135860e+01	1.147462e+02
6.390000e-06	1.393596e-09	9.991422e-10	1.116238e+01	1.132680e+02
6.400000e-06	1.369044e-09	9.867671e-10	1.096573e+01	1.117897e+02
6.410000e-06	1.344444e-09	9.738033e-10	1.076868e+01	1.103210e+02
6.420000e-06	1.319770e-09	9.605111e-10	1.057105e+01	1.088687e+02
6.430000e-06	1.295030e-09	9.483234e-10	1.037289e+01	1.074358e+02
6.440000e-06	1.270262e-09	9.383776e-10	1.017450e+01	1.060217e+02
6.450000e-06	1.245437e-09	9.300943e-10	9.975656e+00	1.046218e+02
6.460000e-06	1.220540e-09	9.207745e-10	9.776243e+00	1.032290e+02
6.470000e-06	1.195551e-09	9.110478e-10	9.576085e+00	1.018346e+02
6.480000e-06	1.170492e-09	9.003250e-10	9.375368e+00	1.004296e+02
6.490000e-06	1.145403e-09	8.886073e-10	9.174413e+00	9.900600e+01
6.500000e-06	1.120256e-09	8.757250e-10	8.972990e+00	9.755836e+01
6.510000e-06	1.095066e-09	8.608278e-10	8.771223e+00	9.608416e+01
6.520000e-06	1.069817e-09	8.467100e-10	8.568986e+00	9.458432e+01
6.530000e-06	1.044493e-09	8.334650e-10	8.366139e+00	9.306303e+01
6.540000e-06	1.019105e-09	8.208809e-10	8.162790e+00	9.152710e+01
6.550000e-06	9.936566e-10	8.101664e-10	7.958955e+00	8.998493e+01
6.560000e-06	9.681854e-10	8.015192e-10	7.754935e+00	8.844539e+01
6.570000e-06	9.426731e-10	7.921880e-10	7.550588e+00	8.691654e+01
6.580000e-06	9.171002e-10	7.806079e-10	7.345755e+00	8.540457e+01
6.590000e-06	8.914966e-10	7.662731e-10	7.140675e+00	8.391300e+01
6.600000e-06	8.658535e-10	7.504954e-10	6.935279e+00	8.244235e+01
6.610000e-06	8.401538e-10	7.368849e-10	6.729430e+00	8.099013e+01
6.620000e-06	8.144226e-10	7.244888e-10	6.523329e+00	7.955135e+01
6.630000e-06	7.886692e-10	7.121585e-10	6.317049e+00	7.811931e+01
6.640000e-06	7.628756e-10	7.002870e-10	6.110448e+00	7.668655e+01
6.650000e-06	7.370397e-10	6.900976e-10	5.903509e+00	7.524594e+01
6.660000e-06	7.111658e-10	6.820220e-10	5.696265e+00	7.379155e+01
6.670000e-06	6.852603e-10	6.728580e-10	5.488767e+00	7.231941e+01
6.680000e-06	6.593412e-10	6.590344e-10	5.281161e+00	7.082780e+01
6.690000e-06	6.334193e-10	6.432506e-10	5.073532e+00	6.931733e+01
6.700000e-06	6.074712e-10	6.298139e-10	4.865693e+00	6.779058e+01
6.710000e-06	5.814809e-10	6.157921e-10	4.657517e+00	6.625154e+01
6.720000e-06	5.554588e-10	5.998739e-10	4.449085e+00	6.470483e+01
6.730000e-06	5.294292e-10	5.843317e-10	4.240594e+00	6.315497e+01
6.740000e-06	5.033986e-10	5.709964e-10	4.032094e+00	6.160567e+01
6.750000e-06	4.773598e-10	5.595473e-10	3.823529e+00	6.005931e+01
6.760000e-06	4.512751e-10	5.471753e-10	3.614596e+00	5.851671e+01
6.770000e-06	4.251666e-10	5.313774e-10	3.405473e+00	5.697718e+01
6.780000e-06	3.990598e-10	5.142313e-10	3.196363e+00	5.543870e+01
6.790000e-06	3.729300e-10	4.990984e-10	2.987069e+00	5.389846e+01
6.800000e-06	3.467920e-10	4.838252e-10	2.777709e+00	5.235332e+01
6.810000e-06	3.206419e-10	4.670404e-10	2.568253e+00	5.080037e+01
6.820000e-06	2.944719e-10	4.508022e-10	2.358637e+00	4.923732e+01
6.830000e-06	2.682904e-10	4.383216e-10	2.148929e+00	4.766279e+01
6.840000e-06	2.421159e-10	4.285662e-10	1.939277e+00	4.607637e+01
6.850000e-06	2.159357e-10	4.161711e-10	1.729579e+00	4.447846e+01
6.860000e-06	1.897406e-10	3.997163e-10	1.519762e+00	4.286999e+01
6.870000e-06	1.635435e-10	3.823567e-10	1.309929e+00	4.125205e+01
6.880000e-06	1.373218e-10	3.670652e-10	1.099899e+00	3.962556e+01
6.890000e-06	1.110813e-10	3.513377e-10	8.897177e-01	3.799094e+01
6.900000e-06	8.485658e-11	3.353472e-10	6.796634e-01	3.634796e+01
6.910000e-06	5.863708e-11	3.216063e-10	4.696509e-01	3.469582e+01
6.920000e-06	3.240786e-11	3.088082e-10	2.595604e-01	3.303332e+01
6.930000e-06	6.189475e-12	2.957088e-10	4.955693e-02	3.135923e+01
6.940000e-06	-2.002216e-11	2.803855e-10	-1.603924e-01	2.967268e+01
6.950000e-06	-4.623947e-11	2.640048e-10	-3.703875e-01	2.797362e+01
6.960000e-06	-7.245374e-11	2.484435e-10	-5.803582e-01	2.626311e+01
6.970000e-06	-9.864931e-11	2.348324e-10	-7.901794e-01	2.454345e+01
6.980000e-06	-1.248350e-10	2.214898e-10	-9.999213e-01	2.281812e+01
6.990000e-06	-1.510336e-10	2.069682e-10	-1.209766e+00	2.109150e+01
7.000000e-06	-1.772155e-10	1.920155e-10	-1.419478e+00	1.936831e+01
7.010000e-06	-2.033747e-10	1.755072e-10	-1.629007e+00	1.765307e+01
7.020000e-06	-2.295346e-10	1.581573e-10	-1.838542e+00	1.594938e+01
7.030000e-06	-2.556812e-10	1.421778e-10	-2.047970e+00	1.425933e+01
7.040000e-06	-2.818304e-10	1.289927e-10	-2.257420e+00	1.258312e+01
7.050000e-06	-3.079912e-10	1.184464e-10	-2.466962e+00	1.091887e+01
7.060000e-06	-3.341378e-10	1.076050e-10	-2.676391e+00	9.262759e+00
7.070000e-06	-3.602783e-10	9.515577e-11	-2.885770e+00	7.609439e+00
7.080000e-06	-3.864054e-10	8.107291e-11	-3.095043e+00	5.952718e+00
7.090000e-06	-4.125088e-10	6.475358e-11	-3.304125e+00	4.286366e+00
7.100000e-06	-4.385969e-10	4.959915e-11	-3.513085e+00	2.604986e+00
7.110000e-06	-4.646443e-10	3.634335e-11	-3.721719e+00	9.047786e-01
7.120000e-06	-4.906658e-10	2.409016e-11	-3.930145e+00	-8.158931e-01
7.130000e-06	-5.166892e-10	1.118352e-11	-4.138587e+00	-2.556237e+00
7.140000e-06	-5.426879e-10	-4.730712e-12	-4.346831e+00	-4.313114e+00
7.150000e-06	-5.686630e-10	-2.093540e-11	-4.554886e+00	-6.081462e+00
7.160000e-06	-5.946188e-10	-3.693710e-11	-4.762787e+00	-7.855008e+00
7.170000e-06	-6.205394e-10	-5.143322e-11	-4.970404e+00	-9.627178e+00
7.180000e-06	-6.464324e-10	-6.436989e-11	-5.177803e+00	-1.139206e+01
7.190000e-06	-6.723086e-10	-7.760345e-11	-5.385065e+00	-1.314529e+01
7.200000e-06	-6.981665e-10	-9.149371e-11	-5.592182e+00	-1.488475e+01
7.210000e-06	-7.239754e-10	-1.078224e-10	-5.798905e+00	-1.661092e+01
7.220000e-06	-7.497347e-10	-1.265167e-10	-6.005232e+00	-1.832690e+01
7.230000e-06	-7.754842e-10	-1.461703e-10	-6.211480e+00	-2.003804e+01
7.240000e-06	-8.012270e-10	-1.616476e-10	-6.417674e+00	-2.175126e+01
7.250000e-06	-8.269328e-10	-1.721520e-10	-6.623571e+00	-2.347415e+01
7.260000e-06	-8.525759e-10	-1.813630e-10	-6.828967e+00	-2.521401e+01
7.270000e-06	-8.781731e-10	-1.926175e-10	-7.033996e+00	-2.697682e+01
7.280000e-06	-9.037217e-10	-2.077344e-10	-7.238634e+00	-2.876657e+01
7.290000e-06	-9.292159e-10	-2.254170e-10	-7.442837e+00	-3.058474e+01
7.300000e-06	-9.546726e-10	-2.468491e-10	-7.646739e+00	-3.243015e+01
7.310000e-06	-9.801070e-10	-2.683406e-10	-7.850463e+00	-3.429925e+01
7.320000e-06	-1.005514e-09	-2.864301e-10	-8.053967e+00	-3.618657e+01
7.330000e-06	-1.030839e-09	-2.990726e-10	-8.256818e+00	-3.808558e+01
7.340000e-06	-1.056090e-09	-3.082294e-10	-8.459072e+00	-3.998947e+01
7.350000e-06	-1.081301e-09	-3.209869e-10	-8.661001e+00	-4.189203e+01
7.360000e-06	-1.106449e-09	-3.380070e-10	-8.862438e+00	-4.378834e+01
7.370000e-06	-1.131533e-09	-3.580326e-10	-9.063349e+00	-4.567521e+01
7.380000e-06	-1.156554e-09	-3.777530e-10	-9.263764e+00	-4.755131e+01
7.390000e-06	-1.181488e-09	-3.964828e-10	-9.463480e+00	-4.941703e+01
7.400000e-06	-1.206354e-09	-4.142130e-10	-9.662647e+00	-5.127406e+01
7.410000e-06	-1.231175e-09	-4.311163e-10	-9.861460e+00	-5.312476e+01
7.420000e-06	-1.255930e-09	-4.487136e-10	-1.005974e+01	-5.497156e+01
7.430000e-06	-1.280621e-09	-4.654444e-10	-1.025752e+01	-5.681628e+01
7.440000e-06	-1.305256e-09	-4.823884e-10	-1.045484e+01	-5.865966e+01
7.450000e-06	-1.329832e-09	-5.002447e-10	-1.065168e+01	-6.050119e+01
7.460000e-06	-1.354355e-09	-5.180241e-10	-1.084811e+01	-6.233909e+01
7.470000e-06	-1.378837e-09	-5.343539e-10	-1.104420e+01	-6.417059e+01
7.480000e-06	-1.403282e-09	-5.494894e-10	-1.124000e+01	-6.599247e+01
7.490000e-06	-1.427678e-09	-5.655655e-10	-1.143541e+01	-6.780163e+01
7.500000e-06	-1.452017e-09	-5.840119e-10	-1.163035e+01	-6.959572e+01
7.510000e-06	-1.476323e-09	-6.039167e-10	-1.182504e+01	-7.137365e+01
7.520000e-06	-1.500610e-09	-6.233662e-10	-1.201958e+01	-7.313593e+01
7.530000e-06	-1.524874e-09	-6.416645e-10	-1.221392e+01	-7.488470e+01
7.540000e-06	-1.549098e-09	-6.579616e-10	-1.240795e+01	-7.662354e+01
7.550000e-06	-1.573283e-09	-6.712548e-10	-1.260167e+01	-7.835702e+01
7.560000e-06	-1.597439e-09	-6.813297e-10	-1.279516e+01	-8.009005e+01
7.570000e-06	-1.621572e-09	-6.906112e-10	-1.298846e+01	-8.182718e+01
7.580000e-06	-1.645678e-09	-7.050648e-10	-1.318154e+01	-8.357192e+01
7.590000e-06	-1.669745e-09	-7.253621e-10	-1.337431e+01	-8.532621e+01
7.600000e-06	-1.693782e-09	-7.464928e-10	-1.356684e+01	-8.709012e+01
7.610000e-06	-1.717778e-09	-7.660372e-10	-1.375905e+01	-8.886181e+01
7.620000e-06	-1.741730e-09	-7.830748e-10	-1.395090e+01	-9.063788e+01
7.630000e-06	-1.765632e-09	-7.987958e-10	-1.414234e+01	-9.241378e+01
7.640000e-06	-1.789471e-09	-8.116394e-10	-1.433329e+01	-9.418462e+01
7.650000e-06	-1.813238e-09	-8.209536e-10	-1.452366e+01	-9.594585e+01
7.660000e-06	-1.836919e-09	-8.303892e-10	-1.471334e+01	-9.769395e+01
7.670000e-06	-1.860537e-09	-8.449192e-10	-1.490251e+01	-9.942700e+01
7.680000e-06	-1.884078e-09	-8.646275e-10	-1.509108e+01	-1.011449e+02
7.690000e-06	-1.907502e-09	-8.834011e-10	-1.527869e+01	-1.028495e+02
7.700000e-06	-1.930820e-09	-8.990745e-10	-1.546547e+01	-1.045439e+02
7.710000e-06	-1.954018e-09	-9.135490e-10	-1.565127e+01	-1.062322e+02
7.720000e-06	-1.977090e-09	-9.288882e-10	-1.583608e+01	-1.079190e+02
7.730000e-06	-2.000035e-09	-9.424820e-10	-1.601987e+01	-1.096079e+02
7.740000e-06	-2.022816e-09	-9.533577e-10	-1.620233e+01	-1.113017e+02
7.750000e-06	-2.045411e-09	-9.644664e-10	-1.638331e+01	-1.130011e+02
7.760000e-06	-2.067810e-09	-9.789167e-10	-1.656273e+01	-1.147053e+02
7.770000e-06	-2.090047e-09	-9.954781e-10	-1.674084e+01	-1.164116e+02
7.780000e-06	-2.112129e-09	-1.010403e-09	-1.691771e+01	-1.181158e+02
7.790000e-06	-2.134019e-09	-1.025047e-09	-1.709304e+01	-1.198133e+02
7.800000e-06	-2.155712e-09	-1.039413e-09	-1.726680e+01	-1.214995e+02
7.810000e-06	-2.177234e-09	-1.054714e-09	-1.743918e+01	-1.231707e+02
7.820000e-06	-2.198592e-09	-1.069365e-09	-1.761025e+01	-1.248248e+02
7.830000e-06	-2.219777e-09	-1.081097e-09	-1.777994e+01	-1.264620e+02
7.840000e-06	-2.240792e-09	-1.093188e-09	-1.794826e+01	-1.280843e+02
7.850000e-06	-2.261658e-09	-1.105169e-09	-1.811540e+01	-1.296962e+02
7.860000e-06	-2.282378e-09	-1.116703e-09	-1.828136e+01	-1.313034e+02
7.870000e-06	-2.302988e-09	-1.128576e-09	-1.844644e+01	-1.329125e+02
7.880000e-06	-2.323521e-09	-1.142849e-09	-1.861091e+01	-1.345296e+02
7.890000e-06	-2.343964e-09	-1.159845e-09	-1.877465e+01	-1.361601e+02
7.900000e-06	-2.364322e-09	-1.175913e-09	-1.893771e+01	-1.378069e+02
7.910000e-06	-2.384611e-09	-1.190389e-09	-1.910022e+01	-1.394709e+02
7.920000e-06	-2.404852e-09	-1.203088e-09	-1.926235e+01	-1.411500e+02
7.930000e-06	-2.425055e-09	-1.216362e-09	-1.942417e+01	-1.428393e+02
7.940000e-06	-2.445216e-09	-1.232650e-09	-1.958566e+01	-1.445322e+02
7.950000e-06	-2.465331e-09	-1.249593e-09	-1.974678e+01	-1.462205e+02
7.960000e-06	-2.485400e-09	-1.264978e-09	-1.990752e+01	-1.478956e+02
7.970000e-06	-2.505427e-09	-1.278903e-09	-2.006794e+01	-1.495496e+02
7.980000e-06	-2.525406e-09	-1.293865e-09	-2.022797e+01	-1.511762e+02
7.990000e-06	-2.545303e-09	-1.309994e-09	-2.038733e+01	-1.527708e+02
8.000000e-06	-2.565104e-09	-1.325671e-09	-2.054593e+01	-1.543318e+02
8.010000e-06	-2.584813e-09	-1.338863e-09	-2.070380e+01	-1.558598e+02
8.020000e-06	-2.604414e-09	-1.349918e-09	-2.086080e+01	-1.573575e+02
8.030000e-06	-2.623892e-09	-1.362726e-09	-2.101682e+01	-1.588291e+02
8.040000e-06	-2.643237e-09	-1.378105e-09	-2.117176e+01	-1.602796e+02
8.050000e-06	-2.662437e-09	-1.394268e-09	-2.132555e+01	-1.617135e+02
8.060000e-06	-2.681488e-09	-1.410364e-09	-2.147814e+01	-1.631345e+02
8.070000e-06	-2.700401e-09	-1.425559e-09	-2.162963e+01	-1.645448e+02
8.080000e-06	-2.719183e-09	-1.438745e-09	-2.178007e+01	-1.659445e+02
8.090000e-06	-2.737843e-09	-1.448529e-09	-2.192954e+01	-1.673322e+02
8.100000e-06	-2.756409e-09	-1.456436e-09	-2.207825e+01	-1.687047e+02
8.110000e-06	-2.774855e-09	-1.467127e-09	-2.222599e+01	-1.700583e+02
8.120000e-06	-2.793168e-09	-1.481811e-09	-2.237267e+01	-1.713888e+02
8.130000e-06	-2.811375e-09	-1.498580e-09	-2.251851e+01	-1.726931e+02
8.140000e-06	-2.829492e-09	-1.514593e-09	-2.266362e+01	-1.739693e+02
8.150000e-06	-2.847513e-09	-1.527255e-09	-2.280796e+01	-1.752174e+02
8.160000e-06	-2.865441e-09	-1.537115e-09	-2.295156e+01	-1.764393e+02
8.170000e-06	-2.883264e-09	-1.545915e-09	-2.309433e+01	-1.776393e+02
8.180000e-06	-2.900954e-09	-1.555168e-09	-2.323601e+01	-1.788228e+02
8.190000e-06	-2.918503e-09	-1.566871e-09	-2.337658e+01	-1.799964e+02
8.200000e-06	-2.935918e-09	-1.581116e-09	-2.351607e+01	-1.811664e+02
8.210000e-06	-2.953180e-09	-1.596879e-09	-2.365433e+01	-1.823385e+02
8.220000e-06	-2.970282e-09	-1.610714e-09	-2.379132e+01	-1.835167e+02
8.230000e-06	-2.987250e-09	-1.620896e-09	-2.392723e+01	-1.847028e+02
8.240000e-06	-3.004086e-09	-1.629589e-09	-2.406208e+01	-1.858964e+02
8.250000e-06	-3.020794e-09	-1.638608e-09	-2.419591e+01	-1.870944e+02
8.260000e-06	-3.037363e-09	-1.647163e-09	-2.432862e+01	-1.882919e+02
8.270000e-06	-3.053826e-09	-1.655775e-09	-2.446049e+01	-1.894825e+02
8.280000e-06	-3.070198e-09	-1.664852e-09	-2.459163e+01	-1.906591e+02
8.290000e-06	-3.086472e-09	-1.675562e-09	-2.472197e+01	-1.918152e+02
8.300000e-06	-3.102674e-09	-1.687783e-09	-2.485175e+01	-1.929452e+02
8.310000e-06	-3.118802e-09	-1.697099e-09	-2.498093e+01	-1.940453e+02
8.320000e-06	-3.134856e-09	-1.703960e-09	-2.510952e+01	-1.951143e+02
8.330000e-06	-3.150847e-09	-1.712126e-09	-2.523760e+01	-1.961530e+02
8.340000e-06	-3.166738e-09	-1.724035e-09	-2.536489e+01	-1.971647e+02
8.350000e-06	-3.182496e-09	-1.735564e-09	-2.549110e+01	-1.981545e+02
8.360000e-06	-3.198109e-09	-1.742392e-09	-2.561616e+01	-1.991288e+02
8.370000e-06	-3.213532e-09	-1.747101e-09	-2.573970e+01	-2.000945e+02
8.380000e-06	-3.228763e-09	-1.753658e-09	-2.586169e+01	-2.010583e+02
8.390000e-06	-3.243774e-09	-1.761576e-09	-2.598193e+01	-2.020259e+02
8.400000e-06	-3.258503e-09	-1.768027e-09	-2.609990e+01	-2.030015e+02
8.410000e-06	-3.272970e-09	-1.773708e-09	-2.621578e+01	-2.039876e+02
8.420000e-06	-3.287180e-09	-1.781627e-09	-2.632960e+01	-2.049846e+02
8.430000e-06	-3.301126e-09	-1.793407e-09	-2.644131e+01	-2.059913e+02
8.440000e-06	-3.314802e-09	-1.806618e-09	-2.655084e+01	-2.070047e+02
8.450000e-06	-3.328215e-09	-1.816733e-09	-2.665828e+01	-2.080208e+02
8.460000e-06	-3.341410e-09	-1.822603e-09	-2.676397e+01	-2.090348e+02
8.470000e-06	-3.354413e-09	-1.826629e-09	-2.686812e+01	-2.100419e+02
8.480000e-06	-3.367243e-09	-1.831224e-09	-2.697089e+01	-2.110375e+02
8.490000e-06	-3.379898e-09	-1.836675e-09	-2.707225e+01	-2.120178e+02
8.500000e-06	-3.392387e-09	-1.841661e-09	-2.717228e+01	-2.129800e+02
8.510000e-06	-3.404729e-09	-1.847729e-09	-2.727114e+01	-2.139224e+02
8.520000e-06	-3.416942e-09	-1.857069e-09	-2.736896e+01	-2.148445e+02
8.530000e-06	-3.429022e-09	-1.867848e-09	-2.746572e+01	-2.157472e+02
8.540000e-06	-3.440966e-09	-1.876064e-09	-2.756139e+01	-2.166322e+02
8.550000e-06	-3.452775e-09	-1.881518e-09	-2.765597e+01	-2.175021e+02
8.560000e-06	-3.464426e-09	-1.887062e-09	-2.774929e+01	-2.183602e+02
8.570000e-06	-3.475906e-09	-1.893726e-09	-2.784125e+01	-2.192100e+02
8.580000e-06	-3.487192e-09	-1.900840e-09	-2.793165e+01	-2.200548e+02
8.590000e-06	-3.498272e-09	-1.908200e-09	-2.802039e+01	-2.208979e+02
8.600000e-06	-3.509177e-09	-1.915997e-09	-2.810774e+01	-2.217416e+02
8.610000e-06	-3.519927e-09	-1.924653e-09	-2.819384e+01	-2.225875e+02
8.620000e-06	-3.530531e-09	-1.934354e-09	-2.827878e+01	-2.234360e+02
8.630000e-06	-3.540975e-09	-1.944017e-09	-2.836244e+01	-2.242863e+02
8.640000e-06	-3.551275e-09	-1.953134e-09	-2.844494e+01	-2.251360e+02
8.650000e-06	-3.561451e-09	-1.962217e-09	-2.852644e+01	-2.259821e+02
8.660000e-06	-3.571521e-09	-1.971436e-09	-2.860710e+01	-2.268201e+02
8.670000e-06	-3.581475e-09	-1.979671e-09	-2.868683e+01	-2.276455e+02
8.680000e-06	-3.591262e-09	-1.985735e-09	-2.876523e+01	-2.284535e+02
8.690000e-06	-3.600884e-09	-1.990123e-09	-2.884229e+01	-2.292400e+02
8.700000e-06	-3.610344e-09	-1.997170e-09	-2.891807e+01	-2.300018e+02
8.710000e-06	-3.619614e-09	-2.007627e-09	-2.899232e+01	-2.307373e+02
8.720000e-06	-3.628690e-09	-2.017027e-09	-2.906501e+01	-2.314467e+02
8.730000e-06	-3.637592e-09	-2.025079e-09	-2.913631e+01	-2.321321e+02
8.740000e-06	-3.646330e-09	-2.032560e-09	-2.920631e+01	-2.327973e+02
8.750000e-06	-3.654914e-09	-2.039876e-09	-2.927507e+01	-2.334475e+02
8.760000e-06	-3.663367e-09	-2.046974e-09	-2.934277e+01	-2.340886e+02
8.770000e-06	-3.671713e-09	-2.052315e-09	-2.940962e+01	-2.347262e+02
8.780000e-06	-3.679968e-09	-2.055093e-09	-2.947574e+01	-2.353653e+02
8.790000e-06	-3.688149e-09	-2.058701e-09	-2.954127e+01	-2.360090e+02
8.800000e-06	-3.696254e-09	-2.066146e-09	-2.960618e+01	-2.366580e+02
8.810000e-06	-3.704260e-09	-2.074593e-09	-2.967031e+01	-2.373103e+02
8.820000e-06	-3.712167e-09	-2.081902e-09	-2.973365e+01	-2.379612e+02
8.830000e-06	-3.719961e-09	-2.088336e-09	-2.979607e+01	-2.386038e+02
8.840000e-06	-3.727603e-09	-2.094598e-09	-2.985728e+01	-2.392292e+02
8.850000e-06	-3.735056e-09	-2.099679e-09	-2.991698e+01	-2.398282e+02
8.860000e-06	-3.742300e-09	-2.102792e-09	-2.997501e+01	-2.403917e+02
8.870000e-06	-3.749300e-09	-2.105142e-09	-3.003108e+01	-2.409126e+02
8.880000e-06	-3.756021e-09	-2.109136e-09	-3.008491e+01	-2.413862e+02
8.890000e-06	-3.762453e-09	-2.115832e-09	-3.013643e+01	-2.418111e+02
8.900000e-06	-3.768605e-09	-2.122293e-09	-3.018570e+01	-2.421899e+02
8.910000e-06	-3.774481e-09	-2.126248e-09	-3.023276e+01	-2.425282e+02
8.920000e-06	-3.780062e-09	-2.126706e-09	-3.027747e+01	-2.428351e+02
8.930000e-06	-3.785371e-09	-2.126910e-09	-3.031999e+01	-2.431212e+02
8.940000e-06	-3.790436e-09	-2.129686e-09	-3.036056e+01	-2.433982e+02
8.950000e-06	-3.795270e-09	-2.132365e-09	-3.039928e+01	-2.436768e+02
8.960000e-06	-3.799901e-09	-2.133954e-09	-3.043637e+01	-2.439660e+02
8.970000e-06	-3.804387e-09	-2.135557e-09	-3.047230e+01	-2.442721e+02
8.980000e-06	-3.808760e-09	-2.137906e-09	-3.050733e+01	-2.445978e+02
8.990000e-06	-3.813034e-09	-2.140804e-09	-3.054156e+01	-2.449423e+02
9.000000e-06	-3.817214e-09	-2.143432e-09	-3.057505e+01	-2.453019e+02
9.010000e-06	-3.821312e-09	-2.145416e-09	-3.060787e+01	-2.456704e+02
9.020000e-06	-3.825323e-09	-2.146572e-09	-3.064000e+01	-2.460408e+02
9.030000e-06	-3.829224e-09	-2.147870e-09	-3.067125e+01	-2.464062e+02
9.040000e-06	-3.832999e-09	-2.150877e-09	-3.070148e+01	-2.467608e+02
9.050000e-06	-3.836622e-09	-2.154376e-09	-3.073050e+01	-2.471013e+02
9.060000e-06	-3.840081e-09	-2.156387e-09	-3.075821e+01	-2.474270e+02
9.070000e-06	-3.843366e-09	-2.157180e-09	-3.078452e+01	-2.477398e+02
9.080000e-06	-3.846452e-09	-2.159169e-09	-3.080923e+01	-2.480437e+02
9.090000e-06	-3.849345e-09	-2.162172e-09	-3.083241e+01	-2.483436e+02
9.100000e-06	-3.852057e-09	-2.163722e-09	-3.085413e+01	-2.486443e+02
9.110000e-06	-3.854603e-09	-2.163935e-09	-3.087452e+01	-2.489489e+02
9.120000e-06	-3.857017e-09	-2.165754e-09	-3.089385e+01	-2.492579e+02
9.130000e-06	-3.859305e-09	-2.168003e-09	-3.091218e+01	-2.495680e+02
9.140000e-06	-3.861476e-09	-2.168842e-09	-3.092957e+01	-2.498725e+02
9.150000e-06	-3.863522e-09	-2.169126e-09	-3.094596e+01	-2.501614e+02
9.160000e-06	-3.865370e-09	-2.170663e-09	-3.096076e+01	-2.504226e+02
9.170000e-06	-3.866974e-09	-2.174044e-09	-3.097361e+01	-2.506437e+02
9.180000e-06	-3.868370e-09	-2.175137e-09	-3.098479e+01	-2.508139e+02
9.190000e-06	-3.869618e-09	-2.172240e-09	-3.099479e+01	-2.509263e+02
9.200000e-06	-3.870721e-09	-2.168942e-09	-3.100362e+01	-2.509792e+02
9.210000e-06	-3.871647e-09	-2.168144e-09	-3.101103e+01	-2.509779e+02
9.220000e-06	-3.872400e-09	-2.168863e-09	-3.101707e+01	-2.509348e+02
9.230000e-06	-3.873008e-09	-2.170905e-09	-3.102194e+01	-2.508688e+02
9.240000e-06	-3.873476e-09	-2.174198e-09	-3.102568e+01	-2.508040e+02
