# Temperatura_=_20.0
# Concentracion g/m^3_=_10770.0
# C_Vs_to_Am_M_A/Vsm_=_116720831517.84952
# pendiente_HvsI_1/m_=_3716.3
# ordenada_HvsI_A/m_=_1297.0
# frecuencia_Hz_=_108287.72253863902
# Promedio de 30 ciclos

Tiempo_(s)	Campo_(V.s)	Magnetizacion_(V.s)	Campo_(kA/m)	Magnetizacion_(A/m)
0.000000e+00	-3.368806e-09	-1.463782e-09	-2.727518e+01	-1.666874e+02
1.000000e-08	-3.369086e-09	-1.468333e-09	-2.727745e+01	-1.664400e+02
2.000000e-08	-3.369281e-09	-1.475566e-09	-2.727903e+01	-1.661254e+02
3.000000e-08	-3.369398e-09	-1.473564e-09	-2.727997e+01	-1.657695e+02
4.000000e-08	-3.369430e-09	-1.448615e-09	-2.728024e+01	-1.654047e+02
5.000000e-08	-3.369329e-09	-1.428689e-09	-2.727942e+01	-1.650671e+02
6.000000e-08	-3.369056e-09	-1.447672e-09	-2.727721e+01	-1.647920e+02
7.000000e-08	-3.368610e-09	-1.425251e-09	-2.727360e+01	-1.646108e+02
8.000000e-08	-3.367945e-09	-1.425308e-09	-2.726821e+01	-1.645466e+02
9.000000e-08	-3.367072e-09	-1.499150e-09	-2.726114e+01	-1.646119e+02
1.000000e-07	-3.366003e-09	-1.464535e-09	-2.725249e+01	-1.648066e+02
1.100000e-07	-3.364754e-09	-1.482826e-09	-2.724238e+01	-1.651182e+02
1.200000e-07	-3.363287e-09	-1.447694e-09	-2.723050e+01	-1.655225e+02
1.300000e-07	-3.361546e-09	-1.361333e-09	-2.721640e+01	-1.659863e+02
1.400000e-07	-3.359532e-09	-1.369455e-09	-2.720010e+01	-1.664706e+02
1.500000e-07	-3.357225e-09	-1.351652e-09	-2.718142e+01	-1.669349e+02
1.600000e-07	-3.354644e-09	-1.445660e-09	-2.716052e+01	-1.673413e+02
1.700000e-07	-3.351826e-09	-1.501334e-09	-2.713771e+01	-1.676578e+02
1.800000e-07	-3.348802e-09	-1.516142e-09	-2.711322e+01	-1.678619e+02
1.900000e-07	-3.345614e-09	-1.536920e-09	-2.708741e+01	-1.679418e+02
2.000000e-07	-3.342276e-09	-1.508701e-09	-2.706039e+01	-1.678973e+02
2.100000e-07	-3.338821e-09	-1.477112e-09	-2.703241e+01	-1.677388e+02
2.200000e-07	-3.335288e-09	-1.403436e-09	-2.700381e+01	-1.674856e+02
2.300000e-07	-3.331669e-09	-1.426367e-09	-2.697451e+01	-1.671627e+02
2.400000e-07	-3.327957e-09	-1.460345e-09	-2.694446e+01	-1.667979e+02
2.500000e-07	-3.324171e-09	-1.496260e-09	-2.691380e+01	-1.664184e+02
2.600000e-07	-3.320315e-09	-1.512721e-09	-2.688258e+01	-1.660476e+02
2.700000e-07	-3.316381e-09	-1.477769e-09	-2.685073e+01	-1.657033e+02
2.800000e-07	-3.312362e-09	-1.471223e-09	-2.681819e+01	-1.653959e+02
2.900000e-07	-3.308227e-09	-1.423533e-09	-2.678472e+01	-1.651285e+02
3.000000e-07	-3.303955e-09	-1.432173e-09	-2.675013e+01	-1.648974e+02
3.100000e-07	-3.299520e-09	-1.442976e-09	-2.671422e+01	-1.646936e+02
3.200000e-07	-3.294896e-09	-1.475506e-09	-2.667678e+01	-1.645052e+02
3.300000e-07	-3.290094e-09	-1.494382e-09	-2.663790e+01	-1.643191e+02
3.400000e-07	-3.285128e-09	-1.479384e-09	-2.659769e+01	-1.641236e+02
3.500000e-07	-3.279991e-09	-1.463098e-09	-2.655611e+01	-1.639098e+02
3.600000e-07	-3.274679e-09	-1.415568e-09	-2.651310e+01	-1.636731e+02
3.700000e-07	-3.269225e-09	-1.418927e-09	-2.646894e+01	-1.634131e+02
3.800000e-07	-3.263631e-09	-1.422545e-09	-2.642365e+01	-1.631336e+02
3.900000e-07	-3.257905e-09	-1.450064e-09	-2.637729e+01	-1.628411e+02
4.000000e-07	-3.252049e-09	-1.469961e-09	-2.632987e+01	-1.625442e+02
4.100000e-07	-3.246060e-09	-1.473967e-09	-2.628139e+01	-1.622510e+02
4.200000e-07	-3.239946e-09	-1.470898e-09	-2.623188e+01	-1.619686e+02
4.300000e-07	-3.233680e-09	-1.435518e-09	-2.618115e+01	-1.617011e+02
4.400000e-07	-3.227267e-09	-1.419912e-09	-2.612923e+01	-1.614494e+02
4.500000e-07	-3.220698e-09	-1.399297e-09	-2.607604e+01	-1.612109e+02
4.600000e-07	-3.213947e-09	-1.414041e-09	-2.602139e+01	-1.609798e+02
4.700000e-07	-3.207021e-09	-1.430172e-09	-2.596532e+01	-1.607482e+02
4.800000e-07	-3.199941e-09	-1.440616e-09	-2.590799e+01	-1.605074e+02
4.900000e-07	-3.192727e-09	-1.441103e-09	-2.584959e+01	-1.602489e+02
5.000000e-07	-3.185378e-09	-1.425730e-09	-2.579008e+01	-1.599659e+02
5.100000e-07	-3.177899e-09	-1.419776e-09	-2.572953e+01	-1.596541e+02
5.200000e-07	-3.170322e-09	-1.394402e-09	-2.566818e+01	-1.593122e+02
5.300000e-07	-3.162660e-09	-1.388192e-09	-2.560615e+01	-1.589419e+02
5.400000e-07	-3.154921e-09	-1.382970e-09	-2.554349e+01	-1.585476e+02
5.500000e-07	-3.147123e-09	-1.391200e-09	-2.548035e+01	-1.581354e+02
5.600000e-07	-3.139262e-09	-1.396707e-09	-2.541671e+01	-1.577123e+02
5.700000e-07	-3.131322e-09	-1.394888e-09	-2.535242e+01	-1.572846e+02
5.800000e-07	-3.123294e-09	-1.392412e-09	-2.528743e+01	-1.568574e+02
5.900000e-07	-3.115143e-09	-1.372633e-09	-2.522143e+01	-1.564338e+02
6.000000e-07	-3.106849e-09	-1.369279e-09	-2.515428e+01	-1.560141e+02
6.100000e-07	-3.098401e-09	-1.356144e-09	-2.508588e+01	-1.555966e+02
6.200000e-07	-3.089749e-09	-1.350204e-09	-2.501583e+01	-1.551772e+02
6.300000e-07	-3.080892e-09	-1.344979e-09	-2.494412e+01	-1.547510e+02
6.400000e-07	-3.071811e-09	-1.342371e-09	-2.487060e+01	-1.543125e+02
6.500000e-07	-3.062453e-09	-1.340047e-09	-2.479483e+01	-1.538570e+02
6.600000e-07	-3.052850e-09	-1.326844e-09	-2.471709e+01	-1.533811e+02
6.700000e-07	-3.043042e-09	-1.324049e-09	-2.463767e+01	-1.528836e+02
6.800000e-07	-3.032968e-09	-1.312792e-09	-2.455611e+01	-1.523652e+02
6.900000e-07	-3.022632e-09	-1.311483e-09	-2.447243e+01	-1.518288e+02
7.000000e-07	-3.012059e-09	-1.303521e-09	-2.438683e+01	-1.512786e+02
7.100000e-07	-3.001254e-09	-1.292265e-09	-2.429934e+01	-1.507197e+02
7.200000e-07	-2.990261e-09	-1.284845e-09	-2.421034e+01	-1.501574e+02
7.300000e-07	-2.979096e-09	-1.276902e-09	-2.411994e+01	-1.495957e+02
7.400000e-07	-2.967779e-09	-1.275532e-09	-2.402832e+01	-1.490374e+02
7.500000e-07	-2.956348e-09	-1.267172e-09	-2.393577e+01	-1.484836e+02
7.600000e-07	-2.944807e-09	-1.267670e-09	-2.384233e+01	-1.479333e+02
7.700000e-07	-2.933142e-09	-1.264378e-09	-2.374788e+01	-1.473839e+02
7.800000e-07	-2.921359e-09	-1.260346e-09	-2.365248e+01	-1.468319e+02
7.900000e-07	-2.909464e-09	-1.253309e-09	-2.355617e+01	-1.462734e+02
8.000000e-07	-2.897463e-09	-1.242616e-09	-2.345901e+01	-1.457048e+02
8.100000e-07	-2.885349e-09	-1.236311e-09	-2.336093e+01	-1.451239e+02
8.200000e-07	-2.873106e-09	-1.228025e-09	-2.326181e+01	-1.445297e+02
8.300000e-07	-2.860736e-09	-1.225555e-09	-2.316166e+01	-1.439235e+02
8.400000e-07	-2.848231e-09	-1.219389e-09	-2.306041e+01	-1.433079e+02
8.500000e-07	-2.835560e-09	-1.216959e-09	-2.295782e+01	-1.426871e+02
8.600000e-07	-2.822705e-09	-1.212515e-09	-2.285374e+01	-1.420657e+02
8.700000e-07	-2.809699e-09	-1.206707e-09	-2.274844e+01	-1.414482e+02
8.800000e-07	-2.796568e-09	-1.200840e-09	-2.264213e+01	-1.408381e+02
8.900000e-07	-2.783299e-09	-1.192469e-09	-2.253470e+01	-1.402374e+02
9.000000e-07	-2.769892e-09	-1.190277e-09	-2.242615e+01	-1.396458e+02
9.100000e-07	-2.756353e-09	-1.186358e-09	-2.231653e+01	-1.390609e+02
9.200000e-07	-2.742699e-09	-1.186051e-09	-2.220598e+01	-1.384783e+02
9.300000e-07	-2.728949e-09	-1.181766e-09	-2.209465e+01	-1.378923e+02
9.400000e-07	-2.715073e-09	-1.177701e-09	-2.198231e+01	-1.372963e+02
9.500000e-07	-2.701060e-09	-1.174676e-09	-2.186886e+01	-1.366841e+02
9.600000e-07	-2.686918e-09	-1.168605e-09	-2.175435e+01	-1.360506e+02
9.700000e-07	-2.672613e-09	-1.162229e-09	-2.163854e+01	-1.353928e+02
9.800000e-07	-2.658141e-09	-1.153087e-09	-2.152137e+01	-1.347099e+02
9.900000e-07	-2.643526e-09	-1.148760e-09	-2.140304e+01	-1.340041e+02
1.000000e-06	-2.628748e-09	-1.140976e-09	-2.128339e+01	-1.332796e+02
1.010000e-06	-2.613788e-09	-1.132533e-09	-2.116226e+01	-1.325429e+02
1.020000e-06	-2.598645e-09	-1.124705e-09	-2.103966e+01	-1.318014e+02
1.030000e-06	-2.583305e-09	-1.118472e-09	-2.091546e+01	-1.310627e+02
1.040000e-06	-2.567781e-09	-1.117216e-09	-2.078977e+01	-1.303336e+02
1.050000e-06	-2.552099e-09	-1.112498e-09	-2.066281e+01	-1.296190e+02
1.060000e-06	-2.536253e-09	-1.105346e-09	-2.053451e+01	-1.289218e+02
1.070000e-06	-2.520240e-09	-1.093231e-09	-2.040486e+01	-1.282420e+02
1.080000e-06	-2.504065e-09	-1.081207e-09	-2.027390e+01	-1.275770e+02
1.090000e-06	-2.487755e-09	-1.072089e-09	-2.014185e+01	-1.269221e+02
1.100000e-06	-2.471334e-09	-1.065849e-09	-2.000890e+01	-1.262711e+02
1.110000e-06	-2.454798e-09	-1.062625e-09	-1.987502e+01	-1.256170e+02
1.120000e-06	-2.438151e-09	-1.060246e-09	-1.974024e+01	-1.249532e+02
1.130000e-06	-2.421396e-09	-1.059693e-09	-1.960459e+01	-1.242741e+02
1.140000e-06	-2.404548e-09	-1.054812e-09	-1.946818e+01	-1.235761e+02
1.150000e-06	-2.387626e-09	-1.044437e-09	-1.933117e+01	-1.228575e+02
1.160000e-06	-2.370620e-09	-1.028228e-09	-1.919348e+01	-1.221190e+02
1.170000e-06	-2.353519e-09	-1.011485e-09	-1.905502e+01	-1.213633e+02
1.180000e-06	-2.336336e-09	-1.000573e-09	-1.891591e+01	-1.205945e+02
1.190000e-06	-2.319102e-09	-9.964133e-10	-1.877637e+01	-1.198176e+02
1.200000e-06	-2.301804e-09	-9.960559e-10	-1.863632e+01	-1.190375e+02
1.210000e-06	-2.284418e-09	-9.947109e-10	-1.849556e+01	-1.182584e+02
1.220000e-06	-2.266944e-09	-9.916436e-10	-1.835408e+01	-1.174834e+02
1.230000e-06	-2.249398e-09	-9.826428e-10	-1.821203e+01	-1.167137e+02
1.240000e-06	-2.231801e-09	-9.688107e-10	-1.806955e+01	-1.159490e+02
1.250000e-06	-2.214125e-09	-9.510459e-10	-1.792644e+01	-1.151872e+02
1.260000e-06	-2.196349e-09	-9.349527e-10	-1.778252e+01	-1.144253e+02
1.270000e-06	-2.178483e-09	-9.249347e-10	-1.763786e+01	-1.136596e+02
1.280000e-06	-2.160517e-09	-9.197757e-10	-1.749240e+01	-1.128866e+02
1.290000e-06	-2.142436e-09	-9.180961e-10	-1.734601e+01	-1.121033e+02
1.300000e-06	-2.124224e-09	-9.136489e-10	-1.719856e+01	-1.113082e+02
1.310000e-06	-2.105888e-09	-9.056566e-10	-1.705011e+01	-1.105009e+02
1.320000e-06	-2.087429e-09	-8.949018e-10	-1.690066e+01	-1.096828e+02
1.330000e-06	-2.068835e-09	-8.815542e-10	-1.675011e+01	-1.088565e+02
1.340000e-06	-2.050094e-09	-8.664930e-10	-1.659838e+01	-1.080255e+02
1.350000e-06	-2.031209e-09	-8.530518e-10	-1.644548e+01	-1.071935e+02
1.360000e-06	-2.012197e-09	-8.435406e-10	-1.629155e+01	-1.063642e+02
1.370000e-06	-1.993076e-09	-8.401817e-10	-1.613674e+01	-1.055402e+02
1.380000e-06	-1.973891e-09	-8.419746e-10	-1.598141e+01	-1.047228e+02
1.390000e-06	-1.954635e-09	-8.430751e-10	-1.582551e+01	-1.039118e+02
1.400000e-06	-1.935291e-09	-8.398041e-10	-1.566889e+01	-1.031049e+02
1.410000e-06	-1.915864e-09	-8.289720e-10	-1.551160e+01	-1.022987e+02
1.420000e-06	-1.896377e-09	-8.135502e-10	-1.535383e+01	-1.014884e+02
1.430000e-06	-1.876842e-09	-7.957623e-10	-1.519567e+01	-1.006686e+02
1.440000e-06	-1.857251e-09	-7.807132e-10	-1.503705e+01	-9.983421e+01
1.450000e-06	-1.837611e-09	-7.742685e-10	-1.487803e+01	-9.898065e+01
1.460000e-06	-1.817943e-09	-7.756095e-10	-1.471880e+01	-9.810481e+01
1.470000e-06	-1.798259e-09	-7.806739e-10	-1.455943e+01	-9.720534e+01
1.480000e-06	-1.778554e-09	-7.812979e-10	-1.439988e+01	-9.628296e+01
1.490000e-06	-1.758826e-09	-7.729272e-10	-1.424016e+01	-9.534043e+01
1.500000e-06	-1.739073e-09	-7.558981e-10	-1.408023e+01	-9.438237e+01
1.510000e-06	-1.719293e-09	-7.382253e-10	-1.392008e+01	-9.341485e+01
1.520000e-06	-1.699481e-09	-7.240976e-10	-1.375968e+01	-9.244475e+01
1.530000e-06	-1.679628e-09	-7.153739e-10	-1.359894e+01	-9.147914e+01
1.540000e-06	-1.659734e-09	-7.129469e-10	-1.343787e+01	-9.052455e+01
1.550000e-06	-1.639801e-09	-7.141421e-10	-1.327648e+01	-8.958636e+01
1.560000e-06	-1.619816e-09	-7.151284e-10	-1.311468e+01	-8.866823e+01
1.570000e-06	-1.599779e-09	-7.096489e-10	-1.295246e+01	-8.777180e+01
1.580000e-06	-1.579704e-09	-6.974507e-10	-1.278992e+01	-8.689648e+01
1.590000e-06	-1.559575e-09	-6.818183e-10	-1.262694e+01	-8.603954e+01
1.600000e-06	-1.539368e-09	-6.701845e-10	-1.246334e+01	-8.519640e+01
1.610000e-06	-1.519094e-09	-6.651484e-10	-1.229919e+01	-8.436100e+01
1.620000e-06	-1.498748e-09	-6.647290e-10	-1.213446e+01	-8.352645e+01
1.630000e-06	-1.478331e-09	-6.667860e-10	-1.196916e+01	-8.268564e+01
1.640000e-06	-1.457846e-09	-6.658588e-10	-1.180330e+01	-8.183191e+01
1.650000e-06	-1.437266e-09	-6.613045e-10	-1.163668e+01	-8.095970e+01
1.660000e-06	-1.416599e-09	-6.519132e-10	-1.146935e+01	-8.006503e+01
1.670000e-06	-1.395864e-09	-6.417666e-10	-1.130148e+01	-7.914594e+01
1.680000e-06	-1.375041e-09	-6.326112e-10	-1.113288e+01	-7.820264e+01
1.690000e-06	-1.354122e-09	-6.223707e-10	-1.096352e+01	-7.723750e+01
1.700000e-06	-1.333134e-09	-6.111069e-10	-1.079359e+01	-7.625486e+01
1.710000e-06	-1.312074e-09	-6.018784e-10	-1.062308e+01	-7.526062e+01
1.720000e-06	-1.290935e-09	-5.956307e-10	-1.045193e+01	-7.426164e+01
1.730000e-06	-1.269726e-09	-5.864907e-10	-1.028021e+01	-7.326515e+01
1.740000e-06	-1.248445e-09	-5.762881e-10	-1.010791e+01	-7.227797e+01
1.750000e-06	-1.227103e-09	-5.670125e-10	-9.935123e+00	-7.130586e+01
1.760000e-06	-1.205719e-09	-5.613033e-10	-9.761986e+00	-7.035292e+01
1.770000e-06	-1.184288e-09	-5.564563e-10	-9.588472e+00	-6.942114e+01
1.780000e-06	-1.162805e-09	-5.469334e-10	-9.414534e+00	-6.851016e+01
1.790000e-06	-1.141277e-09	-5.347091e-10	-9.240237e+00	-6.761726e+01
1.800000e-06	-1.119707e-09	-5.236738e-10	-9.065601e+00	-6.673760e+01
1.810000e-06	-1.098082e-09	-5.172866e-10	-8.890518e+00	-6.586468e+01
1.820000e-06	-1.076424e-09	-5.122080e-10	-8.715166e+00	-6.499095e+01
1.830000e-06	-1.054744e-09	-5.052601e-10	-8.539630e+00	-6.410857e+01
1.840000e-06	-1.033021e-09	-4.961637e-10	-8.363752e+00	-6.321020e+01
1.850000e-06	-1.011262e-09	-4.866033e-10	-8.187583e+00	-6.228970e+01
1.860000e-06	-9.894775e-10	-4.782327e-10	-8.011210e+00	-6.134276e+01
1.870000e-06	-9.676516e-10	-4.675195e-10	-7.834499e+00	-6.036727e+01
1.880000e-06	-9.457734e-10	-4.565350e-10	-7.657365e+00	-5.936347e+01
1.890000e-06	-9.238756e-10	-4.480471e-10	-7.480071e+00	-5.833384e+01
1.900000e-06	-9.019449e-10	-4.414573e-10	-7.302512e+00	-5.728270e+01
1.910000e-06	-8.799679e-10	-4.339887e-10	-7.124577e+00	-5.621566e+01
1.920000e-06	-8.579598e-10	-4.235341e-10	-6.946391e+00	-5.513892e+01
1.930000e-06	-8.359202e-10	-4.104737e-10	-6.767950e+00	-5.405846e+01
1.940000e-06	-8.138561e-10	-3.966275e-10	-6.589311e+00	-5.297938e+01
1.950000e-06	-7.917549e-10	-3.858826e-10	-6.410371e+00	-5.190529e+01
1.960000e-06	-7.696024e-10	-3.758793e-10	-6.231015e+00	-5.083799e+01
1.970000e-06	-7.474156e-10	-3.636811e-10	-6.051382e+00	-4.977731e+01
1.980000e-06	-7.252092e-10	-3.498397e-10	-5.871591e+00	-4.872128e+01
1.990000e-06	-7.029669e-10	-3.381106e-10	-5.691508e+00	-4.766653e+01
2.000000e-06	-6.806690e-10	-3.307213e-10	-5.510975e+00	-4.660884e+01
2.010000e-06	-6.583433e-10	-3.240175e-10	-5.330218e+00	-4.554380e+01
2.020000e-06	-6.359873e-10	-3.162222e-10	-5.149215e+00	-4.446752e+01
2.030000e-06	-6.135834e-10	-3.072013e-10	-4.967825e+00	-4.337718e+01
2.040000e-06	-5.911494e-10	-2.978115e-10	-4.786190e+00	-4.227148e+01
2.050000e-06	-5.687055e-10	-2.877587e-10	-4.604476e+00	-4.115085e+01
2.060000e-06	-5.462548e-10	-2.748317e-10	-4.422707e+00	-4.001734e+01
2.070000e-06	-5.237597e-10	-2.606594e-10	-4.240578e+00	-3.887441e+01
2.080000e-06	-5.012266e-10	-2.497217e-10	-4.058140e+00	-3.772638e+01
2.090000e-06	-4.786708e-10	-2.427957e-10	-3.875520e+00	-3.657788e+01
2.100000e-06	-4.561045e-10	-2.371220e-10	-3.692814e+00	-3.543316e+01
2.110000e-06	-4.335311e-10	-2.289254e-10	-3.510051e+00	-3.429555e+01
2.120000e-06	-4.109291e-10	-2.173267e-10	-3.327056e+00	-3.316701e+01
2.130000e-06	-3.883039e-10	-2.057036e-10	-3.143873e+00	-3.204792e+01
2.140000e-06	-3.656637e-10	-1.961651e-10	-2.960570e+00	-3.093705e+01
2.150000e-06	-3.429971e-10	-1.886537e-10	-2.777052e+00	-2.983182e+01
2.160000e-06	-3.203069e-10	-1.821777e-10	-2.593343e+00	-2.872878e+01
2.170000e-06	-2.975978e-10	-1.765965e-10	-2.409481e+00	-2.762412e+01
2.180000e-06	-2.748519e-10	-1.714244e-10	-2.225322e+00	-2.651433e+01
2.190000e-06	-2.520795e-10	-1.652525e-10	-2.040947e+00	-2.539675e+01
2.200000e-06	-2.293254e-10	-1.573333e-10	-1.856721e+00	-2.427003e+01
2.210000e-06	-2.065666e-10	-1.466793e-10	-1.672457e+00	-2.313438e+01
2.220000e-06	-1.837900e-10	-1.363785e-10	-1.488049e+00	-2.199161e+01
2.230000e-06	-1.610170e-10	-1.286520e-10	-1.303669e+00	-2.084488e+01
2.240000e-06	-1.382160e-10	-1.225736e-10	-1.119063e+00	-1.969833e+01
2.250000e-06	-1.154045e-10	-1.163840e-10	-9.343724e-01	-1.855651e+01
2.260000e-06	-9.261345e-11	-1.078039e-10	-7.498468e-01	-1.742376e+01
2.270000e-06	-6.981421e-11	-9.770379e-11	-5.652552e-01	-1.630367e+01
2.280000e-06	-4.699977e-11	-8.792524e-11	-3.805404e-01	-1.519853e+01
2.290000e-06	-2.418655e-11	-8.038893e-11	-1.958357e-01	-1.410910e+01
2.300000e-06	-1.363573e-12	-7.411813e-11	-1.105172e-02	-1.303449e+01
2.310000e-06	2.147907e-11	-6.845812e-11	1.738915e-01	-1.197229e+01
2.320000e-06	4.429186e-11	-6.394429e-11	3.585927e-01	-1.091893e+01
2.330000e-06	6.707695e-11	-5.769565e-11	5.430698e-01	-9.870136e+00
2.340000e-06	8.987500e-11	-4.729212e-11	7.276520e-01	-8.821515e+00
2.350000e-06	1.126749e-10	-3.437508e-11	9.122487e-01	-7.769074e+00
2.360000e-06	1.354639e-10	-2.274320e-11	1.096758e+00	-6.709698e+00
2.370000e-06	1.582423e-10	-1.368209e-11	1.281180e+00	-5.641470e+00
2.380000e-06	1.810238e-10	-6.069729e-12	1.465628e+00	-4.563798e+00
2.390000e-06	2.037981e-10	-7.855209e-14	1.650018e+00	-3.477344e+00
2.400000e-06	2.265453e-10	5.004138e-12	1.834188e+00	-2.383784e+00
2.410000e-06	2.492664e-10	1.092260e-11	2.018147e+00	-1.285415e+00
2.420000e-06	2.719826e-10	1.982614e-11	2.202066e+00	-1.847003e-01
2.430000e-06	2.946968e-10	3.209467e-11	2.385969e+00	9.161993e-01
2.440000e-06	3.173881e-10	4.520262e-11	2.569687e+00	2.015822e+00
2.450000e-06	3.400483e-10	5.713698e-11	2.753153e+00	3.113689e+00
2.460000e-06	3.626901e-10	6.777172e-11	2.936470e+00	4.210426e+00
2.470000e-06	3.853125e-10	7.692173e-11	3.119629e+00	5.307722e+00
2.480000e-06	4.079007e-10	8.512153e-11	3.302512e+00	6.408131e+00
2.490000e-06	4.304775e-10	9.348041e-11	3.485303e+00	7.514753e+00
2.500000e-06	4.530391e-10	1.029651e-10	3.667971e+00	8.630845e+00
2.510000e-06	4.755477e-10	1.140195e-10	3.850209e+00	9.759425e+00
2.520000e-06	4.980396e-10	1.243452e-10	4.032313e+00	1.090291e+01
2.530000e-06	5.205307e-10	1.340257e-10	4.214410e+00	1.206288e+01
2.540000e-06	5.430052e-10	1.438657e-10	4.396372e+00	1.323987e+01
2.550000e-06	5.654368e-10	1.555229e-10	4.577988e+00	1.443343e+01
2.560000e-06	5.877936e-10	1.692841e-10	4.758997e+00	1.564218e+01
2.570000e-06	6.101097e-10	1.828209e-10	4.939677e+00	1.686402e+01
2.580000e-06	6.324071e-10	1.943366e-10	5.120206e+00	1.809641e+01
2.590000e-06	6.546992e-10	2.030793e-10	5.300692e+00	1.933658e+01
2.600000e-06	6.769765e-10	2.112214e-10	5.481057e+00	2.058187e+01
2.610000e-06	6.992034e-10	2.200186e-10	5.661014e+00	2.182984e+01
2.620000e-06	7.213932e-10	2.310960e-10	5.840672e+00	2.307847e+01
2.630000e-06	7.435521e-10	2.444659e-10	6.020080e+00	2.432617e+01
2.640000e-06	7.656770e-10	2.600705e-10	6.199212e+00	2.557181e+01
2.650000e-06	7.877747e-10	2.754888e-10	6.378123e+00	2.681468e+01
2.660000e-06	8.098407e-10	2.860189e-10	6.556778e+00	2.805441e+01
2.670000e-06	8.318715e-10	2.939703e-10	6.735148e+00	2.929094e+01
2.680000e-06	8.538807e-10	3.012405e-10	6.913344e+00	3.052447e+01
2.690000e-06	8.758717e-10	3.091055e-10	7.091392e+00	3.175547e+01
2.700000e-06	8.978152e-10	3.187979e-10	7.269055e+00	3.298469e+01
2.710000e-06	9.196940e-10	3.296932e-10	7.446195e+00	3.421315e+01
2.720000e-06	9.415394e-10	3.406974e-10	7.623064e+00	3.544222e+01
2.730000e-06	9.633811e-10	3.508871e-10	7.799903e+00	3.667353e+01
2.740000e-06	9.851877e-10	3.613654e-10	7.976457e+00	3.790889e+01
2.750000e-06	1.006939e-09	3.721052e-10	8.152567e+00	3.915021e+01
2.760000e-06	1.028657e-09	3.829125e-10	8.328400e+00	4.039925e+01
2.770000e-06	1.050344e-09	3.923604e-10	8.503992e+00	4.165738e+01
2.780000e-06	1.071997e-09	4.005977e-10	8.679298e+00	4.292540e+01
2.790000e-06	1.093610e-09	4.096359e-10	8.854290e+00	4.420323e+01
2.800000e-06	1.115178e-09	4.206707e-10	9.028911e+00	4.548987e+01
2.810000e-06	1.136695e-09	4.314074e-10	9.203119e+00	4.678326e+01
2.820000e-06	1.158166e-09	4.383006e-10	9.376955e+00	4.808043e+01
2.830000e-06	1.179582e-09	4.434658e-10	9.550347e+00	4.937763e+01
2.840000e-06	1.200955e-09	4.496201e-10	9.723396e+00	5.067075e+01
2.850000e-06	1.222283e-09	4.591571e-10	9.896073e+00	5.195560e+01
2.860000e-06	1.243540e-09	4.710921e-10	1.006818e+01	5.322844e+01
2.870000e-06	1.264739e-09	4.812414e-10	1.023981e+01	5.448629e+01
2.880000e-06	1.285883e-09	4.893666e-10	1.041101e+01	5.572732e+01
2.890000e-06	1.306965e-09	4.965450e-10	1.058169e+01	5.695095e+01
2.900000e-06	1.327977e-09	5.031430e-10	1.075182e+01	5.815793e+01
2.910000e-06	1.348906e-09	5.086323e-10	1.092126e+01	5.935012e+01
2.920000e-06	1.369751e-09	5.129281e-10	1.109003e+01	6.053023e+01
2.930000e-06	1.390514e-09	5.219325e-10	1.125814e+01	6.170135e+01
2.940000e-06	1.411205e-09	5.360822e-10	1.142566e+01	6.286652e+01
2.950000e-06	1.431821e-09	5.485893e-10	1.159257e+01	6.402820e+01
2.960000e-06	1.452346e-09	5.573595e-10	1.175875e+01	6.518796e+01
2.970000e-06	1.472782e-09	5.633465e-10	1.192422e+01	6.634625e+01
2.980000e-06	1.493147e-09	5.694387e-10	1.208910e+01	6.750232e+01
2.990000e-06	1.513437e-09	5.748784e-10	1.225337e+01	6.865440e+01
3.000000e-06	1.533650e-09	5.789306e-10	1.241703e+01	6.980004e+01
3.010000e-06	1.553809e-09	5.839287e-10	1.258024e+01	7.093653e+01
3.020000e-06	1.573894e-09	5.943268e-10	1.274285e+01	7.206143e+01
3.030000e-06	1.593924e-09	6.104061e-10	1.290503e+01	7.317306e+01
3.040000e-06	1.613923e-09	6.246131e-10	1.306695e+01	7.427088e+01
3.050000e-06	1.633877e-09	6.337596e-10	1.322850e+01	7.535570e+01
3.060000e-06	1.653788e-09	6.398749e-10	1.338971e+01	7.642975e+01
3.070000e-06	1.673658e-09	6.466778e-10	1.355059e+01	7.749641e+01
3.080000e-06	1.693491e-09	6.546701e-10	1.371116e+01	7.855986e+01
3.090000e-06	1.713290e-09	6.611395e-10	1.387147e+01	7.962456e+01
3.100000e-06	1.733074e-09	6.654718e-10	1.403164e+01	8.069461e+01
3.110000e-06	1.752835e-09	6.716048e-10	1.419163e+01	8.177322e+01
3.120000e-06	1.772561e-09	6.825841e-10	1.435134e+01	8.286224e+01
3.130000e-06	1.792263e-09	6.965887e-10	1.451086e+01	8.396185e+01
3.140000e-06	1.811940e-09	7.108603e-10	1.467017e+01	8.507055e+01
3.150000e-06	1.831580e-09	7.231108e-10	1.482919e+01	8.618531e+01
3.160000e-06	1.851181e-09	7.348770e-10	1.498788e+01	8.730199e+01
3.170000e-06	1.870742e-09	7.469042e-10	1.514625e+01	8.841590e+01
3.180000e-06	1.890258e-09	7.557982e-10	1.530427e+01	8.952245e+01
3.190000e-06	1.909712e-09	7.603383e-10	1.546177e+01	9.061774e+01
3.200000e-06	1.929106e-09	7.647006e-10	1.561879e+01	9.169910e+01
3.210000e-06	1.948436e-09	7.739209e-10	1.577530e+01	9.276546e+01
3.220000e-06	1.967674e-09	7.878989e-10	1.593106e+01	9.381742e+01
3.230000e-06	1.986802e-09	8.044834e-10	1.608592e+01	9.485714e+01
3.240000e-06	2.005837e-09	8.208055e-10	1.624004e+01	9.588797e+01
3.250000e-06	2.024752e-09	8.333580e-10	1.639318e+01	9.691395e+01
3.260000e-06	2.043522e-09	8.420849e-10	1.654515e+01	9.793920e+01
3.270000e-06	2.062168e-09	8.463702e-10	1.669612e+01	9.896732e+01
3.280000e-06	2.080694e-09	8.484543e-10	1.684611e+01	1.000009e+02
3.290000e-06	2.099083e-09	8.532445e-10	1.699500e+01	1.010410e+02
3.300000e-06	2.117352e-09	8.642576e-10	1.714290e+01	1.020874e+02
3.310000e-06	2.135529e-09	8.802814e-10	1.729008e+01	1.031383e+02
3.320000e-06	2.153589e-09	8.963687e-10	1.743629e+01	1.041908e+02
3.330000e-06	2.171480e-09	9.092623e-10	1.758115e+01	1.052414e+02
3.340000e-06	2.189244e-09	9.160881e-10	1.772497e+01	1.062862e+02
3.350000e-06	2.206941e-09	9.181961e-10	1.786826e+01	1.073217e+02
3.360000e-06	2.224543e-09	9.194512e-10	1.801077e+01	1.083453e+02
3.370000e-06	2.242037e-09	9.247283e-10	1.815241e+01	1.093551e+02
3.380000e-06	2.259438e-09	9.352929e-10	1.829329e+01	1.103504e+02
3.390000e-06	2.276772e-09	9.469478e-10	1.843363e+01	1.113314e+02
3.400000e-06	2.294039e-09	9.564842e-10	1.857344e+01	1.122990e+02
3.410000e-06	2.311210e-09	9.643040e-10	1.871246e+01	1.132542e+02
3.420000e-06	2.328305e-09	9.736462e-10	1.885086e+01	1.141982e+02
3.430000e-06	2.345330e-09	9.828190e-10	1.898871e+01	1.151316e+02
3.440000e-06	2.362283e-09	9.869456e-10	1.912596e+01	1.160543e+02
3.450000e-06	2.379177e-09	9.869660e-10	1.926275e+01	1.169659e+02
3.460000e-06	2.396006e-09	9.895367e-10	1.939900e+01	1.178650e+02
3.470000e-06	2.412733e-09	9.974786e-10	1.953443e+01	1.187505e+02
3.480000e-06	2.429350e-09	1.006691e-09	1.966896e+01	1.196211e+02
3.490000e-06	2.445885e-09	1.012755e-09	1.980284e+01	1.204764e+02
3.500000e-06	2.462317e-09	1.016535e-09	1.993588e+01	1.213169e+02
3.510000e-06	2.478640e-09	1.023238e-09	2.006804e+01	1.221443e+02
3.520000e-06	2.494863e-09	1.032630e-09	2.019939e+01	1.229616e+02
3.530000e-06	2.510936e-09	1.039608e-09	2.032952e+01	1.237729e+02
3.540000e-06	2.526842e-09	1.043367e-09	2.045830e+01	1.245827e+02
3.550000e-06	2.542604e-09	1.048662e-09	2.058591e+01	1.253957e+02
3.560000e-06	2.558223e-09	1.057162e-09	2.071238e+01	1.262158e+02
3.570000e-06	2.573631e-09	1.066138e-09	2.083712e+01	1.270455e+02
3.580000e-06	2.588828e-09	1.072220e-09	2.096017e+01	1.278852e+02
3.590000e-06	2.603887e-09	1.075130e-09	2.108208e+01	1.287331e+02
3.600000e-06	2.618758e-09	1.079475e-09	2.120249e+01	1.295853e+02
3.610000e-06	2.633432e-09	1.086861e-09	2.132130e+01	1.304356e+02
3.620000e-06	2.647933e-09	1.093861e-09	2.143870e+01	1.312764e+02
3.630000e-06	2.662292e-09	1.098103e-09	2.155495e+01	1.320998e+02
3.640000e-06	2.676513e-09	1.101466e-09	2.167010e+01	1.328982e+02
3.650000e-06	2.690593e-09	1.105814e-09	2.178409e+01	1.336654e+02
3.660000e-06	2.704567e-09	1.111947e-09	2.189724e+01	1.343975e+02
3.670000e-06	2.718436e-09	1.118651e-09	2.200952e+01	1.350937e+02
3.680000e-06	2.732187e-09	1.123421e-09	2.212086e+01	1.357560e+02
3.690000e-06	2.745828e-09	1.127458e-09	2.223130e+01	1.363894e+02
3.700000e-06	2.759366e-09	1.133601e-09	2.234091e+01	1.370012e+02
3.710000e-06	2.772783e-09	1.140442e-09	2.244954e+01	1.376001e+02
3.720000e-06	2.786065e-09	1.144045e-09	2.255708e+01	1.381949e+02
3.730000e-06	2.799188e-09	1.144284e-09	2.266332e+01	1.387939e+02
3.740000e-06	2.812156e-09	1.144206e-09	2.276832e+01	1.394032e+02
3.750000e-06	2.824994e-09	1.146924e-09	2.287226e+01	1.400262e+02
3.760000e-06	2.837702e-09	1.153508e-09	2.297515e+01	1.406635e+02
3.770000e-06	2.850259e-09	1.162512e-09	2.307682e+01	1.413123e+02
3.780000e-06	2.862664e-09	1.171585e-09	2.317725e+01	1.419677e+02
3.790000e-06	2.874938e-09	1.179250e-09	2.327663e+01	1.426226e+02
3.800000e-06	2.887086e-09	1.185841e-09	2.337498e+01	1.432698e+02
3.810000e-06	2.899134e-09	1.190450e-09	2.347252e+01	1.439023e+02
3.820000e-06	2.911088e-09	1.191992e-09	2.356931e+01	1.445149e+02
3.830000e-06	2.922942e-09	1.193019e-09	2.366528e+01	1.451048e+02
3.840000e-06	2.934698e-09	1.197639e-09	2.376047e+01	1.456722e+02
3.850000e-06	2.946340e-09	1.207879e-09	2.385472e+01	1.462203e+02
3.860000e-06	2.957851e-09	1.219227e-09	2.394793e+01	1.467548e+02
3.870000e-06	2.969241e-09	1.227578e-09	2.404014e+01	1.472829e+02
3.880000e-06	2.980499e-09	1.234329e-09	2.413128e+01	1.478128e+02
3.890000e-06	2.991601e-09	1.241127e-09	2.422118e+01	1.483519e+02
3.900000e-06	3.002513e-09	1.245583e-09	2.430952e+01	1.489059e+02
3.910000e-06	3.013205e-09	1.247642e-09	2.439609e+01	1.494780e+02
3.920000e-06	3.023677e-09	1.250549e-09	2.448087e+01	1.500682e+02
3.930000e-06	3.033920e-09	1.256633e-09	2.456381e+01	1.506735e+02
3.940000e-06	3.043917e-09	1.266287e-09	2.464475e+01	1.512879e+02
3.950000e-06	3.053679e-09	1.274995e-09	2.472378e+01	1.519033e+02
3.960000e-06	3.063196e-09	1.280660e-09	2.480084e+01	1.525110e+02
3.970000e-06	3.072454e-09	1.286808e-09	2.487579e+01	1.531023e+02
3.980000e-06	3.081461e-09	1.296003e-09	2.494872e+01	1.536696e+02
3.990000e-06	3.090229e-09	1.303377e-09	2.501971e+01	1.542081e+02
4.000000e-06	3.098809e-09	1.306101e-09	2.508918e+01	1.547154e+02
4.010000e-06	3.107232e-09	1.308235e-09	2.515737e+01	1.551924e+02
4.020000e-06	3.115502e-09	1.312418e-09	2.522432e+01	1.556427e+02
4.030000e-06	3.123644e-09	1.318123e-09	2.529025e+01	1.560720e+02
4.040000e-06	3.131674e-09	1.322748e-09	2.535526e+01	1.564870e+02
4.050000e-06	3.139608e-09	1.326498e-09	2.541950e+01	1.568947e+02
4.060000e-06	3.147473e-09	1.331237e-09	2.548318e+01	1.573009e+02
4.070000e-06	3.155257e-09	1.335975e-09	2.554620e+01	1.577100e+02
4.080000e-06	3.162958e-09	1.340032e-09	2.560855e+01	1.581236e+02
4.090000e-06	3.170586e-09	1.343740e-09	2.567031e+01	1.585413e+02
4.100000e-06	3.178142e-09	1.346893e-09	2.573149e+01	1.589601e+02
4.110000e-06	3.185594e-09	1.349073e-09	2.579182e+01	1.593756e+02
4.120000e-06	3.192923e-09	1.349590e-09	2.585116e+01	1.597826e+02
4.130000e-06	3.200125e-09	1.349527e-09	2.590947e+01	1.601760e+02
4.140000e-06	3.207190e-09	1.351306e-09	2.596667e+01	1.605516e+02
4.150000e-06	3.214095e-09	1.355087e-09	2.602258e+01	1.609069e+02
4.160000e-06	3.220821e-09	1.358993e-09	2.607703e+01	1.612413e+02
4.170000e-06	3.227382e-09	1.362412e-09	2.613015e+01	1.615562e+02
4.180000e-06	3.233786e-09	1.364368e-09	2.618200e+01	1.618547e+02
4.190000e-06	3.240052e-09	1.363165e-09	2.623274e+01	1.621408e+02
4.200000e-06	3.246187e-09	1.360239e-09	2.628241e+01	1.624188e+02
4.210000e-06	3.252176e-09	1.358598e-09	2.633090e+01	1.626925e+02
4.220000e-06	3.258018e-09	1.359119e-09	2.637819e+01	1.629642e+02
4.230000e-06	3.263725e-09	1.360634e-09	2.642440e+01	1.632349e+02
4.240000e-06	3.269310e-09	1.362775e-09	2.646962e+01	1.635033e+02
4.250000e-06	3.274770e-09	1.365855e-09	2.651382e+01	1.637669e+02
4.260000e-06	3.280083e-09	1.369376e-09	2.655684e+01	1.640218e+02
4.270000e-06	3.285237e-09	1.371564e-09	2.659857e+01	1.642641e+02
4.280000e-06	3.290216e-09	1.371170e-09	2.663888e+01	1.644900e+02
4.290000e-06	3.295029e-09	1.371017e-09	2.667785e+01	1.646971e+02
4.300000e-06	3.299687e-09	1.374867e-09	2.671557e+01	1.648848e+02
4.310000e-06	3.304168e-09	1.379817e-09	2.675185e+01	1.650543e+02
4.320000e-06	3.308482e-09	1.382051e-09	2.678677e+01	1.652086e+02
4.330000e-06	3.312658e-09	1.381969e-09	2.682059e+01	1.653521e+02
4.340000e-06	3.316721e-09	1.383154e-09	2.685348e+01	1.654895e+02
4.350000e-06	3.320696e-09	1.386401e-09	2.688566e+01	1.656249e+02
4.360000e-06	3.324602e-09	1.388554e-09	2.691729e+01	1.657613e+02
4.370000e-06	3.328434e-09	1.389749e-09	2.694832e+01	1.658992e+02
4.380000e-06	3.332194e-09	1.392032e-09	2.697876e+01	1.660366e+02
4.390000e-06	3.335894e-09	1.394815e-09	2.700871e+01	1.661692e+02
4.400000e-06	3.339532e-09	1.396069e-09	2.703816e+01	1.662904e+02
4.410000e-06	3.343081e-09	1.395987e-09	2.706690e+01	1.663929e+02
4.420000e-06	3.346514e-09	1.392300e-09	2.709469e+01	1.664696e+02
4.430000e-06	3.349820e-09	1.387738e-09	2.712146e+01	1.665150e+02
4.440000e-06	3.352966e-09	1.389308e-09	2.714693e+01	1.665268e+02
4.450000e-06	3.355928e-09	1.393944e-09	2.717091e+01	1.665063e+02
4.460000e-06	3.358703e-09	1.397717e-09	2.719338e+01	1.664594e+02
4.470000e-06	3.361268e-09	1.400438e-09	2.721415e+01	1.663961e+02
4.480000e-06	3.363577e-09	1.402562e-09	2.723284e+01	1.663295e+02
4.490000e-06	3.365611e-09	1.403644e-09	2.724931e+01	1.662741e+02
4.500000e-06	3.367396e-09	1.401182e-09	2.726376e+01	1.662443e+02
4.510000e-06	3.368912e-09	1.397866e-09	2.727604e+01	1.662520e+02
4.520000e-06	3.370150e-09	1.397267e-09	2.728606e+01	1.663044e+02
4.530000e-06	3.371141e-09	1.401770e-09	2.729408e+01	1.664028e+02
4.540000e-06	3.371908e-09	1.408359e-09	2.730029e+01	1.665413e+02
4.550000e-06	3.372492e-09	1.412126e-09	2.730502e+01	1.667071e+02
4.560000e-06	3.372902e-09	1.414702e-09	2.730834e+01	1.668817e+02
4.570000e-06	3.373133e-09	1.416196e-09	2.731022e+01	1.670423e+02
4.580000e-06	3.373216e-09	1.417173e-09	2.731089e+01	1.671649e+02
4.590000e-06	3.373186e-09	1.416190e-09	2.731064e+01	1.672271e+02
4.600000e-06	3.373069e-09	1.413102e-09	2.730969e+01	1.672114e+02
4.610000e-06	3.372870e-09	1.412037e-09	2.730808e+01	1.671076e+02
4.620000e-06	3.372606e-09	1.415029e-09	2.730595e+01	1.669151e+02
4.630000e-06	3.372281e-09	1.418679e-09	2.730332e+01	1.666437e+02
4.640000e-06	3.371876e-09	1.425665e-09	2.730004e+01	1.663129e+02
4.650000e-06	3.371366e-09	1.442577e-09	2.729591e+01	1.659511e+02
4.660000e-06	3.370720e-09	1.448094e-09	2.729068e+01	1.655921e+02
4.670000e-06	3.369929e-09	1.466583e-09	2.728428e+01	1.652721e+02
4.680000e-06	3.368981e-09	1.437404e-09	2.727660e+01	1.650255e+02
4.690000e-06	3.367826e-09	1.354089e-09	2.726725e+01	1.648811e+02
4.700000e-06	3.366443e-09	1.322700e-09	2.725605e+01	1.648587e+02
4.710000e-06	3.364879e-09	1.325188e-09	2.724339e+01	1.649669e+02
4.720000e-06	3.363147e-09	1.387719e-09	2.722936e+01	1.652014e+02
4.730000e-06	3.361248e-09	1.439752e-09	2.721400e+01	1.655456e+02
4.740000e-06	3.359229e-09	1.493400e-09	2.719764e+01	1.659722e+02
4.750000e-06	3.357111e-09	1.539700e-09	2.718050e+01	1.664457e+02
4.760000e-06	3.354890e-09	1.486683e-09	2.716251e+01	1.669264e+02
4.770000e-06	3.352551e-09	1.426716e-09	2.714358e+01	1.673742e+02
4.780000e-06	3.350089e-09	1.390564e-09	2.712364e+01	1.677528e+02
4.790000e-06	3.347510e-09	1.374363e-09	2.710276e+01	1.680333e+02
4.800000e-06	3.344807e-09	1.381145e-09	2.708088e+01	1.681965e+02
4.810000e-06	3.341948e-09	1.392614e-09	2.705773e+01	1.682345e+02
4.820000e-06	3.338913e-09	1.440445e-09	2.703316e+01	1.681507e+02
4.830000e-06	3.335718e-09	1.493590e-09	2.700729e+01	1.679586e+02
4.840000e-06	3.332384e-09	1.462002e-09	2.698030e+01	1.676797e+02
4.850000e-06	3.328892e-09	1.397641e-09	2.695202e+01	1.673403e+02
4.860000e-06	3.325236e-09	1.362267e-09	2.692242e+01	1.669681e+02
4.870000e-06	3.321431e-09	1.382310e-09	2.689162e+01	1.665895e+02
4.880000e-06	3.317496e-09	1.395360e-09	2.685976e+01	1.662260e+02
4.890000e-06	3.313470e-09	1.401193e-09	2.682716e+01	1.658932e+02
4.900000e-06	3.309365e-09	1.428433e-09	2.679393e+01	1.655989e+02
4.910000e-06	3.305171e-09	1.431890e-09	2.675997e+01	1.653440e+02
4.920000e-06	3.300899e-09	1.406288e-09	2.672538e+01	1.651228e+02
4.930000e-06	3.296563e-09	1.357587e-09	2.669027e+01	1.649252e+02
4.940000e-06	3.292154e-09	1.355446e-09	2.665458e+01	1.647386e+02
4.950000e-06	3.287657e-09	1.370865e-09	2.661817e+01	1.645502e+02
4.960000e-06	3.283036e-09	1.385798e-09	2.658076e+01	1.643492e+02
4.970000e-06	3.278265e-09	1.398557e-09	2.654213e+01	1.641279e+02
4.980000e-06	3.273344e-09	1.391463e-09	2.650228e+01	1.638830e+02
4.990000e-06	3.268238e-09	1.382366e-09	2.646095e+01	1.636158e+02
5.000000e-06	3.262916e-09	1.360865e-09	2.641785e+01	1.633309e+02
5.010000e-06	3.257339e-09	1.353621e-09	2.637270e+01	1.630357e+02
5.020000e-06	3.251480e-09	1.345865e-09	2.632527e+01	1.627388e+02
5.030000e-06	3.245376e-09	1.352693e-09	2.627584e+01	1.624482e+02
5.040000e-06	3.239022e-09	1.372819e-09	2.622440e+01	1.621700e+02
5.050000e-06	3.232414e-09	1.376014e-09	2.617090e+01	1.619074e+02
5.060000e-06	3.225541e-09	1.369857e-09	2.611525e+01	1.616600e+02
5.070000e-06	3.218411e-09	1.352279e-09	2.605753e+01	1.614242e+02
5.080000e-06	3.211066e-09	1.338533e-09	2.599806e+01	1.611935e+02
5.090000e-06	3.203520e-09	1.330113e-09	2.593696e+01	1.609595e+02
5.100000e-06	3.195811e-09	1.342863e-09	2.587455e+01	1.607134e+02
5.110000e-06	3.187982e-09	1.353782e-09	2.581117e+01	1.604472e+02
5.120000e-06	3.180040e-09	1.349230e-09	2.574686e+01	1.601549e+02
5.130000e-06	3.171988e-09	1.350867e-09	2.568167e+01	1.598330e+02
5.140000e-06	3.163850e-09	1.353809e-09	2.561578e+01	1.594813e+02
5.150000e-06	3.155633e-09	1.343126e-09	2.554925e+01	1.591025e+02
5.160000e-06	3.147331e-09	1.326052e-09	2.548203e+01	1.587015e+02
5.170000e-06	3.138959e-09	1.333975e-09	2.541425e+01	1.582849e+02
5.180000e-06	3.130517e-09	1.342808e-09	2.534590e+01	1.578595e+02
5.190000e-06	3.121986e-09	1.346140e-09	2.527683e+01	1.574313e+02
5.200000e-06	3.113337e-09	1.347894e-09	2.520680e+01	1.570049e+02
5.210000e-06	3.104556e-09	1.339709e-09	2.513572e+01	1.565825e+02
5.220000e-06	3.095650e-09	1.328845e-09	2.506361e+01	1.561636e+02
5.230000e-06	3.086568e-09	1.324189e-09	2.499008e+01	1.557457e+02
5.240000e-06	3.077318e-09	1.329264e-09	2.491518e+01	1.553245e+02
5.250000e-06	3.067934e-09	1.322392e-09	2.483920e+01	1.548946e+02
5.260000e-06	3.058401e-09	1.324989e-09	2.476202e+01	1.544508e+02
5.270000e-06	3.048731e-09	1.332855e-09	2.468373e+01	1.539887e+02
5.280000e-06	3.038927e-09	1.328393e-09	2.460435e+01	1.535056e+02
5.290000e-06	3.028990e-09	1.324863e-09	2.452390e+01	1.530009e+02
5.300000e-06	3.018939e-09	1.320282e-09	2.444252e+01	1.524760e+02
5.310000e-06	3.008783e-09	1.319606e-09	2.436030e+01	1.519344e+02
5.320000e-06	2.998509e-09	1.319118e-09	2.427711e+01	1.513806e+02
5.330000e-06	2.988105e-09	1.320944e-09	2.419288e+01	1.508198e+02
5.340000e-06	2.977586e-09	1.313877e-09	2.410771e+01	1.502569e+02
5.350000e-06	2.966932e-09	1.303414e-09	2.402146e+01	1.496958e+02
5.360000e-06	2.956132e-09	1.299101e-09	2.393402e+01	1.491386e+02
5.370000e-06	2.945189e-09	1.288887e-09	2.384542e+01	1.485856e+02
5.380000e-06	2.934099e-09	1.282737e-09	2.375562e+01	1.480355e+02
5.390000e-06	2.922868e-09	1.281617e-09	2.366469e+01	1.474852e+02
5.400000e-06	2.911474e-09	1.281203e-09	2.357244e+01	1.469310e+02
5.410000e-06	2.899917e-09	1.280310e-09	2.347888e+01	1.463690e+02
5.420000e-06	2.888224e-09	1.280609e-09	2.338420e+01	1.457962e+02
5.430000e-06	2.876394e-09	1.275373e-09	2.328842e+01	1.452105e+02
5.440000e-06	2.864445e-09	1.265221e-09	2.319168e+01	1.446119e+02
5.450000e-06	2.852389e-09	1.256926e-09	2.309407e+01	1.440019e+02
5.460000e-06	2.840227e-09	1.245982e-09	2.299560e+01	1.433839e+02
5.470000e-06	2.827952e-09	1.239655e-09	2.289622e+01	1.427620e+02
5.480000e-06	2.815562e-09	1.237576e-09	2.279590e+01	1.421412e+02
5.490000e-06	2.803050e-09	1.234318e-09	2.269460e+01	1.415255e+02
5.500000e-06	2.790397e-09	1.229385e-09	2.259216e+01	1.409180e+02
5.510000e-06	2.777609e-09	1.225797e-09	2.248862e+01	1.403200e+02
5.520000e-06	2.764676e-09	1.217750e-09	2.238391e+01	1.397306e+02
5.530000e-06	2.751543e-09	1.205404e-09	2.227758e+01	1.391467e+02
5.540000e-06	2.738181e-09	1.197695e-09	2.216939e+01	1.385633e+02
5.550000e-06	2.724601e-09	1.189530e-09	2.205945e+01	1.379744e+02
5.560000e-06	2.710801e-09	1.183207e-09	2.194772e+01	1.373733e+02
5.570000e-06	2.696774e-09	1.178085e-09	2.183415e+01	1.367543e+02
5.580000e-06	2.682516e-09	1.174350e-09	2.171872e+01	1.361127e+02
5.590000e-06	2.668036e-09	1.172098e-09	2.160148e+01	1.354464e+02
5.600000e-06	2.653356e-09	1.167766e-09	2.148262e+01	1.347554e+02
5.610000e-06	2.638448e-09	1.161894e-09	2.136192e+01	1.340426e+02
5.620000e-06	2.623316e-09	1.152735e-09	2.123941e+01	1.333132e+02
5.630000e-06	2.608008e-09	1.144784e-09	2.111547e+01	1.325738e+02
5.640000e-06	2.592558e-09	1.137201e-09	2.099038e+01	1.318322e+02
5.650000e-06	2.576980e-09	1.131262e-09	2.086426e+01	1.310957e+02
5.660000e-06	2.561266e-09	1.127396e-09	2.073703e+01	1.303706e+02
5.670000e-06	2.545427e-09	1.123194e-09	2.060879e+01	1.296613e+02
5.680000e-06	2.529482e-09	1.121067e-09	2.047969e+01	1.289696e+02
5.690000e-06	2.513456e-09	1.117865e-09	2.034994e+01	1.282947e+02
5.700000e-06	2.497375e-09	1.111507e-09	2.021974e+01	1.276333e+02
5.710000e-06	2.481244e-09	1.102313e-09	2.008914e+01	1.269802e+02
5.720000e-06	2.465062e-09	1.094062e-09	1.995812e+01	1.263286e+02
5.730000e-06	2.448830e-09	1.089665e-09	1.982670e+01	1.256718e+02
5.740000e-06	2.432546e-09	1.086268e-09	1.969486e+01	1.250034e+02
5.750000e-06	2.416204e-09	1.081403e-09	1.956255e+01	1.243183e+02
5.760000e-06	2.399796e-09	1.077852e-09	1.942970e+01	1.236135e+02
5.770000e-06	2.383310e-09	1.075937e-09	1.929622e+01	1.228881e+02
5.780000e-06	2.366750e-09	1.072611e-09	1.916214e+01	1.221435e+02
5.790000e-06	2.350115e-09	1.065915e-09	1.902746e+01	1.213829e+02
5.800000e-06	2.333363e-09	1.056354e-09	1.889183e+01	1.206108e+02
5.810000e-06	2.316492e-09	1.050819e-09	1.875524e+01	1.198321e+02
5.820000e-06	2.299519e-09	1.049376e-09	1.861782e+01	1.190517e+02
5.830000e-06	2.282445e-09	1.048148e-09	1.847958e+01	1.182735e+02
5.840000e-06	2.265248e-09	1.044533e-09	1.834035e+01	1.174999e+02
5.850000e-06	2.247919e-09	1.039626e-09	1.820004e+01	1.167316e+02
5.860000e-06	2.230460e-09	1.036856e-09	1.805869e+01	1.159677e+02
5.870000e-06	2.212868e-09	1.031768e-09	1.791626e+01	1.152058e+02
5.880000e-06	2.195161e-09	1.025129e-09	1.777290e+01	1.144427e+02
5.890000e-06	2.177361e-09	1.018030e-09	1.762878e+01	1.136745e+02
5.900000e-06	2.159475e-09	1.011779e-09	1.748397e+01	1.128979e+02
5.910000e-06	2.141511e-09	1.007161e-09	1.733853e+01	1.121104e+02
5.920000e-06	2.123466e-09	1.001334e-09	1.719242e+01	1.113108e+02
5.930000e-06	2.105341e-09	9.969765e-10	1.704567e+01	1.104994e+02
5.940000e-06	2.087173e-09	9.928084e-10	1.689858e+01	1.096778e+02
5.950000e-06	2.068949e-09	9.889658e-10	1.675103e+01	1.088491e+02
5.960000e-06	2.050651e-09	9.856847e-10	1.660289e+01	1.080170e+02
5.970000e-06	2.032277e-09	9.825795e-10	1.645412e+01	1.071852e+02
5.980000e-06	2.013810e-09	9.794994e-10	1.630460e+01	1.063571e+02
5.990000e-06	1.995270e-09	9.729329e-10	1.615449e+01	1.055348e+02
6.000000e-06	1.976650e-09	9.636495e-10	1.600374e+01	1.047193e+02
6.010000e-06	1.957931e-09	9.527932e-10	1.585218e+01	1.039097e+02
6.020000e-06	1.939119e-09	9.422115e-10	1.569988e+01	1.031032e+02
6.030000e-06	1.920222e-09	9.339760e-10	1.554688e+01	1.022959e+02
6.040000e-06	1.901232e-09	9.279740e-10	1.539313e+01	1.014829e+02
6.050000e-06	1.882136e-09	9.243988e-10	1.523852e+01	1.006587e+02
6.060000e-06	1.862930e-09	9.228741e-10	1.508303e+01	9.981820e+01
6.070000e-06	1.843617e-09	9.192870e-10	1.492665e+01	9.895737e+01
6.080000e-06	1.824212e-09	9.099017e-10	1.476954e+01	9.807359e+01
6.090000e-06	1.804719e-09	8.955615e-10	1.461173e+01	9.716617e+01
6.100000e-06	1.785141e-09	8.816538e-10	1.445321e+01	9.623648e+01
6.110000e-06	1.765468e-09	8.723926e-10	1.429393e+01	9.528795e+01
6.120000e-06	1.745702e-09	8.656687e-10	1.413390e+01	9.432573e+01
6.130000e-06	1.725872e-09	8.603333e-10	1.397335e+01	9.335620e+01
6.140000e-06	1.705982e-09	8.567236e-10	1.381231e+01	9.238641e+01
6.150000e-06	1.686040e-09	8.518743e-10	1.365085e+01	9.142333e+01
6.160000e-06	1.666052e-09	8.428663e-10	1.348902e+01	9.047319e+01
6.170000e-06	1.646011e-09	8.290387e-10	1.332676e+01	8.954086e+01
6.180000e-06	1.625923e-09	8.137627e-10	1.316412e+01	8.862937e+01
6.190000e-06	1.605802e-09	8.003239e-10	1.300122e+01	8.773964e+01
6.200000e-06	1.585652e-09	7.899413e-10	1.283807e+01	8.687037e+01
6.210000e-06	1.565476e-09	7.832630e-10	1.267471e+01	8.601818e+01
6.220000e-06	1.545280e-09	7.795265e-10	1.251120e+01	8.517795e+01
6.230000e-06	1.525068e-09	7.763353e-10	1.234755e+01	8.434329e+01
6.240000e-06	1.504840e-09	7.710853e-10	1.218378e+01	8.350715e+01
6.250000e-06	1.484593e-09	7.634101e-10	1.201985e+01	8.266250e+01
6.260000e-06	1.464326e-09	7.525126e-10	1.185576e+01	8.180297e+01
6.270000e-06	1.444034e-09	7.399562e-10	1.169147e+01	8.092347e+01
6.280000e-06	1.423712e-09	7.288636e-10	1.152694e+01	8.002066e+01
6.290000e-06	1.403361e-09	7.203226e-10	1.136217e+01	7.909327e+01
6.300000e-06	1.382981e-09	7.127986e-10	1.119716e+01	7.814222e+01
6.310000e-06	1.362578e-09	7.057061e-10	1.103197e+01	7.717058e+01
6.320000e-06	1.342127e-09	6.985871e-10	1.086639e+01	7.618322e+01
6.330000e-06	1.321634e-09	6.904331e-10	1.070047e+01	7.518643e+01
6.340000e-06	1.301109e-09	6.799236e-10	1.053429e+01	7.418727e+01
6.350000e-06	1.280531e-09	6.692460e-10	1.036768e+01	7.319287e+01
6.360000e-06	1.259883e-09	6.616594e-10	1.020051e+01	7.220980e+01
6.370000e-06	1.239161e-09	6.557564e-10	1.003274e+01	7.124330e+01
6.380000e-06	1.218372e-09	6.497133e-10	9.864424e+00	7.029683e+01
6.390000e-06	1.197516e-09	6.428440e-10	9.695566e+00	6.937162e+01
6.400000e-06	1.176585e-09	6.377244e-10	9.526101e+00	6.846652e+01
6.410000e-06	1.155568e-09	6.327587e-10	9.355936e+00	6.757811e+01
6.420000e-06	1.134462e-09	6.254715e-10	9.185051e+00	6.670096e+01
6.430000e-06	1.113287e-09	6.155741e-10	9.013612e+00	6.582816e+01
6.440000e-06	1.092061e-09	6.045624e-10	8.841759e+00	6.495202e+01
6.450000e-06	1.070731e-09	5.962449e-10	8.669065e+00	6.406478e+01
6.460000e-06	1.049298e-09	5.897879e-10	8.495537e+00	6.315945e+01
6.470000e-06	1.027811e-09	5.848546e-10	8.321564e+00	6.223045e+01
6.480000e-06	1.006241e-09	5.792647e-10	8.146927e+00	6.127416e+01
6.490000e-06	9.845723e-10	5.712260e-10	7.971489e+00	6.028922e+01
6.500000e-06	9.628076e-10	5.627473e-10	7.795274e+00	5.927662e+01
6.510000e-06	9.409353e-10	5.554505e-10	7.618188e+00	5.823947e+01
6.520000e-06	9.189939e-10	5.506541e-10	7.440542e+00	5.718256e+01
6.530000e-06	8.970124e-10	5.457756e-10	7.262571e+00	5.611176e+01
6.540000e-06	8.749501e-10	5.369563e-10	7.083946e+00	5.503321e+01
6.550000e-06	8.527868e-10	5.253960e-10	6.904504e+00	5.395269e+01
6.560000e-06	8.305317e-10	5.156089e-10	6.724318e+00	5.287482e+01
6.570000e-06	8.081898e-10	5.089157e-10	6.543431e+00	5.180266e+01
6.580000e-06	7.857544e-10	5.037565e-10	6.361785e+00	5.073735e+01
6.590000e-06	7.632557e-10	4.983281e-10	6.179628e+00	4.967812e+01
6.600000e-06	7.407296e-10	4.918392e-10	5.997248e+00	4.862251e+01
6.610000e-06	7.181491e-10	4.845700e-10	5.814428e+00	4.756682e+01
6.620000e-06	6.954851e-10	4.752948e-10	5.630931e+00	4.650672e+01
6.630000e-06	6.727564e-10	4.634886e-10	5.446911e+00	4.543793e+01
6.640000e-06	6.499951e-10	4.521317e-10	5.262628e+00	4.435688e+01
6.650000e-06	6.271654e-10	4.431847e-10	5.077789e+00	4.326121e+01
6.660000e-06	6.042598e-10	4.361517e-10	4.892337e+00	4.215020e+01
6.670000e-06	5.813241e-10	4.291966e-10	4.706641e+00	4.102481e+01
6.680000e-06	5.583679e-10	4.205094e-10	4.520779e+00	3.988760e+01
6.690000e-06	5.353703e-10	4.101692e-10	4.334582e+00	3.874234e+01
6.700000e-06	5.123260e-10	3.977907e-10	4.148006e+00	3.759353e+01
6.710000e-06	4.892643e-10	3.836357e-10	3.961289e+00	3.644569e+01
6.720000e-06	4.661658e-10	3.699132e-10	3.774275e+00	3.530285e+01
6.730000e-06	4.430148e-10	3.598180e-10	3.586836e+00	3.416789e+01
6.740000e-06	4.198526e-10	3.544398e-10	3.399304e+00	3.304227e+01
6.750000e-06	3.966746e-10	3.496860e-10	3.211646e+00	3.192583e+01
6.760000e-06	3.734624e-10	3.406101e-10	3.023711e+00	3.081685e+01
6.770000e-06	3.502146e-10	3.279597e-10	2.835489e+00	2.971245e+01
6.780000e-06	3.269511e-10	3.139507e-10	2.647139e+00	2.860897e+01
6.790000e-06	3.036733e-10	2.987184e-10	2.458672e+00	2.750264e+01
6.800000e-06	2.803626e-10	2.831226e-10	2.269940e+00	2.639019e+01
6.810000e-06	2.570290e-10	2.691516e-10	2.081021e+00	2.526935e+01
6.820000e-06	2.336728e-10	2.580503e-10	1.891921e+00	2.413926e+01
6.830000e-06	2.102728e-10	2.497748e-10	1.702465e+00	2.300065e+01
6.840000e-06	1.868508e-10	2.407471e-10	1.512832e+00	2.185580e+01
6.850000e-06	1.634302e-10	2.277030e-10	1.323209e+00	2.070824e+01
6.860000e-06	1.400126e-10	2.122132e-10	1.133611e+00	1.956230e+01
6.870000e-06	1.165922e-10	1.970875e-10	9.439904e-01	1.842252e+01
6.880000e-06	9.317268e-11	1.857476e-10	7.543765e-01	1.729308e+01
6.890000e-06	6.977301e-11	1.781139e-10	5.649239e-01	1.617717e+01
6.900000e-06	4.635750e-11	1.715739e-10	3.753429e-01	1.507665e+01
6.910000e-06	2.291619e-11	1.640361e-10	1.855529e-01	1.399173e+01
6.920000e-06	-5.249464e-13	1.543571e-10	-4.235602e-03	1.292104e+01
6.930000e-06	-2.396476e-11	1.418508e-10	-1.940134e-01	1.186174e+01
6.940000e-06	-4.739686e-11	1.254283e-10	-3.837289e-01	1.081001e+01
6.950000e-06	-7.082002e-11	1.079568e-10	-5.733718e-01	9.761480e+00
6.960000e-06	-9.424493e-11	9.379618e-11	-7.630288e-01	8.711822e+00
6.970000e-06	-1.176599e-10	8.504518e-11	-9.526050e-01	7.657281e+00
6.980000e-06	-1.410603e-10	8.059709e-11	-1.142064e+00	6.595094e+00
6.990000e-06	-1.644614e-10	7.508405e-11	-1.331529e+00	5.523749e+00
7.000000e-06	-1.878553e-10	6.496429e-11	-1.520934e+00	4.443055e+00
7.010000e-06	-2.112384e-10	5.186667e-11	-1.710253e+00	3.354015e+00
7.020000e-06	-2.346092e-10	3.934079e-11	-1.899473e+00	2.258530e+00
7.030000e-06	-2.579559e-10	2.665062e-11	-2.088497e+00	1.158985e+00
7.040000e-06	-2.812932e-10	1.435886e-11	-2.277445e+00	5.778533e-02
7.050000e-06	-3.046107e-10	5.276544e-12	-2.466233e+00	-1.043098e+00
7.060000e-06	-3.278904e-10	-5.184696e-13	-2.654714e+00	-2.142493e+00
7.070000e-06	-3.511307e-10	-5.201962e-12	-2.842877e+00	-3.240257e+00
7.080000e-06	-3.743371e-10	-1.344061e-11	-3.030765e+00	-4.337357e+00
7.090000e-06	-3.975470e-10	-2.531942e-11	-3.218681e+00	-5.435768e+00
7.100000e-06	-4.207387e-10	-3.773009e-11	-3.406451e+00	-6.538239e+00
7.110000e-06	-4.438855e-10	-4.853347e-11	-3.593857e+00	-7.647946e+00
7.120000e-06	-4.670023e-10	-5.897241e-11	-3.781020e+00	-8.768101e+00
7.130000e-06	-4.900804e-10	-6.999767e-11	-3.967869e+00	-9.901560e+00
7.140000e-06	-5.131018e-10	-7.883161e-11	-4.154259e+00	-1.105049e+01
7.150000e-06	-5.360685e-10	-8.623028e-11	-4.340206e+00	-1.221615e+01
7.160000e-06	-5.589950e-10	-9.296411e-11	-4.525828e+00	-1.339878e+01
7.170000e-06	-5.818873e-10	-9.961534e-11	-4.711173e+00	-1.459762e+01
7.180000e-06	-6.047532e-10	-1.074734e-10	-4.896304e+00	-1.581106e+01
7.190000e-06	-6.275789e-10	-1.170695e-10	-5.081109e+00	-1.703682e+01
7.200000e-06	-6.503439e-10	-1.295567e-10	-5.265424e+00	-1.827228e+01
7.210000e-06	-6.730511e-10	-1.443080e-10	-5.449269e+00	-1.951469e+01
7.220000e-06	-6.957339e-10	-1.592010e-10	-5.632918e+00	-2.076142e+01
7.230000e-06	-7.183505e-10	-1.706503e-10	-5.816031e+00	-2.201015e+01
7.240000e-06	-7.408723e-10	-1.808070e-10	-5.998376e+00	-2.325899e+01
7.250000e-06	-7.633260e-10	-1.914246e-10	-6.180171e+00	-2.450649e+01
7.260000e-06	-7.856884e-10	-2.017713e-10	-6.361225e+00	-2.575163e+01
7.270000e-06	-8.079739e-10	-2.126808e-10	-6.541657e+00	-2.699382e+01
7.280000e-06	-8.302038e-10	-2.242215e-10	-6.721639e+00	-2.823280e+01
7.290000e-06	-8.523534e-10	-2.369820e-10	-6.900971e+00	-2.946858e+01
7.300000e-06	-8.744162e-10	-2.482276e-10	-7.079600e+00	-3.070146e+01
7.310000e-06	-8.964161e-10	-2.568845e-10	-7.257720e+00	-3.193202e+01
7.320000e-06	-9.183388e-10	-2.644222e-10	-7.435214e+00	-3.316110e+01
7.330000e-06	-9.401609e-10	-2.742378e-10	-7.611895e+00	-3.438987e+01
7.340000e-06	-9.619029e-10	-2.872265e-10	-7.787926e+00	-3.561978e+01
7.350000e-06	-9.835756e-10	-3.008708e-10	-7.963396e+00	-3.685254e+01
7.360000e-06	-1.005155e-09	-3.132605e-10	-8.138110e+00	-3.809002e+01
7.370000e-06	-1.026633e-09	-3.234798e-10	-8.312007e+00	-3.933408e+01
7.380000e-06	-1.048024e-09	-3.336734e-10	-8.485193e+00	-4.058638e+01
7.390000e-06	-1.069321e-09	-3.461385e-10	-8.657624e+00	-4.184811e+01
7.400000e-06	-1.090546e-09	-3.602669e-10	-8.829470e+00	-4.311978e+01
7.410000e-06	-1.111690e-09	-3.736294e-10	-9.000658e+00	-4.440101e+01
7.420000e-06	-1.132757e-09	-3.867812e-10	-9.171227e+00	-4.569042e+01
7.430000e-06	-1.153766e-09	-3.999919e-10	-9.341322e+00	-4.698565e+01
7.440000e-06	-1.174701e-09	-4.130965e-10	-9.510823e+00	-4.828345e+01
7.450000e-06	-1.195563e-09	-4.259225e-10	-9.679728e+00	-4.957992e+01
7.460000e-06	-1.216360e-09	-4.370079e-10	-9.848106e+00	-5.087088e+01
7.470000e-06	-1.237089e-09	-4.487931e-10	-1.001594e+01	-5.215229e+01
7.480000e-06	-1.257747e-09	-4.647117e-10	-1.018320e+01	-5.342063e+01
7.490000e-06	-1.278365e-09	-4.838465e-10	-1.035013e+01	-5.467329e+01
7.500000e-06	-1.298931e-09	-5.019105e-10	-1.051664e+01	-5.590885e+01
7.510000e-06	-1.319432e-09	-5.164991e-10	-1.068262e+01	-5.712719e+01
7.520000e-06	-1.339891e-09	-5.293958e-10	-1.084827e+01	-5.832944e+01
7.530000e-06	-1.360317e-09	-5.417470e-10	-1.101365e+01	-5.951779e+01
7.540000e-06	-1.380701e-09	-5.528645e-10	-1.117868e+01	-6.069509e+01
7.550000e-06	-1.401045e-09	-5.610964e-10	-1.134339e+01	-6.186446e+01
7.560000e-06	-1.421360e-09	-5.676962e-10	-1.150787e+01	-6.302876e+01
7.570000e-06	-1.441653e-09	-5.768905e-10	-1.167217e+01	-6.419018e+01
7.580000e-06	-1.461927e-09	-5.905191e-10	-1.183632e+01	-6.534992e+01
7.590000e-06	-1.482177e-09	-6.069573e-10	-1.200028e+01	-6.650800e+01
7.600000e-06	-1.502400e-09	-6.217603e-10	-1.216401e+01	-6.766333e+01
7.610000e-06	-1.522602e-09	-6.333264e-10	-1.232757e+01	-6.881388e+01
7.620000e-06	-1.542790e-09	-6.427719e-10	-1.249102e+01	-6.995704e+01
7.630000e-06	-1.562954e-09	-6.521577e-10	-1.265428e+01	-7.109018e+01
7.640000e-06	-1.583090e-09	-6.619257e-10	-1.281731e+01	-7.221105e+01
7.650000e-06	-1.603192e-09	-6.717766e-10	-1.298006e+01	-7.331834e+01
7.660000e-06	-1.623261e-09	-6.829792e-10	-1.314254e+01	-7.441194e+01
7.670000e-06	-1.643303e-09	-6.948160e-10	-1.330481e+01	-7.549315e+01
7.680000e-06	-1.663301e-09	-7.044258e-10	-1.346673e+01	-7.656459e+01
7.690000e-06	-1.683238e-09	-7.116516e-10	-1.362815e+01	-7.762997e+01
7.700000e-06	-1.703118e-09	-7.189033e-10	-1.378910e+01	-7.869361e+01
7.710000e-06	-1.722931e-09	-7.279057e-10	-1.394952e+01	-7.975990e+01
7.720000e-06	-1.742674e-09	-7.387487e-10	-1.410936e+01	-8.083270e+01
7.730000e-06	-1.762337e-09	-7.502028e-10	-1.426856e+01	-8.191481e+01
7.740000e-06	-1.781911e-09	-7.609748e-10	-1.442704e+01	-8.300755e+01
7.750000e-06	-1.801387e-09	-7.703138e-10	-1.458473e+01	-8.411054e+01
7.760000e-06	-1.820775e-09	-7.785474e-10	-1.474170e+01	-8.522177e+01
7.770000e-06	-1.840068e-09	-7.858857e-10	-1.489791e+01	-8.633780e+01
7.780000e-06	-1.859246e-09	-7.919201e-10	-1.505317e+01	-8.745427e+01
7.790000e-06	-1.878311e-09	-7.980790e-10	-1.520753e+01	-8.856646e+01
7.800000e-06	-1.897265e-09	-8.060728e-10	-1.536099e+01	-8.966995e+01
7.810000e-06	-1.916119e-09	-8.149182e-10	-1.551364e+01	-9.076122e+01
7.820000e-06	-1.934884e-09	-8.237009e-10	-1.566557e+01	-9.183810e+01
7.830000e-06	-1.953562e-09	-8.302649e-10	-1.581679e+01	-9.290004e+01
7.840000e-06	-1.972155e-09	-8.346986e-10	-1.596733e+01	-9.394817e+01
7.850000e-06	-1.990673e-09	-8.404298e-10	-1.611726e+01	-9.498506e+01
7.860000e-06	-2.009119e-09	-8.485112e-10	-1.626661e+01	-9.601435e+01
7.870000e-06	-2.027507e-09	-8.595061e-10	-1.641548e+01	-9.704012e+01
7.880000e-06	-2.045830e-09	-8.724399e-10	-1.656383e+01	-9.806638e+01
7.890000e-06	-2.064072e-09	-8.837225e-10	-1.671153e+01	-9.909640e+01
7.900000e-06	-2.082231e-09	-8.910661e-10	-1.685855e+01	-1.001323e+02
7.910000e-06	-2.100312e-09	-8.953632e-10	-1.700494e+01	-1.011748e+02
7.920000e-06	-2.118335e-09	-8.988535e-10	-1.715086e+01	-1.022231e+02
7.930000e-06	-2.136285e-09	-9.047055e-10	-1.729620e+01	-1.032750e+02
7.940000e-06	-2.154137e-09	-9.142418e-10	-1.744073e+01	-1.043274e+02
7.950000e-06	-2.171897e-09	-9.274620e-10	-1.758453e+01	-1.053765e+02
7.960000e-06	-2.189562e-09	-9.425943e-10	-1.772754e+01	-1.064188e+02
7.970000e-06	-2.207100e-09	-9.549103e-10	-1.786954e+01	-1.074509e+02
7.980000e-06	-2.224527e-09	-9.637060e-10	-1.801064e+01	-1.084704e+02
7.990000e-06	-2.241866e-09	-9.694508e-10	-1.815102e+01	-1.094758e+02
8.000000e-06	-2.259074e-09	-9.734297e-10	-1.829034e+01	-1.104668e+02
8.010000e-06	-2.276145e-09	-9.772938e-10	-1.842856e+01	-1.114437e+02
8.020000e-06	-2.293105e-09	-9.842504e-10	-1.856587e+01	-1.124076e+02
8.030000e-06	-2.309964e-09	-9.964111e-10	-1.870237e+01	-1.133595e+02
8.040000e-06	-2.326710e-09	-1.010820e-09	-1.883795e+01	-1.143004e+02
8.050000e-06	-2.343341e-09	-1.024393e-09	-1.897260e+01	-1.152307e+02
8.060000e-06	-2.359892e-09	-1.035346e-09	-1.910661e+01	-1.161503e+02
8.070000e-06	-2.376362e-09	-1.045338e-09	-1.923996e+01	-1.170581e+02
8.080000e-06	-2.392770e-09	-1.053714e-09	-1.937280e+01	-1.179532e+02
8.090000e-06	-2.409145e-09	-1.057559e-09	-1.950538e+01	-1.188341e+02
8.100000e-06	-2.425460e-09	-1.059613e-09	-1.963747e+01	-1.196999e+02
8.110000e-06	-2.441707e-09	-1.065516e-09	-1.976901e+01	-1.205505e+02
8.120000e-06	-2.457906e-09	-1.079395e-09	-1.990017e+01	-1.213867e+02
8.130000e-06	-2.474050e-09	-1.096219e-09	-2.003088e+01	-1.222107e+02
8.140000e-06	-2.490141e-09	-1.107986e-09	-2.016115e+01	-1.230260e+02
8.150000e-06	-2.506182e-09	-1.114274e-09	-2.029103e+01	-1.238367e+02
8.160000e-06	-2.522140e-09	-1.118888e-09	-2.042023e+01	-1.246476e+02
8.170000e-06	-2.537988e-09	-1.124564e-09	-2.054854e+01	-1.254631e+02
8.180000e-06	-2.553704e-09	-1.129645e-09	-2.067578e+01	-1.262866e+02
8.190000e-06	-2.569265e-09	-1.135306e-09	-2.080178e+01	-1.271201e+02
8.200000e-06	-2.584688e-09	-1.144286e-09	-2.092664e+01	-1.279632e+02
8.210000e-06	-2.599939e-09	-1.158069e-09	-2.105012e+01	-1.288134e+02
8.220000e-06	-2.615015e-09	-1.170870e-09	-2.117218e+01	-1.296660e+02
8.230000e-06	-2.629896e-09	-1.175811e-09	-2.129266e+01	-1.305142e+02
8.240000e-06	-2.644531e-09	-1.177389e-09	-2.141115e+01	-1.313504e+02
8.250000e-06	-2.658940e-09	-1.181781e-09	-2.152782e+01	-1.321665e+02
8.260000e-06	-2.673109e-09	-1.191216e-09	-2.164253e+01	-1.329553e+02
8.270000e-06	-2.687022e-09	-1.201660e-09	-2.175518e+01	-1.337114e+02
8.280000e-06	-2.700733e-09	-1.210230e-09	-2.186619e+01	-1.344320e+02
8.290000e-06	-2.714276e-09	-1.218996e-09	-2.197584e+01	-1.351169e+02
8.300000e-06	-2.727621e-09	-1.229780e-09	-2.208389e+01	-1.357695e+02
8.310000e-06	-2.740790e-09	-1.238232e-09	-2.219051e+01	-1.363953e+02
8.320000e-06	-2.753807e-09	-1.239928e-09	-2.229590e+01	-1.370024e+02
8.330000e-06	-2.766663e-09	-1.240922e-09	-2.239999e+01	-1.375996e+02
8.340000e-06	-2.779384e-09	-1.247132e-09	-2.250298e+01	-1.381955e+02
8.350000e-06	-2.791986e-09	-1.256553e-09	-2.260501e+01	-1.387978e+02
8.360000e-06	-2.804481e-09	-1.263494e-09	-2.270618e+01	-1.394118e+02
8.370000e-06	-2.816860e-09	-1.267767e-09	-2.280640e+01	-1.400400e+02
8.380000e-06	-2.829125e-09	-1.272096e-09	-2.290570e+01	-1.406818e+02
8.390000e-06	-2.841285e-09	-1.277363e-09	-2.300416e+01	-1.413336e+02
8.400000e-06	-2.853319e-09	-1.283762e-09	-2.310159e+01	-1.419897e+02
8.410000e-06	-2.865231e-09	-1.289449e-09	-2.319803e+01	-1.426430e+02
8.420000e-06	-2.877026e-09	-1.293095e-09	-2.329353e+01	-1.432860e+02
8.430000e-06	-2.888686e-09	-1.297319e-09	-2.338793e+01	-1.439124e+02
8.440000e-06	-2.900187e-09	-1.304954e-09	-2.348105e+01	-1.445178e+02
8.450000e-06	-2.911523e-09	-1.310562e-09	-2.357283e+01	-1.451002e+02
8.460000e-06	-2.922708e-09	-1.310695e-09	-2.366338e+01	-1.456609e+02
8.470000e-06	-2.933747e-09	-1.310541e-09	-2.375276e+01	-1.462040e+02
8.480000e-06	-2.944626e-09	-1.312779e-09	-2.384084e+01	-1.467358e+02
8.490000e-06	-2.955353e-09	-1.316482e-09	-2.392769e+01	-1.472640e+02
8.500000e-06	-2.965963e-09	-1.318382e-09	-2.401360e+01	-1.477965e+02
8.510000e-06	-2.976468e-09	-1.319592e-09	-2.409865e+01	-1.483403e+02
8.520000e-06	-2.986861e-09	-1.324761e-09	-2.418280e+01	-1.489005e+02
8.530000e-06	-2.997135e-09	-1.333432e-09	-2.426598e+01	-1.494791e+02
8.540000e-06	-3.007316e-09	-1.341728e-09	-2.434841e+01	-1.500751e+02
8.550000e-06	-3.017398e-09	-1.345598e-09	-2.443004e+01	-1.506845e+02
8.560000e-06	-3.027354e-09	-1.346715e-09	-2.451064e+01	-1.513005e+02
8.570000e-06	-3.037174e-09	-1.348569e-09	-2.459015e+01	-1.519147e+02
8.580000e-06	-3.046855e-09	-1.351934e-09	-2.466853e+01	-1.525183e+02
8.590000e-06	-3.056384e-09	-1.355683e-09	-2.474568e+01	-1.531027e+02
8.600000e-06	-3.065757e-09	-1.359231e-09	-2.482157e+01	-1.536613e+02
8.610000e-06	-3.074970e-09	-1.364156e-09	-2.489616e+01	-1.541900e+02
8.620000e-06	-3.084012e-09	-1.369634e-09	-2.496937e+01	-1.546874e+02
8.630000e-06	-3.092923e-09	-1.374365e-09	-2.504151e+01	-1.551555e+02
8.640000e-06	-3.101687e-09	-1.376824e-09	-2.511247e+01	-1.555985e+02
8.650000e-06	-3.110319e-09	-1.376877e-09	-2.518236e+01	-1.560226e+02
8.660000e-06	-3.118862e-09	-1.378575e-09	-2.525153e+01	-1.564348e+02
8.670000e-06	-3.127304e-09	-1.383998e-09	-2.531988e+01	-1.568417e+02
8.680000e-06	-3.135662e-09	-1.389780e-09	-2.538755e+01	-1.572488e+02
8.690000e-06	-3.143959e-09	-1.394012e-09	-2.545473e+01	-1.576595e+02
8.700000e-06	-3.152199e-09	-1.398099e-09	-2.552144e+01	-1.580748e+02
8.710000e-06	-3.160382e-09	-1.401951e-09	-2.558770e+01	-1.584935e+02
8.720000e-06	-3.168486e-09	-1.405005e-09	-2.565330e+01	-1.589121e+02
8.730000e-06	-3.176487e-09	-1.407456e-09	-2.571808e+01	-1.593257e+02
8.740000e-06	-3.184378e-09	-1.410867e-09	-2.578198e+01	-1.597292e+02
8.750000e-06	-3.192155e-09	-1.416577e-09	-2.584494e+01	-1.601175e+02
8.760000e-06	-3.199802e-09	-1.423887e-09	-2.590685e+01	-1.604870e+02
8.770000e-06	-3.207282e-09	-1.429296e-09	-2.596742e+01	-1.608358e+02
8.780000e-06	-3.214541e-09	-1.431499e-09	-2.602619e+01	-1.611639e+02
8.790000e-06	-3.221575e-09	-1.433368e-09	-2.608314e+01	-1.614734e+02
8.800000e-06	-3.228387e-09	-1.437262e-09	-2.613829e+01	-1.617677e+02
8.810000e-06	-3.234947e-09	-1.442412e-09	-2.619140e+01	-1.620509e+02
8.820000e-06	-3.241268e-09	-1.446150e-09	-2.624258e+01	-1.623273e+02
8.830000e-06	-3.247322e-09	-1.450038e-09	-2.629160e+01	-1.626003e+02
8.840000e-06	-3.253089e-09	-1.456127e-09	-2.633828e+01	-1.628717e+02
8.850000e-06	-3.258616e-09	-1.462853e-09	-2.638304e+01	-1.631419e+02
8.860000e-06	-3.263926e-09	-1.467437e-09	-2.642602e+01	-1.634091e+02
8.870000e-06	-3.269008e-09	-1.468536e-09	-2.646718e+01	-1.636705e+02
8.880000e-06	-3.273898e-09	-1.469668e-09	-2.650677e+01	-1.639219e+02
8.890000e-06	-3.278637e-09	-1.473191e-09	-2.654514e+01	-1.641595e+02
8.900000e-06	-3.283251e-09	-1.476632e-09	-2.658249e+01	-1.643798e+02
8.910000e-06	-3.287759e-09	-1.478115e-09	-2.661899e+01	-1.645811e+02
8.920000e-06	-3.292174e-09	-1.479699e-09	-2.665473e+01	-1.647632e+02
8.930000e-06	-3.296517e-09	-1.482814e-09	-2.668990e+01	-1.649280e+02
8.940000e-06	-3.300799e-09	-1.485270e-09	-2.672457e+01	-1.650789e+02
8.950000e-06	-3.305006e-09	-1.486160e-09	-2.675863e+01	-1.652204e+02
8.960000e-06	-3.309133e-09	-1.487041e-09	-2.679205e+01	-1.653572e+02
8.970000e-06	-3.313171e-09	-1.489726e-09	-2.682473e+01	-1.654930e+02
8.980000e-06	-3.317105e-09	-1.493471e-09	-2.685659e+01	-1.656301e+02
8.990000e-06	-3.320932e-09	-1.494419e-09	-2.688758e+01	-1.657682e+02
9.000000e-06	-3.324622e-09	-1.490585e-09	-2.691745e+01	-1.659046e+02
9.010000e-06	-3.328156e-09	-1.486790e-09	-2.694606e+01	-1.660340e+02
9.020000e-06	-3.331512e-09	-1.487011e-09	-2.697324e+01	-1.661498e+02
9.030000e-06	-3.334673e-09	-1.488611e-09	-2.699883e+01	-1.662444e+02
9.040000e-06	-3.337674e-09	-1.489124e-09	-2.702312e+01	-1.663113e+02
9.050000e-06	-3.340522e-09	-1.488502e-09	-2.704618e+01	-1.663460e+02
9.060000e-06	-3.343213e-09	-1.487710e-09	-2.706797e+01	-1.663472e+02
9.070000e-06	-3.345800e-09	-1.487031e-09	-2.708892e+01	-1.663178e+02
9.080000e-06	-3.348282e-09	-1.485035e-09	-2.710901e+01	-1.662650e+02
9.090000e-06	-3.350633e-09	-1.481600e-09	-2.712805e+01	-1.662000e+02
9.100000e-06	-3.352878e-09	-1.478559e-09	-2.714622e+01	-1.661363e+02
9.110000e-06	-3.355021e-09	-1.476583e-09	-2.716357e+01	-1.660887e+02
9.120000e-06	-3.357046e-09	-1.474799e-09	-2.717997e+01	-1.660708e+02
9.130000e-06	-3.358882e-09	-1.472826e-09	-2.719483e+01	-1.660932e+02
9.140000e-06	-3.360451e-09	-1.471285e-09	-2.720753e+01	-1.661611e+02
9.150000e-06	-3.361886e-09	-1.470377e-09	-2.721916e+01	-1.662736e+02
9.160000e-06	-3.363238e-09	-1.470790e-09	-2.723010e+01	-1.664225e+02
9.170000e-06	-3.364408e-09	-1.472835e-09	-2.723957e+01	-1.665930e+02
9.180000e-06	-3.365405e-09	-1.473391e-09	-2.724765e+01	-1.667650e+02
9.190000e-06	-3.366266e-09	-1.470975e-09	-2.725461e+01	-1.669152e+02
9.200000e-06	-3.366991e-09	-1.467077e-09	-2.726049e+01	-1.670197e+02
9.210000e-06	-3.367584e-09	-1.463754e-09	-2.726529e+01	-1.670577e+02
9.220000e-06	-3.368075e-09	-1.462339e-09	-2.726927e+01	-1.670137e+02
9.230000e-06	-3.368468e-09	-1.462392e-09	-2.727244e+01	-1.668808e+02
