# Configuracion:
# Concentracion g/m^3_=_10770.0
# C_Vs_to_Am_M_A/Vsm_=_116720831517.84952
# pendiente_HvsI_1/m_=_3716.3
# ordenada_HvsI_A/m_=_1297.0
# frecuencia_ref_Hz_=_108287.72253863902
# 
Resultados:
# tau_s_=_(7.77+/-1.30)e+01
# dphi_rad_=_6.34+/-0.01
# SAR_W/g_=_9.68+/-1.57
# Hc_kA/m_=_2.26+/-0.33
# Mr_A/m_=_12.97+/-1.76
# Suceptibilidad_a_M=0_=_0.0059+/-0.0003
Nombre_archivo	Time_m_(s)	Temperatura_(ºC)	Mr_(A/m)	Hc_(kA/m)	Campo_max_(A/m)	Mag_max_(A/m)	f0	mag0	dphi0	SAR_(W/g)	Tau_(ns)	N	xi_M_0
108kHz_070dA_100Mss_bobN1_NF0007.txt		20.00	12.25	2.02	27311.10	176.04	1.083130e+05	1.906571e+00	6.329792e+00	8.95	68.528284	3693	6.149e-03
108kHz_070dA_100Mss_bobN1_NF0008.txt		20.00	11.08	1.72	27311.10	179.16	1.083424e+05	1.933515e+00	6.326172e+00	8.37	63.197671	3692	6.463e-03
108kHz_070dA_100Mss_bobN1_NF0009.txt		20.00	12.97	2.00	27311.10	177.26	1.083130e+05	1.910974e+00	6.334558e+00	9.88	75.545475	3693	6.799e-03
108kHz_070dA_100Mss_bobN1_NF0010.txt		20.00	13.18	2.11	27311.10	177.86	1.083130e+05	1.930559e+00	6.332111e+00	9.51	71.942632	3693	6.239e-03
108kHz_070dA_100Mss_bobN1_NF0011.txt		20.00	14.54	2.18	27311.10	188.48	1.083130e+05	2.032762e+00	6.335854e+00	10.78	77.456875	3693	6.612e-03
108kHz_070dA_100Mss_bobN1_NF0012.txt		20.00	10.63	1.70	27311.10	177.24	1.083130e+05	1.918879e+00	6.320087e+00	7.13	54.248465	3693	6.051e-03
108kHz_070dA_100Mss_bobN1_NF0013.txt		20.00	13.57	2.34	27311.10	177.89	1.083130e+05	1.922020e+00	6.337627e+00	10.53	80.066865	3693	5.695e-03
108kHz_070dA_100Mss_bobN1_NF0014.txt		20.00	13.41	2.20	27311.10	179.10	1.083130e+05	1.932655e+00	6.338964e+00	10.85	82.042115	3693	5.737e-03
108kHz_070dA_100Mss_bobN1_NF0015.txt		20.00	13.14	2.34	27311.10	167.60	1.083130e+05	1.826030e+00	6.336955e+00	9.88	79.083948	3693	5.800e-03
108kHz_070dA_100Mss_bobN1_NF0016.txt		20.00	11.39	1.96	27311.10	170.79	1.083130e+05	1.866335e+00	6.324353e+00	7.74	60.521747	3693	6.077e-03
108kHz_070dA_100Mss_bobN1_NF0017.txt		20.00	14.87	2.55	27311.10	171.42	1.083130e+05	1.850134e+00	6.349246e+00	12.30	97.207110	3693	5.993e-03
108kHz_070dA_100Mss_bobN1_NF0018.txt		20.00	14.36	2.49	27311.10	173.94	1.083130e+05	1.886187e+00	6.338099e+00	10.43	80.769184	3693	5.766e-03
108kHz_070dA_100Mss_bobN1_NF0019.txt		20.00	16.05	2.60	27311.10	173.91	1.083130e+05	1.877130e+00	6.346112e+00	11.89	92.581712	3693	6.099e-03
108kHz_070dA_100Mss_bobN1_NF0020.txt		20.00	15.36	2.72	27311.10	164.22	1.082837e+05	1.776918e+00	6.345288e+00	11.10	91.373545	3694	6.214e-03
108kHz_070dA_100Mss_bobN1_NF0021.txt		20.00	14.97	2.70	27311.10	162.88	1.082837e+05	1.779889e+00	6.342660e+00	10.65	87.496957	3694	5.957e-03
108kHz_070dA_100Mss_bobN1_NF0022.txt		20.00	14.05	2.53	27311.10	169.72	1.083130e+05	1.835274e+00	6.343931e+00	11.22	89.375354	3693	5.847e-03
108kHz_070dA_100Mss_bobN1_NF0023.txt		20.00	11.66	2.02	27311.10	165.26	1.082837e+05	1.788116e+00	6.330382e+00	8.49	69.406511	3694	5.705e-03
108kHz_070dA_100Mss_bobN1_NF0024.txt		20.00	11.97	2.23	27311.10	164.09	1.083130e+05	1.779816e+00	6.332903e+00	8.91	73.116279	3693	5.663e-03
108kHz_070dA_100Mss_bobN1_NF0025.txt		20.00	13.70	2.26	27311.10	170.08	1.082837e+05	1.837028e+00	6.337234e+00	9.99	79.500476	3694	6.203e-03
108kHz_070dA_100Mss_bobN1_NF0026.txt		20.00	10.45	1.94	27311.10	163.08	1.083130e+05	1.777616e+00	6.321409e+00	6.84	56.197573	3693	5.694e-03
108kHz_070dA_100Mss_bobN1_NF0027.txt		20.00	9.91	1.82	27311.10	159.14	1.082837e+05	1.697842e+00	6.324716e+00	7.10	61.065424	3694	5.812e-03
108kHz_070dA_100Mss_bobN1_NF0028.txt		20.00	10.36	1.89	27311.10	162.33	1.082837e+05	1.760924e+00	6.324729e+00	7.36	61.085887	3694	5.249e-03
108kHz_070dA_100Mss_bobN1_NF0029.txt		20.00	12.26	2.14	27311.10	163.07	1.082837e+05	1.768793e+00	6.336476e+00	9.49	78.381509	3694	5.610e-03
108kHz_070dA_100Mss_bobN1_NF0030.txt		20.00	12.49	2.27	27311.10	160.80	1.082837e+05	1.754462e+00	6.336544e+00	9.42	78.485689	3694	5.956e-03
108kHz_070dA_100Mss_bobN1_NF0031.txt		20.00	12.49	2.39	27311.10	161.89	1.082837e+05	1.753829e+00	6.338616e+00	9.78	81.545956	3694	5.397e-03
108kHz_070dA_100Mss_bobN1_NF0032.txt		20.00	12.16	2.20	27311.10	163.69	1.082837e+05	1.772978e+00	6.333691e+00	9.01	74.283435	3694	5.658e-03
108kHz_070dA_100Mss_bobN1_NF0033.txt		20.00	12.34	2.36	27311.10	159.07	1.083130e+05	1.712818e+00	6.339346e+00	9.68	82.619965	3693	5.743e-03
108kHz_070dA_100Mss_bobN1_NF0034.txt		20.00	11.22	2.21	27311.10	152.61	1.082837e+05	1.668361e+00	6.332455e+00	8.27	72.464991	3694	5.608e-03
108kHz_070dA_100Mss_bobN1_NF0035.txt		20.00	15.67	2.99	27311.10	159.58	1.082837e+05	1.730591e+00	6.352822e+00	12.12	102.506861	3694	5.661e-03
108kHz_070dA_100Mss_bobN1_NF0036.txt		20.00	16.70	2.99	27311.10	157.47	1.082837e+05	1.710451e+00	6.357402e+00	12.77	109.271193	3694	6.012e-03
