# Temperatura_=_20.0
# Concentracion g/m^3_=_10770.0
# C_Vs_to_Am_M_A/Vsm_=_25649819763.59163
# pendiente_HvsI_1/m_=_3716.3
# ordenada_HvsI_A/m_=_1297.0
# frecuencia_Hz_=_108111.4946419091
# Promedio de 26 ciclos

Tiempo_(s)	Campo_(V.s)	Magnetizacion_(V.s)	Campo_(kA/m)	Magnetizacion_(A/m)
0.000000e+00	-4.021187e-09	-1.044294e-08	-3.400220e+01	-2.657989e+02
1.000000e-08	-4.021411e-09	-1.044839e-08	-3.400409e+01	-2.659515e+02
2.000000e-08	-4.021532e-09	-1.045166e-08	-3.400512e+01	-2.660492e+02
3.000000e-08	-4.021557e-09	-1.044737e-08	-3.400532e+01	-2.660774e+02
4.000000e-08	-4.021473e-09	-1.044762e-08	-3.400461e+01	-2.660274e+02
5.000000e-08	-4.021269e-09	-1.045876e-08	-3.400289e+01	-2.658988e+02
6.000000e-08	-4.020922e-09	-1.041330e-08	-3.399995e+01	-2.656993e+02
7.000000e-08	-4.020381e-09	-1.030213e-08	-3.399538e+01	-2.654453e+02
8.000000e-08	-4.019587e-09	-1.038459e-08	-3.398867e+01	-2.651598e+02
9.000000e-08	-4.018522e-09	-1.071159e-08	-3.397966e+01	-2.648703e+02
1.000000e-07	-4.017190e-09	-1.070048e-08	-3.396840e+01	-2.646058e+02
1.100000e-07	-4.015583e-09	-1.020060e-08	-3.395481e+01	-2.643937e+02
1.200000e-07	-4.013675e-09	-1.006454e-08	-3.393867e+01	-2.642561e+02
1.300000e-07	-4.011473e-09	-1.039472e-08	-3.392006e+01	-2.642079e+02
1.400000e-07	-4.008993e-09	-1.029745e-08	-3.389909e+01	-2.642547e+02
1.500000e-07	-4.006227e-09	-1.007499e-08	-3.387570e+01	-2.643920e+02
1.600000e-07	-4.003189e-09	-1.047352e-08	-3.385001e+01	-2.646062e+02
1.700000e-07	-3.999910e-09	-1.072269e-08	-3.382228e+01	-2.648755e+02
1.800000e-07	-3.996431e-09	-1.024335e-08	-3.379287e+01	-2.651734e+02
1.900000e-07	-3.992791e-09	-9.995326e-09	-3.376208e+01	-2.654706e+02
2.000000e-07	-3.989006e-09	-1.045270e-08	-3.373008e+01	-2.657392e+02
2.100000e-07	-3.985139e-09	-1.066336e-08	-3.369739e+01	-2.659550e+02
2.200000e-07	-3.981208e-09	-1.027493e-08	-3.366415e+01	-2.660999e+02
2.300000e-07	-3.977192e-09	-1.019742e-08	-3.363018e+01	-2.661638e+02
2.400000e-07	-3.973085e-09	-1.053054e-08	-3.359545e+01	-2.661443e+02
2.500000e-07	-3.968863e-09	-1.045229e-08	-3.355976e+01	-2.660468e+02
2.600000e-07	-3.964519e-09	-1.022965e-08	-3.352302e+01	-2.658824e+02
2.700000e-07	-3.960017e-09	-1.052551e-08	-3.348496e+01	-2.656661e+02
2.800000e-07	-3.955317e-09	-1.068787e-08	-3.344522e+01	-2.654142e+02
2.900000e-07	-3.950396e-09	-1.020818e-08	-3.340360e+01	-2.651422e+02
3.000000e-07	-3.945255e-09	-9.996537e-09	-3.336013e+01	-2.648627e+02
3.100000e-07	-3.939885e-09	-1.039470e-08	-3.331473e+01	-2.645838e+02
3.200000e-07	-3.934332e-09	-1.047603e-08	-3.326777e+01	-2.643094e+02
3.300000e-07	-3.928624e-09	-1.018958e-08	-3.321951e+01	-2.640387e+02
3.400000e-07	-3.922740e-09	-1.032612e-08	-3.316975e+01	-2.637676e+02
3.500000e-07	-3.916691e-09	-1.049196e-08	-3.311860e+01	-2.634906e+02
3.600000e-07	-3.910459e-09	-1.005478e-08	-3.306590e+01	-2.632019e+02
3.700000e-07	-3.904049e-09	-9.829228e-09	-3.301170e+01	-2.628974e+02
3.800000e-07	-3.897470e-09	-1.030441e-08	-3.295608e+01	-2.625760e+02
3.900000e-07	-3.890692e-09	-1.049350e-08	-3.289876e+01	-2.622403e+02
4.000000e-07	-3.883702e-09	-1.015945e-08	-3.283966e+01	-2.618961e+02
4.100000e-07	-3.876528e-09	-1.018266e-08	-3.277899e+01	-2.615522e+02
4.200000e-07	-3.869204e-09	-1.033211e-08	-3.271707e+01	-2.612185e+02
4.300000e-07	-3.861725e-09	-9.956967e-09	-3.265382e+01	-2.609046e+02
4.400000e-07	-3.854095e-09	-9.766888e-09	-3.258930e+01	-2.606177e+02
4.500000e-07	-3.846351e-09	-1.011538e-08	-3.252383e+01	-2.603610e+02
4.600000e-07	-3.838505e-09	-1.013917e-08	-3.245748e+01	-2.601328e+02
4.700000e-07	-3.830563e-09	-9.901958e-09	-3.239033e+01	-2.599257e+02
4.800000e-07	-3.822543e-09	-1.010599e-08	-3.232251e+01	-2.597271e+02
4.900000e-07	-3.814419e-09	-1.022897e-08	-3.225382e+01	-2.595206e+02
5.000000e-07	-3.806152e-09	-9.881466e-09	-3.218391e+01	-2.592874e+02
5.100000e-07	-3.797724e-09	-9.839465e-09	-3.211265e+01	-2.590089e+02
5.200000e-07	-3.789113e-09	-1.009635e-08	-3.203983e+01	-2.586686e+02
5.300000e-07	-3.780297e-09	-9.965670e-09	-3.196529e+01	-2.582546e+02
5.400000e-07	-3.771207e-09	-9.800166e-09	-3.188843e+01	-2.577611e+02
5.500000e-07	-3.761810e-09	-9.975837e-09	-3.180897e+01	-2.571890e+02
5.600000e-07	-3.752114e-09	-9.977899e-09	-3.172698e+01	-2.565460e+02
5.700000e-07	-3.742120e-09	-9.778096e-09	-3.164247e+01	-2.558457e+02
5.800000e-07	-3.731821e-09	-9.817387e-09	-3.155539e+01	-2.551061e+02
5.900000e-07	-3.721211e-09	-9.880290e-09	-3.146567e+01	-2.543470e+02
6.000000e-07	-3.710344e-09	-9.755444e-09	-3.137378e+01	-2.535879e+02
6.100000e-07	-3.699262e-09	-9.735902e-09	-3.128007e+01	-2.528455e+02
6.200000e-07	-3.687961e-09	-9.791294e-09	-3.118452e+01	-2.521319e+02
6.300000e-07	-3.676450e-09	-9.708316e-09	-3.108718e+01	-2.514534e+02
6.400000e-07	-3.664786e-09	-9.653957e-09	-3.098855e+01	-2.508097e+02
6.500000e-07	-3.652999e-09	-9.691083e-09	-3.088888e+01	-2.501947e+02
6.600000e-07	-3.641080e-09	-9.650700e-09	-3.078810e+01	-2.495976e+02
6.700000e-07	-3.629037e-09	-9.588944e-09	-3.068627e+01	-2.490045e+02
6.800000e-07	-3.616852e-09	-9.603624e-09	-3.058323e+01	-2.484007e+02
6.900000e-07	-3.604513e-09	-9.590463e-09	-3.047890e+01	-2.477725e+02
7.000000e-07	-3.592006e-09	-9.524542e-09	-3.037314e+01	-2.471093e+02
7.100000e-07	-3.579307e-09	-9.489219e-09	-3.026576e+01	-2.464048e+02
7.200000e-07	-3.566431e-09	-9.472701e-09	-3.015689e+01	-2.456576e+02
7.300000e-07	-3.553363e-09	-9.443658e-09	-3.004639e+01	-2.448714e+02
7.400000e-07	-3.540082e-09	-9.415537e-09	-2.993408e+01	-2.440535e+02
7.500000e-07	-3.526630e-09	-9.390525e-09	-2.982033e+01	-2.432141e+02
7.600000e-07	-3.513016e-09	-9.366095e-09	-2.970522e+01	-2.423646e+02
7.700000e-07	-3.499219e-09	-9.342335e-09	-2.958856e+01	-2.415153e+02
7.800000e-07	-3.485293e-09	-9.307544e-09	-2.947080e+01	-2.406748e+02
7.900000e-07	-3.471232e-09	-9.264733e-09	-2.935190e+01	-2.398478e+02
8.000000e-07	-3.456987e-09	-9.229594e-09	-2.923146e+01	-2.390356e+02
8.100000e-07	-3.442596e-09	-9.199384e-09	-2.910976e+01	-2.382354e+02
8.200000e-07	-3.428005e-09	-9.175703e-09	-2.898639e+01	-2.374412e+02
8.300000e-07	-3.413179e-09	-9.153411e-09	-2.886103e+01	-2.366452e+02
8.400000e-07	-3.398144e-09	-9.116001e-09	-2.873389e+01	-2.358386e+02
8.500000e-07	-3.382894e-09	-9.074561e-09	-2.860494e+01	-2.350135e+02
8.600000e-07	-3.367419e-09	-9.045761e-09	-2.847409e+01	-2.341638e+02
8.700000e-07	-3.351689e-09	-9.015846e-09	-2.834108e+01	-2.332863e+02
8.800000e-07	-3.335755e-09	-8.974272e-09	-2.820635e+01	-2.323812e+02
8.900000e-07	-3.319625e-09	-8.937435e-09	-2.806996e+01	-2.314515e+02
9.000000e-07	-3.303295e-09	-8.908778e-09	-2.793187e+01	-2.305028e+02
9.100000e-07	-3.286796e-09	-8.878615e-09	-2.779237e+01	-2.295423e+02
9.200000e-07	-3.270135e-09	-8.846201e-09	-2.765148e+01	-2.285774e+02
9.300000e-07	-3.253311e-09	-8.808809e-09	-2.750922e+01	-2.276146e+02
9.400000e-07	-3.236357e-09	-8.766546e-09	-2.736587e+01	-2.266584e+02
9.500000e-07	-3.219288e-09	-8.729755e-09	-2.722153e+01	-2.257108e+02
9.600000e-07	-3.202087e-09	-8.701799e-09	-2.707608e+01	-2.247708e+02
9.700000e-07	-3.184772e-09	-8.668928e-09	-2.692967e+01	-2.238349e+02
9.800000e-07	-3.167356e-09	-8.626871e-09	-2.678240e+01	-2.228976e+02
9.900000e-07	-3.149816e-09	-8.590559e-09	-2.663409e+01	-2.219521e+02
1.000000e-06	-3.132188e-09	-8.561768e-09	-2.648503e+01	-2.209920e+02
1.010000e-06	-3.114477e-09	-8.526074e-09	-2.633527e+01	-2.200118e+02
1.020000e-06	-3.096625e-09	-8.480778e-09	-2.618432e+01	-2.190079e+02
1.030000e-06	-3.078656e-09	-8.439717e-09	-2.603238e+01	-2.179794e+02
1.040000e-06	-3.060563e-09	-8.406317e-09	-2.587939e+01	-2.169278e+02
1.050000e-06	-3.042303e-09	-8.370713e-09	-2.572498e+01	-2.158572e+02
1.060000e-06	-3.023874e-09	-8.329736e-09	-2.556916e+01	-2.147732e+02
1.070000e-06	-3.005288e-09	-8.285099e-09	-2.541200e+01	-2.136822e+02
1.080000e-06	-2.986530e-09	-8.242894e-09	-2.525338e+01	-2.125902e+02
1.090000e-06	-2.967592e-09	-8.209759e-09	-2.509325e+01	-2.115023e+02
1.100000e-06	-2.948474e-09	-8.177791e-09	-2.493159e+01	-2.104213e+02
1.110000e-06	-2.929199e-09	-8.134839e-09	-2.476860e+01	-2.093478e+02
1.120000e-06	-2.909794e-09	-8.086746e-09	-2.460452e+01	-2.082797e+02
1.130000e-06	-2.890258e-09	-8.045392e-09	-2.443933e+01	-2.072132e+02
1.140000e-06	-2.870609e-09	-8.003938e-09	-2.427318e+01	-2.061427e+02
1.150000e-06	-2.850881e-09	-7.955024e-09	-2.410637e+01	-2.050624e+02
1.160000e-06	-2.831080e-09	-7.908476e-09	-2.393894e+01	-2.039667e+02
1.170000e-06	-2.811209e-09	-7.871290e-09	-2.377091e+01	-2.028516e+02
1.180000e-06	-2.791283e-09	-7.836441e-09	-2.360242e+01	-2.017149e+02
1.190000e-06	-2.771314e-09	-7.795444e-09	-2.343356e+01	-2.005568e+02
1.200000e-06	-2.751297e-09	-7.748828e-09	-2.326430e+01	-1.993798e+02
1.210000e-06	-2.731224e-09	-7.696758e-09	-2.309457e+01	-1.981882e+02
1.220000e-06	-2.711085e-09	-7.643691e-09	-2.292429e+01	-1.969877e+02
1.230000e-06	-2.690873e-09	-7.597063e-09	-2.275338e+01	-1.957842e+02
1.240000e-06	-2.670574e-09	-7.554815e-09	-2.258173e+01	-1.945830e+02
1.250000e-06	-2.650165e-09	-7.513386e-09	-2.240916e+01	-1.933883e+02
1.260000e-06	-2.629651e-09	-7.475031e-09	-2.223569e+01	-1.922019e+02
1.270000e-06	-2.609026e-09	-7.439068e-09	-2.206130e+01	-1.910238e+02
1.280000e-06	-2.588271e-09	-7.393239e-09	-2.188580e+01	-1.898513e+02
1.290000e-06	-2.567356e-09	-7.336438e-09	-2.170895e+01	-1.886805e+02
1.300000e-06	-2.546316e-09	-7.282386e-09	-2.153103e+01	-1.875059e+02
1.310000e-06	-2.525167e-09	-7.233782e-09	-2.135221e+01	-1.863220e+02
1.320000e-06	-2.503864e-09	-7.187942e-09	-2.117207e+01	-1.851237e+02
1.330000e-06	-2.482433e-09	-7.142755e-09	-2.099086e+01	-1.839073e+02
1.340000e-06	-2.460907e-09	-7.097352e-09	-2.080884e+01	-1.826709e+02
1.350000e-06	-2.439277e-09	-7.054289e-09	-2.062594e+01	-1.814147e+02
1.360000e-06	-2.417532e-09	-7.008387e-09	-2.044207e+01	-1.801407e+02
1.370000e-06	-2.395680e-09	-6.955569e-09	-2.025729e+01	-1.788526e+02
1.380000e-06	-2.373728e-09	-6.899885e-09	-2.007167e+01	-1.775550e+02
1.390000e-06	-2.351695e-09	-6.846109e-09	-1.988536e+01	-1.762528e+02
1.400000e-06	-2.329579e-09	-6.797383e-09	-1.969836e+01	-1.749501e+02
1.410000e-06	-2.307382e-09	-6.755022e-09	-1.951067e+01	-1.736501e+02
1.420000e-06	-2.285105e-09	-6.711006e-09	-1.932230e+01	-1.723540e+02
1.430000e-06	-2.262718e-09	-6.658436e-09	-1.913299e+01	-1.710616e+02
1.440000e-06	-2.240217e-09	-6.604448e-09	-1.894273e+01	-1.697707e+02
1.450000e-06	-2.217620e-09	-6.554010e-09	-1.875166e+01	-1.684780e+02
1.460000e-06	-2.194905e-09	-6.500925e-09	-1.855958e+01	-1.671795e+02
1.470000e-06	-2.172062e-09	-6.444083e-09	-1.836643e+01	-1.658710e+02
1.480000e-06	-2.149147e-09	-6.391403e-09	-1.817267e+01	-1.645493e+02
1.490000e-06	-2.126139e-09	-6.343166e-09	-1.797812e+01	-1.632121e+02
1.500000e-06	-2.103002e-09	-6.296385e-09	-1.778248e+01	-1.618587e+02
1.510000e-06	-2.079752e-09	-6.247426e-09	-1.758588e+01	-1.604902e+02
1.520000e-06	-2.056389e-09	-6.192343e-09	-1.738833e+01	-1.591090e+02
1.530000e-06	-2.032922e-09	-6.136431e-09	-1.718990e+01	-1.577185e+02
1.540000e-06	-2.009373e-09	-6.084892e-09	-1.699077e+01	-1.563229e+02
1.550000e-06	-1.985764e-09	-6.034393e-09	-1.679113e+01	-1.549258e+02
1.560000e-06	-1.962081e-09	-5.978924e-09	-1.659088e+01	-1.535306e+02
1.570000e-06	-1.938321e-09	-5.923569e-09	-1.638997e+01	-1.521390e+02
1.580000e-06	-1.914515e-09	-5.870925e-09	-1.618867e+01	-1.507517e+02
1.590000e-06	-1.890648e-09	-5.818563e-09	-1.598686e+01	-1.493676e+02
1.600000e-06	-1.866727e-09	-5.767291e-09	-1.578459e+01	-1.479846e+02
1.610000e-06	-1.842773e-09	-5.711813e-09	-1.558204e+01	-1.465995e+02
1.620000e-06	-1.818782e-09	-5.652965e-09	-1.537918e+01	-1.452089e+02
1.630000e-06	-1.794760e-09	-5.598162e-09	-1.517605e+01	-1.438095e+02
1.640000e-06	-1.770692e-09	-5.550070e-09	-1.497254e+01	-1.423988e+02
1.650000e-06	-1.746580e-09	-5.496188e-09	-1.476865e+01	-1.409754e+02
1.660000e-06	-1.722420e-09	-5.431510e-09	-1.456436e+01	-1.395390e+02
1.670000e-06	-1.698197e-09	-5.373423e-09	-1.435954e+01	-1.380906e+02
1.680000e-06	-1.673918e-09	-5.324903e-09	-1.415424e+01	-1.366321e+02
1.690000e-06	-1.649583e-09	-5.274212e-09	-1.394847e+01	-1.351664e+02
1.700000e-06	-1.625167e-09	-5.218485e-09	-1.374201e+01	-1.336960e+02
1.710000e-06	-1.600685e-09	-5.163613e-09	-1.353499e+01	-1.322234e+02
1.720000e-06	-1.576137e-09	-5.109272e-09	-1.332742e+01	-1.307503e+02
1.730000e-06	-1.551493e-09	-5.050989e-09	-1.311904e+01	-1.292774e+02
1.740000e-06	-1.526763e-09	-4.988051e-09	-1.290993e+01	-1.278044e+02
1.750000e-06	-1.501950e-09	-4.923046e-09	-1.270012e+01	-1.263300e+02
1.760000e-06	-1.477017e-09	-4.863845e-09	-1.248929e+01	-1.248521e+02
1.770000e-06	-1.451957e-09	-4.812505e-09	-1.227739e+01	-1.233686e+02
1.780000e-06	-1.426784e-09	-4.762590e-09	-1.206454e+01	-1.218773e+02
1.790000e-06	-1.401522e-09	-4.706194e-09	-1.185093e+01	-1.203765e+02
1.800000e-06	-1.376180e-09	-4.647021e-09	-1.163664e+01	-1.188655e+02
1.810000e-06	-1.350726e-09	-4.585975e-09	-1.142141e+01	-1.173445e+02
1.820000e-06	-1.325191e-09	-4.520883e-09	-1.120549e+01	-1.158146e+02
1.830000e-06	-1.299543e-09	-4.458170e-09	-1.098861e+01	-1.142777e+02
1.840000e-06	-1.273748e-09	-4.398931e-09	-1.077050e+01	-1.127362e+02
1.850000e-06	-1.247844e-09	-4.341847e-09	-1.055147e+01	-1.111923e+02
1.860000e-06	-1.221855e-09	-4.285001e-09	-1.033171e+01	-1.096481e+02
1.870000e-06	-1.195768e-09	-4.226949e-09	-1.011113e+01	-1.081045e+02
1.880000e-06	-1.169574e-09	-4.167212e-09	-9.889633e+00	-1.065620e+02
1.890000e-06	-1.143290e-09	-4.105981e-09	-9.667385e+00	-1.050197e+02
1.900000e-06	-1.116917e-09	-4.042463e-09	-9.444381e+00	-1.034760e+02
1.910000e-06	-1.090447e-09	-3.977262e-09	-9.220557e+00	-1.019285e+02
1.920000e-06	-1.063892e-09	-3.915499e-09	-8.996012e+00	-1.003748e+02
1.930000e-06	-1.037280e-09	-3.857521e-09	-8.770986e+00	-9.881257e+01
1.940000e-06	-1.010584e-09	-3.798346e-09	-8.545254e+00	-9.724016e+01
1.950000e-06	-9.837767e-10	-3.733172e-09	-8.318578e+00	-9.565680e+01
1.960000e-06	-9.568972e-10	-3.669820e-09	-8.091291e+00	-9.406279e+01
1.970000e-06	-9.299709e-10	-3.614929e-09	-7.863610e+00	-9.245945e+01
1.980000e-06	-9.029756e-10	-3.556939e-09	-7.635344e+00	-9.084896e+01
1.990000e-06	-8.758926e-10	-3.489100e-09	-7.406337e+00	-8.923399e+01
2.000000e-06	-8.487428e-10	-3.421260e-09	-7.176764e+00	-8.761724e+01
2.010000e-06	-8.215501e-10	-3.359947e-09	-6.946830e+00	-8.600105e+01
2.020000e-06	-7.943028e-10	-3.295749e-09	-6.716434e+00	-8.438697e+01
2.030000e-06	-7.669919e-10	-3.228069e-09	-6.485499e+00	-8.277552e+01
2.040000e-06	-7.396224e-10	-3.167211e-09	-6.254070e+00	-8.116608e+01
2.050000e-06	-7.122201e-10	-3.109572e-09	-6.022362e+00	-7.955700e+01
2.060000e-06	-6.847793e-10	-3.046295e-09	-5.790329e+00	-7.794587e+01
2.070000e-06	-6.573129e-10	-2.983918e-09	-5.558080e+00	-7.632991e+01
2.080000e-06	-6.298317e-10	-2.925875e-09	-5.325706e+00	-7.470646e+01
2.090000e-06	-6.023207e-10	-2.860580e-09	-5.093080e+00	-7.307343e+01
2.100000e-06	-5.747897e-10	-2.790854e-09	-4.860284e+00	-7.142968e+01
2.110000e-06	-5.472282e-10	-2.723796e-09	-4.627230e+00	-6.977522e+01
2.120000e-06	-5.196465e-10	-2.657073e-09	-4.394006e+00	-6.811126e+01
2.130000e-06	-4.920398e-10	-2.593894e-09	-4.160570e+00	-6.644005e+01
2.140000e-06	-4.644153e-10	-2.536823e-09	-3.926984e+00	-6.476451e+01
2.150000e-06	-4.367786e-10	-2.479038e-09	-3.693294e+00	-6.308783e+01
2.160000e-06	-4.091112e-10	-2.413989e-09	-3.459346e+00	-6.141288e+01
2.170000e-06	-3.814240e-10	-2.346604e-09	-3.225228e+00	-5.974183e+01
2.180000e-06	-3.537353e-10	-2.279433e-09	-2.991099e+00	-5.807569e+01
2.190000e-06	-3.260289e-10	-2.211183e-09	-2.756820e+00	-5.641423e+01
2.200000e-06	-2.983084e-10	-2.144653e-09	-2.522422e+00	-5.475589e+01
2.210000e-06	-2.705861e-10	-2.079822e-09	-2.288008e+00	-5.309808e+01
2.220000e-06	-2.428490e-10	-2.018974e-09	-2.053469e+00	-5.143756e+01
2.230000e-06	-2.151070e-10	-1.960215e-09	-1.818889e+00	-4.977092e+01
2.240000e-06	-1.873580e-10	-1.896619e-09	-1.584250e+00	-4.809519e+01
2.250000e-06	-1.596063e-10	-1.828215e-09	-1.349588e+00	-4.640823e+01
2.260000e-06	-1.318402e-10	-1.762214e-09	-1.114804e+00	-4.470917e+01
2.270000e-06	-1.040666e-10	-1.698592e-09	-8.799565e-01	-4.299852e+01
2.280000e-06	-7.630397e-11	-1.630789e-09	-6.452020e-01	-4.127815e+01
2.290000e-06	-4.855813e-11	-1.561900e-09	-4.105893e-01	-3.955096e+01
2.300000e-06	-2.080139e-11	-1.496225e-09	-1.758845e-01	-3.782047e+01
2.310000e-06	6.967954e-12	-1.432710e-09	5.892696e-02	-3.609025e+01
2.320000e-06	3.474437e-11	-1.367668e-09	2.937983e-01	-3.436337e+01
2.330000e-06	6.252460e-11	-1.302057e-09	5.287017e-01	-3.264185e+01
2.340000e-06	9.029544e-11	-1.236350e-09	7.635257e-01	-3.092633e+01
2.350000e-06	1.180700e-10	-1.168138e-09	9.983811e-01	-2.921594e+01
2.360000e-06	1.458512e-10	-1.100644e-09	1.233293e+00	-2.750835e+01
2.370000e-06	1.736109e-10	-1.034889e-09	1.468022e+00	-2.580011e+01
2.380000e-06	2.013374e-10	-9.699145e-10	1.702471e+00	-2.408714e+01
2.390000e-06	2.290787e-10	-9.040440e-10	1.937046e+00	-2.236528e+01
2.400000e-06	2.568268e-10	-8.353024e-10	2.171677e+00	-2.063095e+01
2.410000e-06	2.845546e-10	-7.638636e-10	2.406137e+00	-1.888165e+01
2.420000e-06	3.122628e-10	-6.929327e-10	2.640430e+00	-1.711631e+01
2.430000e-06	3.399656e-10	-6.251492e-10	2.874679e+00	-1.533550e+01
2.440000e-06	3.676748e-10	-5.533235e-10	3.108982e+00	-1.354130e+01
2.450000e-06	3.953646e-10	-4.784592e-10	3.343121e+00	-1.173701e+01
2.460000e-06	4.230299e-10	-4.103592e-10	3.577052e+00	-9.926688e+00
2.470000e-06	4.506730e-10	-3.456986e-10	3.810796e+00	-8.114536e+00
2.480000e-06	4.782947e-10	-2.766799e-10	4.044359e+00	-6.304317e+00
2.490000e-06	5.058960e-10	-2.043061e-10	4.277749e+00	-4.498829e+00
2.500000e-06	5.334693e-10	-1.307001e-10	4.510903e+00	-2.699538e+00
2.510000e-06	5.610440e-10	-5.763843e-11	4.744067e+00	-9.064183e-01
2.520000e-06	5.885988e-10	1.188182e-11	4.977065e+00	8.819832e-01
2.530000e-06	6.161060e-10	8.267023e-11	5.209659e+00	2.668267e+00
2.540000e-06	6.435859e-10	1.554110e-10	5.442022e+00	4.455736e+00
2.550000e-06	6.710372e-10	2.244294e-10	5.674144e+00	6.247861e+00
2.560000e-06	6.984510e-10	2.940493e-10	5.905949e+00	8.047738e+00
2.570000e-06	7.258104e-10	3.694489e-10	6.137294e+00	9.857614e+00
2.580000e-06	7.531261e-10	4.441548e-10	6.368268e+00	1.167857e+01
2.590000e-06	7.804282e-10	5.135580e-10	6.599129e+00	1.351041e+01
2.600000e-06	8.077119e-10	5.810215e-10	6.829833e+00	1.535171e+01
2.610000e-06	8.349399e-10	6.506969e-10	7.060066e+00	1.720012e+01
2.620000e-06	8.620888e-10	7.245028e-10	7.289631e+00	1.905274e+01
2.630000e-06	8.891555e-10	7.997308e-10	7.518500e+00	2.090665e+01
2.640000e-06	9.161548e-10	8.743475e-10	7.746799e+00	2.275934e+01
2.650000e-06	9.431215e-10	9.496303e-10	7.974823e+00	2.460912e+01
2.660000e-06	9.700059e-10	1.025910e-09	8.202151e+00	2.645535e+01
2.670000e-06	9.967953e-10	1.099141e-09	8.428675e+00	2.829851e+01
2.680000e-06	1.023516e-09	1.166031e-09	8.654616e+00	3.014004e+01
2.690000e-06	1.050151e-09	1.233326e-09	8.879839e+00	3.198211e+01
2.700000e-06	1.076684e-09	1.305826e-09	9.104196e+00	3.382713e+01
2.710000e-06	1.103100e-09	1.379708e-09	9.327563e+00	3.567738e+01
2.720000e-06	1.129435e-09	1.453148e-09	9.550242e+00	3.753454e+01
2.730000e-06	1.155682e-09	1.530130e-09	9.772180e+00	3.939941e+01
2.740000e-06	1.181850e-09	1.609681e-09	9.993455e+00	4.127171e+01
2.750000e-06	1.207913e-09	1.685460e-09	1.021384e+01	4.315014e+01
2.760000e-06	1.233835e-09	1.755699e-09	1.043303e+01	4.503252e+01
2.770000e-06	1.259636e-09	1.822078e-09	1.065119e+01	4.691611e+01
2.780000e-06	1.285336e-09	1.892284e-09	1.086851e+01	4.879808e+01
2.790000e-06	1.310935e-09	1.966566e-09	1.108496e+01	5.067585e+01
2.800000e-06	1.336426e-09	2.038613e-09	1.130051e+01	5.254751e+01
2.810000e-06	1.361846e-09	2.111221e-09	1.151545e+01	5.441209e+01
2.820000e-06	1.387172e-09	2.189111e-09	1.172960e+01	5.626960e+01
2.830000e-06	1.412389e-09	2.268252e-09	1.194283e+01	5.812099e+01
2.840000e-06	1.437482e-09	2.339707e-09	1.215501e+01	5.996797e+01
2.850000e-06	1.462465e-09	2.406619e-09	1.236626e+01	6.181259e+01
2.860000e-06	1.487363e-09	2.476582e-09	1.257680e+01	6.365690e+01
2.870000e-06	1.512171e-09	2.548682e-09	1.278657e+01	6.550256e+01
2.880000e-06	1.536900e-09	2.619136e-09	1.299566e+01	6.735053e+01
2.890000e-06	1.561524e-09	2.687353e-09	1.320388e+01	6.920092e+01
2.900000e-06	1.586064e-09	2.758940e-09	1.341138e+01	7.105295e+01
2.910000e-06	1.610533e-09	2.834774e-09	1.361828e+01	7.290512e+01
2.920000e-06	1.634903e-09	2.908273e-09	1.382435e+01	7.475549e+01
2.930000e-06	1.659206e-09	2.977168e-09	1.402986e+01	7.660203e+01
2.940000e-06	1.683452e-09	3.048127e-09	1.423488e+01	7.844305e+01
2.950000e-06	1.707659e-09	3.122925e-09	1.443957e+01	8.027751e+01
2.960000e-06	1.731824e-09	3.194373e-09	1.464390e+01	8.210524e+01
2.970000e-06	1.755921e-09	3.260163e-09	1.484765e+01	8.392704e+01
2.980000e-06	1.779964e-09	3.326000e-09	1.505096e+01	8.574459e+01
2.990000e-06	1.803975e-09	3.398809e-09	1.525399e+01	8.756017e+01
3.000000e-06	1.827940e-09	3.473348e-09	1.545663e+01	8.937631e+01
3.010000e-06	1.851857e-09	3.542346e-09	1.565886e+01	9.119531e+01
3.020000e-06	1.875740e-09	3.611728e-09	1.586082e+01	9.301888e+01
3.030000e-06	1.899565e-09	3.688784e-09	1.606228e+01	9.484773e+01
3.040000e-06	1.923306e-09	3.765429e-09	1.626303e+01	9.668140e+01
3.050000e-06	1.946986e-09	3.832944e-09	1.646326e+01	9.851821e+01
3.060000e-06	1.970615e-09	3.898085e-09	1.666306e+01	1.003555e+02
3.070000e-06	1.994162e-09	3.968472e-09	1.686217e+01	1.021897e+02
3.080000e-06	2.017613e-09	4.044526e-09	1.706046e+01	1.040173e+02
3.090000e-06	2.040982e-09	4.117174e-09	1.725807e+01	1.058348e+02
3.100000e-06	2.064272e-09	4.183689e-09	1.745500e+01	1.076393e+02
3.110000e-06	2.087460e-09	4.255017e-09	1.765108e+01	1.094291e+02
3.120000e-06	2.110516e-09	4.332342e-09	1.784603e+01	1.112038e+02
3.130000e-06	2.133455e-09	4.402904e-09	1.803999e+01	1.129641e+02
3.140000e-06	2.156298e-09	4.463223e-09	1.823315e+01	1.147120e+02
3.150000e-06	2.179002e-09	4.526039e-09	1.842513e+01	1.164500e+02
3.160000e-06	2.201585e-09	4.596432e-09	1.861608e+01	1.181811e+02
3.170000e-06	2.224056e-09	4.667775e-09	1.880610e+01	1.199079e+02
3.180000e-06	2.246448e-09	4.736586e-09	1.899544e+01	1.216324e+02
3.190000e-06	2.268775e-09	4.803839e-09	1.918423e+01	1.233557e+02
3.200000e-06	2.290994e-09	4.873337e-09	1.937210e+01	1.250776e+02
3.210000e-06	2.313119e-09	4.942029e-09	1.955919e+01	1.267970e+02
3.220000e-06	2.335164e-09	5.006247e-09	1.974560e+01	1.285117e+02
3.230000e-06	2.357136e-09	5.067404e-09	1.993139e+01	1.302191e+02
3.240000e-06	2.379029e-09	5.129839e-09	2.011651e+01	1.319167e+02
3.250000e-06	2.400841e-09	5.196944e-09	2.030095e+01	1.336023e+02
3.260000e-06	2.422564e-09	5.263198e-09	2.048463e+01	1.352745e+02
3.270000e-06	2.444178e-09	5.331632e-09	2.066740e+01	1.369333e+02
3.280000e-06	2.465681e-09	5.402550e-09	2.084922e+01	1.385798e+02
3.290000e-06	2.487070e-09	5.467242e-09	2.103008e+01	1.402161e+02
3.300000e-06	2.508347e-09	5.526450e-09	2.120999e+01	1.418453e+02
3.310000e-06	2.529506e-09	5.587205e-09	2.138890e+01	1.434705e+02
3.320000e-06	2.550512e-09	5.651677e-09	2.156652e+01	1.450948e+02
3.330000e-06	2.571378e-09	5.714387e-09	2.174296e+01	1.467206e+02
3.340000e-06	2.592107e-09	5.777726e-09	2.191824e+01	1.483491e+02
3.350000e-06	2.612688e-09	5.847203e-09	2.209228e+01	1.499801e+02
3.360000e-06	2.633169e-09	5.918192e-09	2.226545e+01	1.516120e+02
3.370000e-06	2.653549e-09	5.980919e-09	2.243778e+01	1.532419e+02
3.380000e-06	2.673823e-09	6.035119e-09	2.260922e+01	1.548663e+02
3.390000e-06	2.694020e-09	6.090528e-09	2.278000e+01	1.564812e+02
3.400000e-06	2.714150e-09	6.150656e-09	2.295021e+01	1.580827e+02
3.410000e-06	2.734225e-09	6.214287e-09	2.311997e+01	1.596680e+02
3.420000e-06	2.754250e-09	6.276778e-09	2.328929e+01	1.612353e+02
3.430000e-06	2.774211e-09	6.338540e-09	2.345808e+01	1.627845e+02
3.440000e-06	2.794119e-09	6.404311e-09	2.362641e+01	1.643166e+02
3.450000e-06	2.813985e-09	6.468707e-09	2.379440e+01	1.658342e+02
3.460000e-06	2.833797e-09	6.524684e-09	2.396192e+01	1.673406e+02
3.470000e-06	2.853521e-09	6.576634e-09	2.412871e+01	1.688393e+02
3.480000e-06	2.873131e-09	6.633286e-09	2.429452e+01	1.703338e+02
3.490000e-06	2.892629e-09	6.694735e-09	2.445939e+01	1.718265e+02
3.500000e-06	2.912008e-09	6.756493e-09	2.462326e+01	1.733187e+02
3.510000e-06	2.931256e-09	6.815170e-09	2.478601e+01	1.748103e+02
3.520000e-06	2.950371e-09	6.870273e-09	2.494764e+01	1.762997e+02
3.530000e-06	2.969308e-09	6.925180e-09	2.510777e+01	1.777842e+02
3.540000e-06	2.988047e-09	6.980429e-09	2.526622e+01	1.792606e+02
3.550000e-06	3.006605e-09	7.034721e-09	2.542314e+01	1.807251e+02
3.560000e-06	3.024981e-09	7.090803e-09	2.557852e+01	1.821748e+02
3.570000e-06	3.043182e-09	7.152010e-09	2.573243e+01	1.836074e+02
3.580000e-06	3.061206e-09	7.214166e-09	2.588483e+01	1.850219e+02
3.590000e-06	3.079087e-09	7.270332e-09	2.603603e+01	1.864189e+02
3.600000e-06	3.096850e-09	7.321528e-09	2.618624e+01	1.878003e+02
3.610000e-06	3.114467e-09	7.370666e-09	2.633520e+01	1.891687e+02
3.620000e-06	3.131961e-09	7.418402e-09	2.648312e+01	1.905278e+02
3.630000e-06	3.149359e-09	7.467812e-09	2.663024e+01	1.918807e+02
3.640000e-06	3.166648e-09	7.521021e-09	2.677643e+01	1.932303e+02
3.650000e-06	3.183833e-09	7.576245e-09	2.692174e+01	1.945783e+02
3.660000e-06	3.200922e-09	7.632224e-09	2.706624e+01	1.959251e+02
3.670000e-06	3.217890e-09	7.685379e-09	2.720972e+01	1.972697e+02
3.680000e-06	3.234767e-09	7.733577e-09	2.735242e+01	1.986100e+02
3.690000e-06	3.251518e-09	7.784029e-09	2.749407e+01	1.999426e+02
3.700000e-06	3.268122e-09	7.837285e-09	2.763447e+01	2.012643e+02
3.710000e-06	3.284592e-09	7.884550e-09	2.777374e+01	2.025717e+02
3.720000e-06	3.300877e-09	7.927596e-09	2.791144e+01	2.038624e+02
3.730000e-06	3.316973e-09	7.975681e-09	2.804754e+01	2.051351e+02
3.740000e-06	3.332871e-09	8.029909e-09	2.818197e+01	2.063900e+02
3.750000e-06	3.348575e-09	8.083394e-09	2.831476e+01	2.076284e+02
3.760000e-06	3.364050e-09	8.133700e-09	2.844561e+01	2.088530e+02
3.770000e-06	3.379270e-09	8.182302e-09	2.857431e+01	2.100670e+02
3.780000e-06	3.394270e-09	8.229044e-09	2.870115e+01	2.112735e+02
3.790000e-06	3.409085e-09	8.274842e-09	2.882641e+01	2.124752e+02
3.800000e-06	3.423709e-09	8.318027e-09	2.895007e+01	2.136737e+02
3.810000e-06	3.438147e-09	8.356879e-09	2.907215e+01	2.148689e+02
3.820000e-06	3.452416e-09	8.401202e-09	2.919281e+01	2.160595e+02
3.830000e-06	3.466544e-09	8.458531e-09	2.931227e+01	2.172424e+02
3.840000e-06	3.480525e-09	8.515480e-09	2.943050e+01	2.184136e+02
3.850000e-06	3.494373e-09	8.558260e-09	2.954759e+01	2.195687e+02
3.860000e-06	3.508092e-09	8.591665e-09	2.966359e+01	2.207034e+02
3.870000e-06	3.521637e-09	8.627790e-09	2.977813e+01	2.218144e+02
3.880000e-06	3.535022e-09	8.669705e-09	2.989131e+01	2.228998e+02
3.890000e-06	3.548233e-09	8.712455e-09	3.000302e+01	2.239596e+02
3.900000e-06	3.561257e-09	8.753584e-09	3.011314e+01	2.249956e+02
3.910000e-06	3.574092e-09	8.796662e-09	3.022167e+01	2.260113e+02
3.920000e-06	3.586740e-09	8.844474e-09	3.032862e+01	2.270114e+02
3.930000e-06	3.599228e-09	8.889073e-09	3.043421e+01	2.280011e+02
3.940000e-06	3.611560e-09	8.922122e-09	3.053849e+01	2.289850e+02
3.950000e-06	3.623765e-09	8.949761e-09	3.064169e+01	2.299672e+02
3.960000e-06	3.635841e-09	8.982056e-09	3.074380e+01	2.309497e+02
3.970000e-06	3.647774e-09	9.019968e-09	3.084471e+01	2.319326e+02
3.980000e-06	3.659584e-09	9.062250e-09	3.094457e+01	2.329142e+02
3.990000e-06	3.671249e-09	9.106984e-09	3.104321e+01	2.338909e+02
4.000000e-06	3.682734e-09	9.146874e-09	3.114032e+01	2.348579e+02
4.010000e-06	3.694003e-09	9.179184e-09	3.123561e+01	2.358102e+02
4.020000e-06	3.705011e-09	9.210283e-09	3.132869e+01	2.367429e+02
4.030000e-06	3.715787e-09	9.240675e-09	3.141981e+01	2.376525e+02
4.040000e-06	3.726299e-09	9.267237e-09	3.150870e+01	2.385374e+02
4.050000e-06	3.736493e-09	9.296291e-09	3.159490e+01	2.393977e+02
4.060000e-06	3.746399e-09	9.336834e-09	3.167866e+01	2.402358e+02
4.070000e-06	3.756027e-09	9.385488e-09	3.176007e+01	2.410558e+02
4.080000e-06	3.765341e-09	9.425845e-09	3.183883e+01	2.418627e+02
4.090000e-06	3.774371e-09	9.450563e-09	3.191518e+01	2.426616e+02
4.100000e-06	3.783165e-09	9.470400e-09	3.198954e+01	2.434571e+02
4.110000e-06	3.791762e-09	9.495626e-09	3.206223e+01	2.442520e+02
4.120000e-06	3.800184e-09	9.524845e-09	3.213344e+01	2.450474e+02
4.130000e-06	3.808454e-09	9.554351e-09	3.220338e+01	2.458418e+02
4.140000e-06	3.816611e-09	9.586690e-09	3.227235e+01	2.466316e+02
4.150000e-06	3.824659e-09	9.622817e-09	3.234040e+01	2.474116e+02
4.160000e-06	3.832620e-09	9.655922e-09	3.240772e+01	2.481755e+02
4.170000e-06	3.840493e-09	9.680852e-09	3.247429e+01	2.489172e+02
4.180000e-06	3.848267e-09	9.697987e-09	3.254003e+01	2.496314e+02
4.190000e-06	3.855915e-09	9.715003e-09	3.260470e+01	2.503148e+02
4.200000e-06	3.863411e-09	9.740112e-09	3.266808e+01	2.509663e+02
4.210000e-06	3.870751e-09	9.768653e-09	3.273014e+01	2.515876e+02
4.220000e-06	3.877933e-09	9.793209e-09	3.279088e+01	2.521823e+02
4.230000e-06	3.884922e-09	9.816166e-09	3.284997e+01	2.527564e+02
4.240000e-06	3.891697e-09	9.842529e-09	3.290726e+01	2.533162e+02
4.250000e-06	3.898297e-09	9.866857e-09	3.296307e+01	2.538683e+02
4.260000e-06	3.904742e-09	9.883679e-09	3.301756e+01	2.544178e+02
4.270000e-06	3.911030e-09	9.900025e-09	3.307073e+01	2.549680e+02
4.280000e-06	3.917153e-09	9.920241e-09	3.312251e+01	2.555196e+02
4.290000e-06	3.923116e-09	9.939163e-09	3.317293e+01	2.560705e+02
4.300000e-06	3.928913e-09	9.956524e-09	3.322195e+01	2.566163e+02
4.310000e-06	3.934553e-09	9.974240e-09	3.326964e+01	2.571511e+02
4.320000e-06	3.940020e-09	9.988253e-09	3.331586e+01	2.576682e+02
4.330000e-06	3.945282e-09	1.000368e-08	3.336036e+01	2.581612e+02
4.340000e-06	3.950336e-09	1.002747e-08	3.340309e+01	2.586256e+02
4.350000e-06	3.955192e-09	1.005058e-08	3.344416e+01	2.590591e+02
4.360000e-06	3.959853e-09	1.006535e-08	3.348357e+01	2.594621e+02
4.370000e-06	3.964332e-09	1.007763e-08	3.352144e+01	2.598382e+02
4.380000e-06	3.968673e-09	1.009135e-08	3.355815e+01	2.601930e+02
4.390000e-06	3.972906e-09	1.010142e-08	3.359394e+01	2.605338e+02
4.400000e-06	3.977031e-09	1.010737e-08	3.362882e+01	2.608680e+02
4.410000e-06	3.981067e-09	1.011879e-08	3.366295e+01	2.612022e+02
4.420000e-06	3.985018e-09	1.013872e-08	3.369636e+01	2.615404e+02
4.430000e-06	3.988867e-09	1.015817e-08	3.372891e+01	2.618840e+02
4.440000e-06	3.992610e-09	1.017173e-08	3.376056e+01	2.622307e+02
4.450000e-06	3.996222e-09	1.018258e-08	3.379110e+01	2.625751e+02
4.460000e-06	3.999669e-09	1.018982e-08	3.382024e+01	2.629091e+02
4.470000e-06	4.002910e-09	1.019073e-08	3.384765e+01	2.632235e+02
4.480000e-06	4.005920e-09	1.019125e-08	3.387310e+01	2.635093e+02
4.490000e-06	4.008676e-09	1.019841e-08	3.389640e+01	2.637591e+02
4.500000e-06	4.011146e-09	1.020911e-08	3.391729e+01	2.639688e+02
4.510000e-06	4.013314e-09	1.021878e-08	3.393562e+01	2.641384e+02
4.520000e-06	4.015161e-09	1.022874e-08	3.395124e+01	2.642723e+02
4.530000e-06	4.016714e-09	1.023672e-08	3.396437e+01	2.643793e+02
4.540000e-06	4.017983e-09	1.024085e-08	3.397510e+01	2.644710e+02
4.550000e-06	4.018971e-09	1.024582e-08	3.398345e+01	2.645607e+02
4.560000e-06	4.019710e-09	1.025105e-08	3.398970e+01	2.646612e+02
4.570000e-06	4.020228e-09	1.024967e-08	3.399409e+01	2.647828e+02
4.580000e-06	4.020595e-09	1.024952e-08	3.399719e+01	2.649315e+02
4.590000e-06	4.020832e-09	1.025816e-08	3.399919e+01	2.651076e+02
4.600000e-06	4.020937e-09	1.026230e-08	3.400008e+01	2.653052e+02
4.610000e-06	4.020951e-09	1.026078e-08	3.400020e+01	2.655123e+02
4.620000e-06	4.020868e-09	1.026563e-08	3.399950e+01	2.657125e+02
4.630000e-06	4.020679e-09	1.026828e-08	3.399789e+01	2.658865e+02
4.640000e-06	4.020397e-09	1.026361e-08	3.399552e+01	2.660147e+02
4.650000e-06	4.019983e-09	1.026864e-08	3.399201e+01	2.660800e+02
4.660000e-06	4.019389e-09	1.027234e-08	3.398699e+01	2.660705e+02
4.670000e-06	4.018594e-09	1.025261e-08	3.398027e+01	2.659814e+02
4.680000e-06	4.017605e-09	1.031667e-08	3.397190e+01	2.658163e+02
4.690000e-06	4.016428e-09	1.046671e-08	3.396195e+01	2.655872e+02
4.700000e-06	4.015035e-09	1.035791e-08	3.395017e+01	2.653141e+02
4.710000e-06	4.013428e-09	1.002352e-08	3.393659e+01	2.650225e+02
4.720000e-06	4.011630e-09	1.010114e-08	3.392138e+01	2.647412e+02
4.730000e-06	4.009670e-09	1.041831e-08	3.390481e+01	2.644989e+02
4.740000e-06	4.007571e-09	1.019635e-08	3.388706e+01	2.643207e+02
4.750000e-06	4.005332e-09	9.957694e-09	3.386813e+01	2.642256e+02
4.760000e-06	4.002953e-09	1.041820e-08	3.384801e+01	2.642239e+02
4.770000e-06	4.000398e-09	1.069447e-08	3.382641e+01	2.643164e+02
4.780000e-06	3.997657e-09	1.019146e-08	3.380323e+01	2.644938e+02
4.790000e-06	3.994730e-09	9.929749e-09	3.377848e+01	2.647383e+02
4.800000e-06	3.991634e-09	1.042836e-08	3.375230e+01	2.650254e+02
4.810000e-06	3.988366e-09	1.067229e-08	3.372467e+01	2.653267e+02
4.820000e-06	3.984901e-09	1.024693e-08	3.369536e+01	2.656131e+02
4.830000e-06	3.981289e-09	1.013595e-08	3.366482e+01	2.658583e+02
4.840000e-06	3.977545e-09	1.052082e-08	3.363317e+01	2.660408e+02
4.850000e-06	3.973692e-09	1.049437e-08	3.360059e+01	2.661464e+02
4.860000e-06	3.969755e-09	1.013371e-08	3.356730e+01	2.661689e+02
4.870000e-06	3.965720e-09	1.025644e-08	3.353318e+01	2.661098e+02
4.880000e-06	3.961586e-09	1.055610e-08	3.349822e+01	2.659777e+02
4.890000e-06	3.957364e-09	1.028753e-08	3.346252e+01	2.657860e+02
4.900000e-06	3.953025e-09	1.003762e-08	3.342583e+01	2.655506e+02
4.910000e-06	3.948520e-09	1.046133e-08	3.338773e+01	2.652877e+02
4.920000e-06	3.943800e-09	1.069260e-08	3.334782e+01	2.650115e+02
4.930000e-06	3.938819e-09	1.017680e-08	3.330571e+01	2.647326e+02
4.940000e-06	3.933540e-09	9.908795e-09	3.326107e+01	2.644569e+02
4.950000e-06	3.927935e-09	1.037467e-08	3.321367e+01	2.641856e+02
4.960000e-06	3.921999e-09	1.056797e-08	3.316348e+01	2.639163e+02
4.970000e-06	3.915741e-09	1.022888e-08	3.311056e+01	2.636437e+02
4.980000e-06	3.909175e-09	1.028993e-08	3.305504e+01	2.633619e+02
4.990000e-06	3.902319e-09	1.048463e-08	3.299707e+01	2.630658e+02
5.000000e-06	3.895209e-09	1.007189e-08	3.293695e+01	2.627525e+02
5.010000e-06	3.887885e-09	9.838739e-09	3.287502e+01	2.624229e+02
5.020000e-06	3.880367e-09	1.032692e-08	3.281145e+01	2.620811e+02
5.030000e-06	3.872695e-09	1.056200e-08	3.274658e+01	2.617348e+02
5.040000e-06	3.864915e-09	1.028102e-08	3.268079e+01	2.613936e+02
5.050000e-06	3.857022e-09	1.036568e-08	3.261405e+01	2.610677e+02
5.060000e-06	3.849030e-09	1.052055e-08	3.254647e+01	2.607657e+02
5.070000e-06	3.840960e-09	1.006255e-08	3.247823e+01	2.604933e+02
5.080000e-06	3.832803e-09	9.820856e-09	3.240926e+01	2.602513e+02
5.090000e-06	3.824523e-09	1.017703e-08	3.233924e+01	2.600352e+02
5.100000e-06	3.816090e-09	1.020730e-08	3.226793e+01	2.598349e+02
5.110000e-06	3.807489e-09	1.004582e-08	3.219521e+01	2.596357e+02
5.120000e-06	3.798727e-09	1.041548e-08	3.212112e+01	2.594197e+02
5.130000e-06	3.789794e-09	1.061328e-08	3.204559e+01	2.591676e+02
5.140000e-06	3.780657e-09	1.022384e-08	3.196833e+01	2.588615e+02
5.150000e-06	3.771313e-09	1.015055e-08	3.188931e+01	2.584870e+02
5.160000e-06	3.761789e-09	1.032078e-08	3.180878e+01	2.580347e+02
5.170000e-06	3.752109e-09	1.002840e-08	3.172693e+01	2.575021e+02
5.180000e-06	3.742272e-09	9.863631e-09	3.164375e+01	2.568935e+02
5.190000e-06	3.732280e-09	1.015060e-08	3.155926e+01	2.562199e+02
5.200000e-06	3.722156e-09	1.012468e-08	3.147365e+01	2.554971e+02
5.210000e-06	3.711900e-09	9.902518e-09	3.138694e+01	2.547446e+02
5.220000e-06	3.701478e-09	1.002322e-08	3.129880e+01	2.539823e+02
5.230000e-06	3.690890e-09	1.007480e-08	3.120927e+01	2.532289e+02
5.240000e-06	3.680133e-09	9.897898e-09	3.111832e+01	2.524990e+02
5.250000e-06	3.669193e-09	9.895649e-09	3.102581e+01	2.518020e+02
5.260000e-06	3.658069e-09	9.947145e-09	3.093175e+01	2.511410e+02
5.270000e-06	3.646773e-09	9.860751e-09	3.083623e+01	2.505128e+02
5.280000e-06	3.635299e-09	9.822956e-09	3.073921e+01	2.499087e+02
5.290000e-06	3.623647e-09	9.829292e-09	3.064069e+01	2.493161e+02
5.300000e-06	3.611825e-09	9.780746e-09	3.054072e+01	2.487202e+02
5.310000e-06	3.599856e-09	9.756857e-09	3.043952e+01	2.481066e+02
5.320000e-06	3.587747e-09	9.748423e-09	3.033712e+01	2.474627e+02
5.330000e-06	3.575471e-09	9.711141e-09	3.023332e+01	2.467801e+02
5.340000e-06	3.563008e-09	9.685696e-09	3.012794e+01	2.460546e+02
5.350000e-06	3.550333e-09	9.650212e-09	3.002076e+01	2.452875e+02
5.360000e-06	3.537473e-09	9.607974e-09	2.991202e+01	2.444843e+02
5.370000e-06	3.524389e-09	9.590207e-09	2.980138e+01	2.436542e+02
5.380000e-06	3.511030e-09	9.548591e-09	2.968842e+01	2.428080e+02
5.390000e-06	3.497378e-09	9.501154e-09	2.957298e+01	2.419571e+02
5.400000e-06	3.483427e-09	9.502003e-09	2.945502e+01	2.411110e+02
5.410000e-06	3.469201e-09	9.485314e-09	2.933473e+01	2.402766e+02
5.420000e-06	3.454702e-09	9.423706e-09	2.921213e+01	2.394570e+02
5.430000e-06	3.439919e-09	9.387872e-09	2.908713e+01	2.386514e+02
5.440000e-06	3.424863e-09	9.367334e-09	2.895982e+01	2.378553e+02
5.450000e-06	3.409605e-09	9.324535e-09	2.883080e+01	2.370617e+02
5.460000e-06	3.394184e-09	9.285566e-09	2.870040e+01	2.362619e+02
5.470000e-06	3.378603e-09	9.256412e-09	2.856866e+01	2.354475e+02
5.480000e-06	3.362887e-09	9.219330e-09	2.843576e+01	2.346111e+02
5.490000e-06	3.347070e-09	9.183843e-09	2.830202e+01	2.337482e+02
5.500000e-06	3.331166e-09	9.155515e-09	2.816753e+01	2.328570e+02
5.510000e-06	3.315188e-09	9.114929e-09	2.803243e+01	2.319391e+02
5.520000e-06	3.299147e-09	9.067108e-09	2.789680e+01	2.309991e+02
5.530000e-06	3.283030e-09	9.038157e-09	2.776051e+01	2.300435e+02
5.540000e-06	3.266821e-09	9.018405e-09	2.762345e+01	2.290797e+02
5.550000e-06	3.250500e-09	8.978056e-09	2.748544e+01	2.281149e+02
5.560000e-06	3.234052e-09	8.929143e-09	2.734637e+01	2.271547e+02
5.570000e-06	3.217464e-09	8.892459e-09	2.720610e+01	2.262026e+02
5.580000e-06	3.200704e-09	8.850187e-09	2.706438e+01	2.252590e+02
5.590000e-06	3.183781e-09	8.801917e-09	2.692129e+01	2.243218e+02
5.600000e-06	3.166708e-09	8.766695e-09	2.677692e+01	2.233862e+02
5.610000e-06	3.149480e-09	8.733390e-09	2.663124e+01	2.224460e+02
5.620000e-06	3.132086e-09	8.690539e-09	2.648416e+01	2.214944e+02
5.630000e-06	3.114544e-09	8.652748e-09	2.633583e+01	2.205252e+02
5.640000e-06	3.096872e-09	8.618449e-09	2.618640e+01	2.195338e+02
5.650000e-06	3.079063e-09	8.570879e-09	2.603581e+01	2.185179e+02
5.660000e-06	3.061148e-09	8.520200e-09	2.588433e+01	2.174777e+02
5.670000e-06	3.043134e-09	8.479701e-09	2.573200e+01	2.164161e+02
5.680000e-06	3.025019e-09	8.437459e-09	2.557883e+01	2.153380e+02
5.690000e-06	3.006816e-09	8.389881e-09	2.542491e+01	2.142496e+02
5.700000e-06	2.988502e-09	8.347854e-09	2.527005e+01	2.131573e+02
5.710000e-06	2.970071e-09	8.307014e-09	2.511421e+01	2.120667e+02
5.720000e-06	2.951518e-09	8.265002e-09	2.495733e+01	2.109820e+02
5.730000e-06	2.932812e-09	8.229611e-09	2.479915e+01	2.099047e+02
5.740000e-06	2.913945e-09	8.190405e-09	2.463961e+01	2.088343e+02
5.750000e-06	2.894930e-09	8.138827e-09	2.447883e+01	2.077678e+02
5.760000e-06	2.875752e-09	8.088075e-09	2.431666e+01	2.067002e+02
5.770000e-06	2.856417e-09	8.045749e-09	2.415317e+01	2.056259e+02
5.780000e-06	2.836984e-09	8.003298e-09	2.398885e+01	2.045388e+02
5.790000e-06	2.817430e-09	7.956663e-09	2.382351e+01	2.034342e+02
5.800000e-06	2.797750e-09	7.912528e-09	2.365710e+01	2.023087e+02
5.810000e-06	2.777985e-09	7.871829e-09	2.348997e+01	2.011613e+02
5.820000e-06	2.758142e-09	7.829983e-09	2.332218e+01	1.999934e+02
5.830000e-06	2.738232e-09	7.783066e-09	2.315382e+01	1.988085e+02
5.840000e-06	2.718282e-09	7.730665e-09	2.298513e+01	1.976117e+02
5.850000e-06	2.698289e-09	7.680242e-09	2.281608e+01	1.964088e+02
5.860000e-06	2.678247e-09	7.638426e-09	2.264660e+01	1.952058e+02
5.870000e-06	2.658154e-09	7.595849e-09	2.247671e+01	1.940073e+02
5.880000e-06	2.637999e-09	7.544620e-09	2.230628e+01	1.928166e+02
5.890000e-06	2.617759e-09	7.495532e-09	2.213513e+01	1.916344e+02
5.900000e-06	2.597437e-09	7.453956e-09	2.196329e+01	1.904596e+02
5.910000e-06	2.577045e-09	7.409308e-09	2.179087e+01	1.892887e+02
5.920000e-06	2.556549e-09	7.355038e-09	2.161756e+01	1.881169e+02
5.930000e-06	2.535899e-09	7.300060e-09	2.144294e+01	1.869385e+02
5.940000e-06	2.515081e-09	7.254013e-09	2.126691e+01	1.857483e+02
5.950000e-06	2.494081e-09	7.214549e-09	2.108934e+01	1.845415e+02
5.960000e-06	2.472879e-09	7.171566e-09	2.091006e+01	1.833155e+02
5.970000e-06	2.451481e-09	7.120440e-09	2.072913e+01	1.820692e+02
5.980000e-06	2.429869e-09	7.068737e-09	2.054638e+01	1.808038e+02
5.990000e-06	2.408046e-09	7.020741e-09	2.036185e+01	1.795223e+02
6.000000e-06	2.386023e-09	6.971137e-09	2.017563e+01	1.782289e+02
6.010000e-06	2.363788e-09	6.916731e-09	1.998762e+01	1.769283e+02
6.020000e-06	2.341339e-09	6.863437e-09	1.979780e+01	1.756254e+02
6.030000e-06	2.318687e-09	6.816361e-09	1.960626e+01	1.743237e+02
6.040000e-06	2.295883e-09	6.768277e-09	1.941343e+01	1.730256e+02
6.050000e-06	2.272934e-09	6.714618e-09	1.921938e+01	1.717316e+02
6.060000e-06	2.249836e-09	6.658925e-09	1.902407e+01	1.704405e+02
6.070000e-06	2.226587e-09	6.608369e-09	1.882748e+01	1.691493e+02
6.080000e-06	2.203221e-09	6.563128e-09	1.862990e+01	1.678544e+02
6.090000e-06	2.179756e-09	6.514782e-09	1.843149e+01	1.665516e+02
6.100000e-06	2.156182e-09	6.460554e-09	1.823215e+01	1.652371e+02
6.110000e-06	2.132532e-09	6.402779e-09	1.803217e+01	1.639080e+02
6.120000e-06	2.108798e-09	6.345366e-09	1.783148e+01	1.625628e+02
6.130000e-06	2.084988e-09	6.289354e-09	1.763015e+01	1.612017e+02
6.140000e-06	2.061140e-09	6.236103e-09	1.742850e+01	1.598265e+02
6.150000e-06	2.037252e-09	6.187077e-09	1.722651e+01	1.584402e+02
6.160000e-06	2.013305e-09	6.139598e-09	1.702402e+01	1.570466e+02
6.170000e-06	1.989305e-09	6.088246e-09	1.682108e+01	1.556497e+02
6.180000e-06	1.965279e-09	6.031579e-09	1.661792e+01	1.542531e+02
6.190000e-06	1.941223e-09	5.971058e-09	1.641451e+01	1.528595e+02
6.200000e-06	1.917119e-09	5.909854e-09	1.621069e+01	1.514701e+02
6.210000e-06	1.892965e-09	5.853451e-09	1.600645e+01	1.500846e+02
6.220000e-06	1.868761e-09	5.801312e-09	1.580179e+01	1.487016e+02
6.230000e-06	1.844498e-09	5.750208e-09	1.559662e+01	1.473181e+02
6.240000e-06	1.820168e-09	5.697482e-09	1.539090e+01	1.459309e+02
6.250000e-06	1.795786e-09	5.638687e-09	1.518473e+01	1.445364e+02
6.260000e-06	1.771354e-09	5.576883e-09	1.497813e+01	1.431319e+02
6.270000e-06	1.746848e-09	5.523142e-09	1.477092e+01	1.417151e+02
6.280000e-06	1.722268e-09	5.475426e-09	1.456308e+01	1.402852e+02
6.290000e-06	1.697611e-09	5.418834e-09	1.435458e+01	1.388427e+02
6.300000e-06	1.672843e-09	5.357983e-09	1.414514e+01	1.373890e+02
6.310000e-06	1.647981e-09	5.302455e-09	1.393492e+01	1.359265e+02
6.320000e-06	1.623044e-09	5.244037e-09	1.372406e+01	1.344581e+02
6.330000e-06	1.598004e-09	5.179594e-09	1.351233e+01	1.329863e+02
6.340000e-06	1.572900e-09	5.116224e-09	1.330005e+01	1.315132e+02
6.350000e-06	1.547753e-09	5.060674e-09	1.308741e+01	1.300403e+02
6.360000e-06	1.522511e-09	5.010823e-09	1.287398e+01	1.285675e+02
6.370000e-06	1.497174e-09	4.962676e-09	1.265973e+01	1.270941e+02
6.380000e-06	1.471748e-09	4.907524e-09	1.244474e+01	1.256184e+02
6.390000e-06	1.446259e-09	4.840071e-09	1.222921e+01	1.241382e+02
6.400000e-06	1.420707e-09	4.770532e-09	1.201314e+01	1.226512e+02
6.410000e-06	1.395079e-09	4.705958e-09	1.179644e+01	1.211555e+02
6.420000e-06	1.369404e-09	4.644165e-09	1.157934e+01	1.196498e+02
6.430000e-06	1.343675e-09	4.583175e-09	1.136178e+01	1.181338e+02
6.440000e-06	1.317895e-09	4.528414e-09	1.114380e+01	1.166082e+02
6.450000e-06	1.292072e-09	4.481552e-09	1.092544e+01	1.150746e+02
6.460000e-06	1.266189e-09	4.432239e-09	1.070658e+01	1.135350e+02
6.470000e-06	1.240248e-09	4.371419e-09	1.048722e+01	1.119920e+02
6.480000e-06	1.214269e-09	4.305844e-09	1.026755e+01	1.104477e+02
6.490000e-06	1.188239e-09	4.244122e-09	1.004745e+01	1.089036e+02
6.500000e-06	1.162175e-09	4.181164e-09	9.827058e+00	1.073607e+02
6.510000e-06	1.136075e-09	4.113469e-09	9.606365e+00	1.058185e+02
6.520000e-06	1.109925e-09	4.047923e-09	9.385249e+00	1.042758e+02
6.530000e-06	1.083755e-09	3.990418e-09	9.163962e+00	1.027306e+02
6.540000e-06	1.057547e-09	3.936905e-09	8.942345e+00	1.011805e+02
6.550000e-06	1.031268e-09	3.881199e-09	8.720140e+00	9.962304e+01
6.560000e-06	1.004930e-09	3.821633e-09	8.497427e+00	9.805607e+01
6.570000e-06	9.785571e-10	3.760003e-09	8.274428e+00	9.647837e+01
6.580000e-06	9.521601e-10	3.696074e-09	8.051221e+00	9.488968e+01
6.590000e-06	9.257298e-10	3.628685e-09	7.827733e+00	9.329083e+01
6.600000e-06	8.992576e-10	3.559484e-09	7.603891e+00	9.168359e+01
6.610000e-06	8.727116e-10	3.492834e-09	7.379424e+00	9.007045e+01
6.620000e-06	8.461168e-10	3.434794e-09	7.154545e+00	8.845417e+01
6.630000e-06	8.195067e-10	3.382571e-09	6.929536e+00	8.683735e+01
6.640000e-06	7.928545e-10	3.326168e-09	6.704172e+00	8.522199e+01
6.650000e-06	7.661451e-10	3.262968e-09	6.478324e+00	8.360919e+01
6.660000e-06	7.393807e-10	3.198463e-09	6.252011e+00	8.199889e+01
6.670000e-06	7.125864e-10	3.131924e-09	6.025445e+00	8.038996e+01
6.680000e-06	6.857596e-10	3.063300e-09	5.798604e+00	7.878031e+01
6.690000e-06	6.588847e-10	2.997201e-09	5.571357e+00	7.716730e+01
6.700000e-06	6.319822e-10	2.934038e-09	5.343876e+00	7.554811e+01
6.710000e-06	6.050528e-10	2.872375e-09	5.116168e+00	7.392030e+01
6.720000e-06	5.780984e-10	2.809664e-09	4.888248e+00	7.228219e+01
6.730000e-06	5.511208e-10	2.743736e-09	4.660132e+00	7.063317e+01
6.740000e-06	5.241026e-10	2.675956e-09	4.431673e+00	6.897383e+01
6.750000e-06	4.970344e-10	2.609366e-09	4.202790e+00	6.730595e+01
6.760000e-06	4.699540e-10	2.544771e-09	3.973805e+00	6.563215e+01
6.770000e-06	4.428522e-10	2.481969e-09	3.744639e+00	6.395556e+01
6.780000e-06	4.157284e-10	2.419873e-09	3.515287e+00	6.227930e+01
6.790000e-06	3.885993e-10	2.355300e-09	3.285889e+00	6.060596e+01
6.800000e-06	3.614416e-10	2.289196e-09	3.056250e+00	5.893720e+01
6.810000e-06	3.342763e-10	2.224447e-09	2.826548e+00	5.727344e+01
6.820000e-06	3.070822e-10	2.159316e-09	2.596601e+00	5.561379e+01
6.830000e-06	2.798637e-10	2.088481e-09	2.366448e+00	5.395614e+01
6.840000e-06	2.526343e-10	2.012528e-09	2.136203e+00	5.229752e+01
6.850000e-06	2.253707e-10	1.943544e-09	1.905669e+00	5.063452e+01
6.860000e-06	1.980761e-10	1.886080e-09	1.674873e+00	4.896387e+01
6.870000e-06	1.707830e-10	1.829547e-09	1.444089e+00	4.728293e+01
6.880000e-06	1.434858e-10	1.762395e-09	1.213270e+00	4.559015e+01
6.890000e-06	1.161661e-10	1.693443e-09	9.822615e-01	4.388530e+01
6.900000e-06	8.886813e-11	1.631449e-09	7.514367e-01	4.216959e+01
6.910000e-06	6.158535e-11	1.562801e-09	5.207403e-01	4.044544e+01
6.920000e-06	3.428426e-11	1.480820e-09	2.898889e-01	3.871612e+01
6.930000e-06	7.003388e-12	1.397696e-09	5.920828e-02	3.698526e+01
6.940000e-06	-2.025958e-11	1.329420e-09	-1.713208e-01	3.525628e+01
6.950000e-06	-4.754717e-11	1.276731e-09	-4.020581e-01	3.353179e+01
6.960000e-06	-7.483616e-11	1.224843e-09	-6.328073e-01	3.181318e+01
6.970000e-06	-1.021184e-10	1.161554e-09	-8.634989e-01	3.010037e+01
6.980000e-06	-1.293992e-10	1.090673e-09	-1.094179e+00	2.839174e+01
6.990000e-06	-1.566762e-10	1.021710e-09	-1.324827e+00	2.668437e+01
7.000000e-06	-1.839379e-10	9.488176e-10	-1.555345e+00	2.497441e+01
7.010000e-06	-2.111944e-10	8.655801e-10	-1.785819e+00	2.325767e+01
7.020000e-06	-2.384636e-10	7.852492e-10	-2.016401e+00	2.153017e+01
7.030000e-06	-2.656937e-10	7.209487e-10	-2.246652e+00	1.978880e+01
7.040000e-06	-2.928936e-10	6.691597e-10	-2.476647e+00	1.803171e+01
7.050000e-06	-3.200798e-10	6.139980e-10	-2.706528e+00	1.625864e+01
7.060000e-06	-3.472419e-10	5.483395e-10	-2.936203e+00	1.447091e+01
7.070000e-06	-3.744018e-10	4.779302e-10	-3.165861e+00	1.267127e+01
7.080000e-06	-4.015304e-10	4.047152e-10	-3.395253e+00	1.086345e+01
7.090000e-06	-4.286189e-10	3.306389e-10	-3.624306e+00	9.051668e+00
7.100000e-06	-4.556964e-10	2.541333e-10	-3.853267e+00	7.240000e+00
7.110000e-06	-4.827344e-10	1.752204e-10	-4.081894e+00	5.431800e+00
7.120000e-06	-5.097393e-10	1.050499e-10	-4.310241e+00	3.629254e+00
7.130000e-06	-5.367259e-10	4.451773e-11	-4.538433e+00	1.833105e+00
7.140000e-06	-5.636717e-10	-1.672775e-11	-4.766280e+00	4.260355e-02
7.150000e-06	-5.905809e-10	-8.262779e-11	-4.993818e+00	-1.744318e+00
7.160000e-06	-6.174630e-10	-1.515042e-10	-5.221126e+00	-3.530677e+00
7.170000e-06	-6.443110e-10	-2.245534e-10	-5.448145e+00	-5.319939e+00
7.180000e-06	-6.711203e-10	-2.982170e-10	-5.674838e+00	-7.115465e+00
7.190000e-06	-6.979014e-10	-3.700241e-10	-5.901292e+00	-8.919993e+00
7.200000e-06	-7.246586e-10	-4.441437e-10	-6.127544e+00	-1.073523e+01
7.210000e-06	-7.513527e-10	-5.174831e-10	-6.353263e+00	-1.256164e+01
7.220000e-06	-7.779962e-10	-5.862123e-10	-6.578554e+00	-1.439840e+01
7.230000e-06	-8.046287e-10	-6.489474e-10	-6.803752e+00	-1.624356e+01
7.240000e-06	-8.312394e-10	-7.097786e-10	-7.028765e+00	-1.809446e+01
7.250000e-06	-8.577947e-10	-7.781569e-10	-7.253310e+00	-1.994811e+01
7.260000e-06	-8.842827e-10	-8.548200e-10	-7.477286e+00	-2.180172e+01
7.270000e-06	-9.107374e-10	-9.298236e-10	-7.700981e+00	-2.365314e+01
7.280000e-06	-9.371515e-10	-1.001907e-09	-7.924332e+00	-2.550118e+01
7.290000e-06	-9.635252e-10	-1.080830e-09	-8.147341e+00	-2.734573e+01
7.300000e-06	-9.898537e-10	-1.162633e-09	-8.369969e+00	-2.918781e+01
7.310000e-06	-1.016136e-09	-1.234036e-09	-8.592203e+00	-3.102924e+01
7.320000e-06	-1.042379e-09	-1.294975e-09	-8.814114e+00	-3.287239e+01
7.330000e-06	-1.068570e-09	-1.357910e-09	-9.035573e+00	-3.471966e+01
7.340000e-06	-1.094705e-09	-1.427623e-09	-9.256565e+00	-3.657311e+01
7.350000e-06	-1.120798e-09	-1.498841e-09	-9.477206e+00	-3.843400e+01
7.360000e-06	-1.146854e-09	-1.572387e-09	-9.697529e+00	-4.030264e+01
7.370000e-06	-1.172865e-09	-1.649964e-09	-9.917473e+00	-4.217821e+01
7.380000e-06	-1.198834e-09	-1.729180e-09	-1.013706e+01	-4.405895e+01
7.390000e-06	-1.224751e-09	-1.805637e-09	-1.035620e+01	-4.594234e+01
7.400000e-06	-1.250615e-09	-1.875646e-09	-1.057491e+01	-4.782555e+01
7.410000e-06	-1.276442e-09	-1.940751e-09	-1.079330e+01	-4.970579e+01
7.420000e-06	-1.302217e-09	-2.007899e-09	-1.101124e+01	-5.158077e+01
7.430000e-06	-1.327930e-09	-2.082293e-09	-1.122866e+01	-5.344902e+01
7.440000e-06	-1.353602e-09	-2.159945e-09	-1.144574e+01	-5.531004e+01
7.450000e-06	-1.379216e-09	-2.237109e-09	-1.166233e+01	-5.716434e+01
7.460000e-06	-1.404768e-09	-2.312792e-09	-1.187839e+01	-5.901327e+01
7.470000e-06	-1.430250e-09	-2.384941e-09	-1.209386e+01	-6.085877e+01
7.480000e-06	-1.455652e-09	-2.454137e-09	-1.230865e+01	-6.270295e+01
7.490000e-06	-1.480988e-09	-2.521054e-09	-1.252289e+01	-6.454773e+01
7.500000e-06	-1.506230e-09	-2.586983e-09	-1.273633e+01	-6.639445e+01
7.510000e-06	-1.531411e-09	-2.658426e-09	-1.294925e+01	-6.824369e+01
7.520000e-06	-1.556522e-09	-2.737650e-09	-1.316158e+01	-7.009509e+01
7.530000e-06	-1.581539e-09	-2.817573e-09	-1.337312e+01	-7.194749e+01
7.540000e-06	-1.606477e-09	-2.897506e-09	-1.358399e+01	-7.379912e+01
7.550000e-06	-1.631334e-09	-2.975779e-09	-1.379417e+01	-7.564794e+01
7.560000e-06	-1.656093e-09	-3.043389e-09	-1.400353e+01	-7.749204e+01
7.570000e-06	-1.680743e-09	-3.100468e-09	-1.421197e+01	-7.932998e+01
7.580000e-06	-1.705327e-09	-3.159371e-09	-1.441984e+01	-8.116113e+01
7.590000e-06	-1.729843e-09	-3.228430e-09	-1.462714e+01	-8.298581e+01
7.600000e-06	-1.754262e-09	-3.304052e-09	-1.483363e+01	-8.480525e+01
7.610000e-06	-1.778617e-09	-3.384226e-09	-1.503957e+01	-8.662149e+01
7.620000e-06	-1.802924e-09	-3.466113e-09	-1.524510e+01	-8.843699e+01
7.630000e-06	-1.827168e-09	-3.546109e-09	-1.545010e+01	-9.025423e+01
7.640000e-06	-1.851364e-09	-3.621207e-09	-1.565470e+01	-9.207528e+01
7.650000e-06	-1.875516e-09	-3.688621e-09	-1.585892e+01	-9.390141e+01
7.660000e-06	-1.899620e-09	-3.748903e-09	-1.606274e+01	-9.573278e+01
7.670000e-06	-1.923698e-09	-3.806854e-09	-1.626634e+01	-9.756832e+01
7.680000e-06	-1.947741e-09	-3.873002e-09	-1.646964e+01	-9.940581e+01
7.690000e-06	-1.971734e-09	-3.946771e-09	-1.667252e+01	-1.012422e+02
7.700000e-06	-1.995698e-09	-4.022845e-09	-1.687516e+01	-1.030737e+02
7.710000e-06	-2.019622e-09	-4.101781e-09	-1.707745e+01	-1.048968e+02
7.720000e-06	-2.043491e-09	-4.180837e-09	-1.727929e+01	-1.067083e+02
7.730000e-06	-2.067321e-09	-4.251673e-09	-1.748078e+01	-1.085057e+02
7.740000e-06	-2.091090e-09	-4.313248e-09	-1.768177e+01	-1.102882e+02
7.750000e-06	-2.114772e-09	-4.374463e-09	-1.788201e+01	-1.120556e+02
7.760000e-06	-2.138372e-09	-4.437101e-09	-1.808158e+01	-1.138096e+02
7.770000e-06	-2.161898e-09	-4.502121e-09	-1.828051e+01	-1.155522e+02
7.780000e-06	-2.185325e-09	-4.572627e-09	-1.847860e+01	-1.172864e+02
7.790000e-06	-2.208626e-09	-4.648845e-09	-1.867563e+01	-1.190151e+02
7.800000e-06	-2.231793e-09	-4.723188e-09	-1.887152e+01	-1.207406e+02
7.810000e-06	-2.254820e-09	-4.791225e-09	-1.906623e+01	-1.224644e+02
7.820000e-06	-2.277713e-09	-4.857425e-09	-1.925980e+01	-1.241872e+02
7.830000e-06	-2.300473e-09	-4.920672e-09	-1.945226e+01	-1.259082e+02
7.840000e-06	-2.323061e-09	-4.982423e-09	-1.964326e+01	-1.276257e+02
7.850000e-06	-2.345468e-09	-5.044242e-09	-1.983272e+01	-1.293373e+02
7.860000e-06	-2.367696e-09	-5.108388e-09	-2.002068e+01	-1.310403e+02
7.870000e-06	-2.389721e-09	-5.176460e-09	-2.020691e+01	-1.327323e+02
7.880000e-06	-2.411536e-09	-5.244567e-09	-2.039138e+01	-1.344115e+02
7.890000e-06	-2.433138e-09	-5.310209e-09	-2.057404e+01	-1.360771e+02
7.900000e-06	-2.454531e-09	-5.375361e-09	-2.075494e+01	-1.377296e+02
7.910000e-06	-2.475756e-09	-5.442264e-09	-2.093441e+01	-1.393708e+02
7.920000e-06	-2.496788e-09	-5.506194e-09	-2.111225e+01	-1.410031e+02
7.930000e-06	-2.517623e-09	-5.567149e-09	-2.128842e+01	-1.426298e+02
7.940000e-06	-2.538314e-09	-5.629915e-09	-2.146338e+01	-1.442542e+02
7.950000e-06	-2.558871e-09	-5.692868e-09	-2.163721e+01	-1.458790e+02
7.960000e-06	-2.579297e-09	-5.752157e-09	-2.180992e+01	-1.475061e+02
7.970000e-06	-2.599620e-09	-5.809659e-09	-2.198176e+01	-1.491360e+02
7.980000e-06	-2.619870e-09	-5.872682e-09	-2.215300e+01	-1.507678e+02
7.990000e-06	-2.640052e-09	-5.942263e-09	-2.232366e+01	-1.523993e+02
8.000000e-06	-2.660168e-09	-6.013271e-09	-2.249375e+01	-1.540272e+02
8.010000e-06	-2.680223e-09	-6.081738e-09	-2.266333e+01	-1.556475e+02
8.020000e-06	-2.700235e-09	-6.144224e-09	-2.283255e+01	-1.572564e+02
8.030000e-06	-2.720193e-09	-6.202602e-09	-2.300131e+01	-1.588504e+02
8.040000e-06	-2.740103e-09	-6.258430e-09	-2.316966e+01	-1.604271e+02
8.050000e-06	-2.759957e-09	-6.311264e-09	-2.333755e+01	-1.619854e+02
8.060000e-06	-2.779730e-09	-6.365368e-09	-2.350474e+01	-1.635260e+02
8.070000e-06	-2.799412e-09	-6.426760e-09	-2.367117e+01	-1.650506e+02
8.080000e-06	-2.818991e-09	-6.494384e-09	-2.383672e+01	-1.665623e+02
8.090000e-06	-2.838440e-09	-6.563659e-09	-2.400118e+01	-1.680645e+02
8.100000e-06	-2.857762e-09	-6.629926e-09	-2.416456e+01	-1.695607e+02
8.110000e-06	-2.876946e-09	-6.686403e-09	-2.432678e+01	-1.710541e+02
8.120000e-06	-2.895972e-09	-6.737402e-09	-2.448765e+01	-1.725465e+02
8.130000e-06	-2.914848e-09	-6.790315e-09	-2.464726e+01	-1.740386e+02
8.140000e-06	-2.933591e-09	-6.843900e-09	-2.480575e+01	-1.755295e+02
8.150000e-06	-2.952206e-09	-6.899088e-09	-2.496315e+01	-1.770170e+02
8.160000e-06	-2.970653e-09	-6.956731e-09	-2.511914e+01	-1.784981e+02
8.170000e-06	-2.988977e-09	-7.014697e-09	-2.527408e+01	-1.799692e+02
8.180000e-06	-3.007207e-09	-7.073810e-09	-2.542823e+01	-1.814269e+02
8.190000e-06	-3.025306e-09	-7.134327e-09	-2.558127e+01	-1.828685e+02
8.200000e-06	-3.043292e-09	-7.193087e-09	-2.573335e+01	-1.842923e+02
8.210000e-06	-3.061191e-09	-7.248785e-09	-2.588470e+01	-1.856981e+02
8.220000e-06	-3.078989e-09	-7.305242e-09	-2.603521e+01	-1.870871e+02
8.230000e-06	-3.096651e-09	-7.359473e-09	-2.618455e+01	-1.884617e+02
8.240000e-06	-3.114182e-09	-7.408095e-09	-2.633279e+01	-1.898250e+02
8.250000e-06	-3.131591e-09	-7.453839e-09	-2.647999e+01	-1.911806e+02
8.260000e-06	-3.148839e-09	-7.501883e-09	-2.662583e+01	-1.925316e+02
8.270000e-06	-3.165914e-09	-7.558506e-09	-2.677022e+01	-1.938803e+02
8.280000e-06	-3.182815e-09	-7.618872e-09	-2.691313e+01	-1.952278e+02
8.290000e-06	-3.199562e-09	-7.678926e-09	-2.705473e+01	-1.965739e+02
8.300000e-06	-3.216176e-09	-7.737975e-09	-2.719522e+01	-1.979168e+02
8.310000e-06	-3.232649e-09	-7.793353e-09	-2.733451e+01	-1.992539e+02
8.320000e-06	-3.249019e-09	-7.842419e-09	-2.747294e+01	-2.005818e+02
8.330000e-06	-3.265289e-09	-7.882564e-09	-2.761051e+01	-2.018969e+02
8.340000e-06	-3.281444e-09	-7.921699e-09	-2.774711e+01	-2.031965e+02
8.350000e-06	-3.297527e-09	-7.969093e-09	-2.788311e+01	-2.044785e+02
8.360000e-06	-3.313547e-09	-8.024230e-09	-2.801857e+01	-2.057424e+02
8.370000e-06	-3.329487e-09	-8.078959e-09	-2.815336e+01	-2.069889e+02
8.380000e-06	-3.345332e-09	-8.132362e-09	-2.828733e+01	-2.082202e+02
8.390000e-06	-3.361059e-09	-8.188923e-09	-2.842032e+01	-2.094391e+02
8.400000e-06	-3.376625e-09	-8.240828e-09	-2.855194e+01	-2.106490e+02
8.410000e-06	-3.392006e-09	-8.280806e-09	-2.868200e+01	-2.118529e+02
8.420000e-06	-3.407201e-09	-8.313701e-09	-2.881048e+01	-2.130530e+02
8.430000e-06	-3.422169e-09	-8.353074e-09	-2.893705e+01	-2.142501e+02
8.440000e-06	-3.436853e-09	-8.402541e-09	-2.906121e+01	-2.154434e+02
8.450000e-06	-3.451271e-09	-8.454469e-09	-2.918312e+01	-2.166309e+02
8.460000e-06	-3.465417e-09	-8.506833e-09	-2.930274e+01	-2.178088e+02
8.470000e-06	-3.479274e-09	-8.558316e-09	-2.941992e+01	-2.189729e+02
8.480000e-06	-3.492852e-09	-8.605802e-09	-2.953472e+01	-2.201186e+02
8.490000e-06	-3.506154e-09	-8.645615e-09	-2.964720e+01	-2.212422e+02
8.500000e-06	-3.519237e-09	-8.677910e-09	-2.975783e+01	-2.223409e+02
8.510000e-06	-3.532104e-09	-8.708548e-09	-2.986663e+01	-2.234137e+02
8.520000e-06	-3.544763e-09	-8.747250e-09	-2.997367e+01	-2.244614e+02
8.530000e-06	-3.557260e-09	-8.797131e-09	-3.007934e+01	-2.254869e+02
8.540000e-06	-3.569599e-09	-8.847964e-09	-3.018368e+01	-2.264943e+02
8.550000e-06	-3.581787e-09	-8.889633e-09	-3.028674e+01	-2.274886e+02
8.560000e-06	-3.593841e-09	-8.924725e-09	-3.038866e+01	-2.284749e+02
8.570000e-06	-3.605752e-09	-8.963803e-09	-3.048938e+01	-2.294576e+02
8.580000e-06	-3.617520e-09	-9.005298e-09	-3.058889e+01	-2.304397e+02
8.590000e-06	-3.629132e-09	-9.039966e-09	-3.068708e+01	-2.314226e+02
8.600000e-06	-3.640577e-09	-9.071589e-09	-3.078385e+01	-2.324054e+02
8.610000e-06	-3.651834e-09	-9.110956e-09	-3.087904e+01	-2.333853e+02
8.620000e-06	-3.662903e-09	-9.155607e-09	-3.097263e+01	-2.343580e+02
8.630000e-06	-3.673796e-09	-9.196327e-09	-3.106474e+01	-2.353186e+02
8.640000e-06	-3.684519e-09	-9.232335e-09	-3.115541e+01	-2.362620e+02
8.650000e-06	-3.695073e-09	-9.266356e-09	-3.124465e+01	-2.371838e+02
8.660000e-06	-3.705457e-09	-9.300953e-09	-3.133246e+01	-2.380815e+02
8.670000e-06	-3.715695e-09	-9.336883e-09	-3.141903e+01	-2.389542e+02
8.680000e-06	-3.725798e-09	-9.370113e-09	-3.150446e+01	-2.398032e+02
8.690000e-06	-3.735759e-09	-9.399665e-09	-3.158869e+01	-2.406318e+02
8.700000e-06	-3.745589e-09	-9.429975e-09	-3.167181e+01	-2.414447e+02
8.710000e-06	-3.755283e-09	-9.464861e-09	-3.175378e+01	-2.422470e+02
8.720000e-06	-3.764827e-09	-9.500049e-09	-3.183448e+01	-2.430437e+02
8.730000e-06	-3.774179e-09	-9.532513e-09	-3.191356e+01	-2.438387e+02
8.740000e-06	-3.783312e-09	-9.564842e-09	-3.199078e+01	-2.446339e+02
8.750000e-06	-3.792257e-09	-9.600244e-09	-3.206642e+01	-2.454293e+02
8.760000e-06	-3.801034e-09	-9.635241e-09	-3.214063e+01	-2.462222e+02
8.770000e-06	-3.809647e-09	-9.662783e-09	-3.221347e+01	-2.470081e+02
8.780000e-06	-3.818094e-09	-9.685769e-09	-3.228489e+01	-2.477812e+02
8.790000e-06	-3.826405e-09	-9.710883e-09	-3.235517e+01	-2.485352e+02
8.800000e-06	-3.834609e-09	-9.739764e-09	-3.242454e+01	-2.492641e+02
8.810000e-06	-3.842708e-09	-9.769351e-09	-3.249302e+01	-2.499636e+02
8.820000e-06	-3.850727e-09	-9.799617e-09	-3.256083e+01	-2.506314e+02
8.830000e-06	-3.858668e-09	-9.830473e-09	-3.262798e+01	-2.512677e+02
8.840000e-06	-3.866505e-09	-9.860516e-09	-3.269424e+01	-2.518753e+02
8.850000e-06	-3.874228e-09	-9.888380e-09	-3.275955e+01	-2.524591e+02
8.860000e-06	-3.881812e-09	-9.909918e-09	-3.282367e+01	-2.530252e+02
8.870000e-06	-3.889236e-09	-9.926898e-09	-3.288645e+01	-2.535805e+02
8.880000e-06	-3.896479e-09	-9.947412e-09	-3.294769e+01	-2.541308e+02
8.890000e-06	-3.903491e-09	-9.973335e-09	-3.300699e+01	-2.546805e+02
8.900000e-06	-3.910222e-09	-9.999113e-09	-3.306391e+01	-2.552316e+02
8.910000e-06	-3.916661e-09	-1.002282e-08	-3.311835e+01	-2.557834e+02
8.920000e-06	-3.922822e-09	-1.004440e-08	-3.317045e+01	-2.563328e+02
8.930000e-06	-3.928673e-09	-1.006283e-08	-3.321992e+01	-2.568743e+02
8.940000e-06	-3.934215e-09	-1.008122e-08	-3.326678e+01	-2.574015e+02
8.950000e-06	-3.939475e-09	-1.010042e-08	-3.331125e+01	-2.579076e+02
8.960000e-06	-3.944457e-09	-1.011927e-08	-3.335338e+01	-2.583872e+02
8.970000e-06	-3.949190e-09	-1.013756e-08	-3.339341e+01	-2.588366e+02
8.980000e-06	-3.953707e-09	-1.015684e-08	-3.343160e+01	-2.592549e+02
8.990000e-06	-3.958062e-09	-1.017720e-08	-3.346843e+01	-2.596440e+02
9.000000e-06	-3.962291e-09	-1.019465e-08	-3.350418e+01	-2.600087e+02
9.010000e-06	-3.966417e-09	-1.020821e-08	-3.353908e+01	-2.603556e+02
9.020000e-06	-3.970457e-09	-1.022298e-08	-3.357323e+01	-2.606921e+02
9.030000e-06	-3.974409e-09	-1.024123e-08	-3.360665e+01	-2.610256e+02
9.040000e-06	-3.978265e-09	-1.025837e-08	-3.363926e+01	-2.613614e+02
9.050000e-06	-3.982005e-09	-1.027171e-08	-3.367088e+01	-2.617024e+02
9.060000e-06	-3.985603e-09	-1.028251e-08	-3.370131e+01	-2.620482e+02
9.070000e-06	-3.989039e-09	-1.029421e-08	-3.373036e+01	-2.623949e+02
9.080000e-06	-3.992310e-09	-1.030698e-08	-3.375802e+01	-2.627356e+02
9.090000e-06	-3.995392e-09	-1.031638e-08	-3.378408e+01	-2.630615e+02
9.100000e-06	-3.998266e-09	-1.032454e-08	-3.380838e+01	-2.633632e+02
9.110000e-06	-4.000949e-09	-1.033735e-08	-3.383106e+01	-2.636323e+02
9.120000e-06	-4.003450e-09	-1.035234e-08	-3.385222e+01	-2.638629e+02
9.130000e-06	-4.005782e-09	-1.036448e-08	-3.387193e+01	-2.640527e+02
9.140000e-06	-4.007975e-09	-1.037443e-08	-3.389048e+01	-2.642039e+02
9.150000e-06	-4.010068e-09	-1.038190e-08	-3.390818e+01	-2.643232e+02
9.160000e-06	-4.012055e-09	-1.038809e-08	-3.392498e+01	-2.644209e+02
9.170000e-06	-4.013886e-09	-1.039633e-08	-3.394046e+01	-2.645097e+02
9.180000e-06	-4.015438e-09	-1.040325e-08	-3.395358e+01	-2.646031e+02
9.190000e-06	-4.016721e-09	-1.040722e-08	-3.396443e+01	-2.647128e+02
9.200000e-06	-4.017878e-09	-1.041384e-08	-3.397421e+01	-2.648473e+02
9.210000e-06	-4.018873e-09	-1.041995e-08	-3.398263e+01	-2.650099e+02
9.220000e-06	-4.019673e-09	-1.042137e-08	-3.398939e+01	-2.651979e+02
9.230000e-06	-4.020309e-09	-1.042695e-08	-3.399477e+01	-2.654023e+02
9.240000e-06	-4.020812e-09	-1.043679e-08	-3.399902e+01	-2.656088e+02
