# Temperatura_=_20.0
# Concentracion g/m^3_=_10770.0
# C_Vs_to_Am_M_A/Vsm_=_116720831517.84952
# pendiente_HvsI_1/m_=_3716.3
# ordenada_HvsI_A/m_=_1297.0
# frecuencia_Hz_=_108232.88561177971
# Promedio de 28 ciclos

Tiempo_(s)	Campo_(V.s)	Magnetizacion_(V.s)	Campo_(kA/m)	Magnetizacion_(A/m)
0.000000e+00	-3.478078e-09	-1.668616e-09	-2.805336e+01	-1.908547e+02
1.000000e-08	-3.478310e-09	-1.660867e-09	-2.805524e+01	-1.908166e+02
2.000000e-08	-3.478477e-09	-1.648736e-09	-2.805658e+01	-1.907817e+02
3.000000e-08	-3.478556e-09	-1.643421e-09	-2.805721e+01	-1.907543e+02
4.000000e-08	-3.478529e-09	-1.654977e-09	-2.805700e+01	-1.907387e+02
5.000000e-08	-3.478387e-09	-1.665022e-09	-2.805585e+01	-1.907385e+02
6.000000e-08	-3.478087e-09	-1.718783e-09	-2.805344e+01	-1.907562e+02
7.000000e-08	-3.477613e-09	-1.791700e-09	-2.804961e+01	-1.907931e+02
8.000000e-08	-3.476958e-09	-1.812727e-09	-2.804433e+01	-1.908490e+02
9.000000e-08	-3.476099e-09	-1.760578e-09	-2.803740e+01	-1.909223e+02
1.000000e-07	-3.475023e-09	-1.679659e-09	-2.802872e+01	-1.910095e+02
1.100000e-07	-3.473735e-09	-1.618679e-09	-2.801833e+01	-1.911055e+02
1.200000e-07	-3.472210e-09	-1.548012e-09	-2.800603e+01	-1.912041e+02
1.300000e-07	-3.470408e-09	-1.580642e-09	-2.799150e+01	-1.912978e+02
1.400000e-07	-3.468317e-09	-1.692088e-09	-2.797463e+01	-1.913785e+02
1.500000e-07	-3.465930e-09	-1.732646e-09	-2.795538e+01	-1.914382e+02
1.600000e-07	-3.463281e-09	-1.745492e-09	-2.793401e+01	-1.914693e+02
1.700000e-07	-3.460390e-09	-1.791282e-09	-2.791070e+01	-1.914650e+02
1.800000e-07	-3.457263e-09	-1.813916e-09	-2.788547e+01	-1.914205e+02
1.900000e-07	-3.453951e-09	-1.702022e-09	-2.785876e+01	-1.913326e+02
2.000000e-07	-3.450513e-09	-1.589620e-09	-2.783103e+01	-1.912004e+02
2.100000e-07	-3.446966e-09	-1.624011e-09	-2.780242e+01	-1.910256e+02
2.200000e-07	-3.443314e-09	-1.721703e-09	-2.777297e+01	-1.908118e+02
2.300000e-07	-3.439583e-09	-1.743401e-09	-2.774287e+01	-1.905647e+02
2.400000e-07	-3.435785e-09	-1.709598e-09	-2.771224e+01	-1.902915e+02
2.500000e-07	-3.431913e-09	-1.727293e-09	-2.768100e+01	-1.900001e+02
2.600000e-07	-3.427955e-09	-1.715240e-09	-2.764908e+01	-1.896987e+02
2.700000e-07	-3.423905e-09	-1.644986e-09	-2.761641e+01	-1.893950e+02
2.800000e-07	-3.419734e-09	-1.599045e-09	-2.758278e+01	-1.890955e+02
2.900000e-07	-3.415440e-09	-1.648294e-09	-2.754814e+01	-1.888049e+02
3.000000e-07	-3.411002e-09	-1.708037e-09	-2.751234e+01	-1.885260e+02
3.100000e-07	-3.406385e-09	-1.711503e-09	-2.747510e+01	-1.882592e+02
3.200000e-07	-3.401590e-09	-1.706254e-09	-2.743643e+01	-1.880027e+02
3.300000e-07	-3.396619e-09	-1.679431e-09	-2.739634e+01	-1.877530e+02
3.400000e-07	-3.391499e-09	-1.633539e-09	-2.735504e+01	-1.875050e+02
3.500000e-07	-3.386221e-09	-1.607332e-09	-2.731247e+01	-1.872530e+02
3.600000e-07	-3.380774e-09	-1.635046e-09	-2.726853e+01	-1.869909e+02
3.700000e-07	-3.375183e-09	-1.654849e-09	-2.722343e+01	-1.867133e+02
3.800000e-07	-3.369439e-09	-1.649451e-09	-2.717710e+01	-1.864158e+02
3.900000e-07	-3.363536e-09	-1.669462e-09	-2.712949e+01	-1.860958e+02
4.000000e-07	-3.357493e-09	-1.671957e-09	-2.708075e+01	-1.857524e+02
4.100000e-07	-3.351331e-09	-1.623667e-09	-2.703105e+01	-1.853864e+02
4.200000e-07	-3.345040e-09	-1.572396e-09	-2.698031e+01	-1.850005e+02
4.300000e-07	-3.338569e-09	-1.587709e-09	-2.692811e+01	-1.845988e+02
4.400000e-07	-3.331920e-09	-1.613649e-09	-2.687449e+01	-1.841859e+02
4.500000e-07	-3.325109e-09	-1.610649e-09	-2.681955e+01	-1.837667e+02
4.600000e-07	-3.318133e-09	-1.614961e-09	-2.676328e+01	-1.833458e+02
4.700000e-07	-3.311007e-09	-1.622738e-09	-2.670581e+01	-1.829266e+02
4.800000e-07	-3.303737e-09	-1.611167e-09	-2.664717e+01	-1.825112e+02
4.900000e-07	-3.296330e-09	-1.579638e-09	-2.658742e+01	-1.821000e+02
5.000000e-07	-3.288802e-09	-1.565158e-09	-2.652670e+01	-1.816918e+02
5.100000e-07	-3.281181e-09	-1.557831e-09	-2.646523e+01	-1.812837e+02
5.200000e-07	-3.273472e-09	-1.565232e-09	-2.640306e+01	-1.808718e+02
5.300000e-07	-3.265686e-09	-1.586010e-09	-2.634026e+01	-1.804517e+02
5.400000e-07	-3.257810e-09	-1.583463e-09	-2.627673e+01	-1.800187e+02
5.500000e-07	-3.249833e-09	-1.560573e-09	-2.621239e+01	-1.795687e+02
5.600000e-07	-3.241764e-09	-1.544686e-09	-2.614731e+01	-1.790987e+02
5.700000e-07	-3.233597e-09	-1.548826e-09	-2.608144e+01	-1.786072e+02
5.800000e-07	-3.225315e-09	-1.540748e-09	-2.601464e+01	-1.780941e+02
5.900000e-07	-3.216886e-09	-1.530381e-09	-2.594665e+01	-1.775614e+02
6.000000e-07	-3.208270e-09	-1.534013e-09	-2.587715e+01	-1.770122e+02
6.100000e-07	-3.199444e-09	-1.538525e-09	-2.580597e+01	-1.764509e+02
6.200000e-07	-3.190412e-09	-1.533101e-09	-2.573312e+01	-1.758825e+02
6.300000e-07	-3.181162e-09	-1.515945e-09	-2.565851e+01	-1.753120e+02
6.400000e-07	-3.171663e-09	-1.502358e-09	-2.558189e+01	-1.747441e+02
6.500000e-07	-3.161891e-09	-1.495906e-09	-2.550307e+01	-1.741825e+02
6.600000e-07	-3.151850e-09	-1.502888e-09	-2.542209e+01	-1.736295e+02
6.700000e-07	-3.141578e-09	-1.506117e-09	-2.533924e+01	-1.730859e+02
6.800000e-07	-3.131073e-09	-1.496816e-09	-2.525450e+01	-1.725513e+02
6.900000e-07	-3.120330e-09	-1.487760e-09	-2.516785e+01	-1.720235e+02
7.000000e-07	-3.109371e-09	-1.483124e-09	-2.507945e+01	-1.714997e+02
7.100000e-07	-3.098215e-09	-1.478854e-09	-2.498947e+01	-1.709761e+02
7.200000e-07	-3.086879e-09	-1.466675e-09	-2.489804e+01	-1.704490e+02
7.300000e-07	-3.075385e-09	-1.458860e-09	-2.480534e+01	-1.699150e+02
7.400000e-07	-3.063764e-09	-1.459086e-09	-2.471160e+01	-1.693713e+02
7.500000e-07	-3.052019e-09	-1.464670e-09	-2.461687e+01	-1.688158e+02
7.600000e-07	-3.040152e-09	-1.463905e-09	-2.452115e+01	-1.682476e+02
7.700000e-07	-3.028167e-09	-1.451213e-09	-2.442449e+01	-1.676670e+02
7.800000e-07	-3.016046e-09	-1.438863e-09	-2.432672e+01	-1.670749e+02
7.900000e-07	-3.003795e-09	-1.432320e-09	-2.422791e+01	-1.664726e+02
8.000000e-07	-2.991425e-09	-1.432288e-09	-2.412814e+01	-1.658620e+02
8.100000e-07	-2.978924e-09	-1.427607e-09	-2.402731e+01	-1.652447e+02
8.200000e-07	-2.966274e-09	-1.420451e-09	-2.392527e+01	-1.646219e+02
8.300000e-07	-2.953464e-09	-1.416785e-09	-2.382195e+01	-1.639943e+02
8.400000e-07	-2.940502e-09	-1.416099e-09	-2.371740e+01	-1.633617e+02
8.500000e-07	-2.927389e-09	-1.411617e-09	-2.361163e+01	-1.627235e+02
8.600000e-07	-2.914135e-09	-1.398222e-09	-2.350473e+01	-1.620785e+02
8.700000e-07	-2.900749e-09	-1.387371e-09	-2.339676e+01	-1.614251e+02
8.800000e-07	-2.887223e-09	-1.382202e-09	-2.328767e+01	-1.607618e+02
8.900000e-07	-2.873566e-09	-1.381386e-09	-2.317751e+01	-1.600874e+02
9.000000e-07	-2.859772e-09	-1.377711e-09	-2.306625e+01	-1.594012e+02
9.100000e-07	-2.845842e-09	-1.370150e-09	-2.295390e+01	-1.587033e+02
9.200000e-07	-2.831809e-09	-1.362329e-09	-2.284071e+01	-1.579946e+02
9.300000e-07	-2.817652e-09	-1.354831e-09	-2.272652e+01	-1.572769e+02
9.400000e-07	-2.803332e-09	-1.347705e-09	-2.261102e+01	-1.565524e+02
9.500000e-07	-2.788855e-09	-1.335969e-09	-2.249425e+01	-1.558240e+02
9.600000e-07	-2.774193e-09	-1.327317e-09	-2.237600e+01	-1.550944e+02
9.700000e-07	-2.759335e-09	-1.325187e-09	-2.225615e+01	-1.543661e+02
9.800000e-07	-2.744298e-09	-1.325574e-09	-2.213487e+01	-1.536413e+02
9.900000e-07	-2.729062e-09	-1.320614e-09	-2.201197e+01	-1.529210e+02
1.000000e-06	-2.713585e-09	-1.308357e-09	-2.188714e+01	-1.522055e+02
1.010000e-06	-2.697927e-09	-1.297671e-09	-2.176085e+01	-1.514940e+02
1.020000e-06	-2.682135e-09	-1.290452e-09	-2.163347e+01	-1.507849e+02
1.030000e-06	-2.666173e-09	-1.285732e-09	-2.150473e+01	-1.500759e+02
1.040000e-06	-2.650057e-09	-1.278982e-09	-2.137474e+01	-1.493639e+02
1.050000e-06	-2.633803e-09	-1.272016e-09	-2.124364e+01	-1.486461e+02
1.060000e-06	-2.617394e-09	-1.268289e-09	-2.111129e+01	-1.479196e+02
1.070000e-06	-2.600829e-09	-1.265518e-09	-2.097768e+01	-1.471821e+02
1.080000e-06	-2.584142e-09	-1.258281e-09	-2.084309e+01	-1.464320e+02
1.090000e-06	-2.567351e-09	-1.244908e-09	-2.070766e+01	-1.456684e+02
1.100000e-06	-2.550465e-09	-1.233106e-09	-2.057146e+01	-1.448913e+02
1.110000e-06	-2.533476e-09	-1.226573e-09	-2.043443e+01	-1.441015e+02
1.120000e-06	-2.516398e-09	-1.223574e-09	-2.029668e+01	-1.433005e+02
1.130000e-06	-2.499230e-09	-1.217740e-09	-2.015821e+01	-1.424901e+02
1.140000e-06	-2.481987e-09	-1.209103e-09	-2.001913e+01	-1.416724e+02
1.150000e-06	-2.464688e-09	-1.202015e-09	-1.987959e+01	-1.408493e+02
1.160000e-06	-2.447311e-09	-1.195643e-09	-1.973944e+01	-1.400226e+02
1.170000e-06	-2.429835e-09	-1.186868e-09	-1.959848e+01	-1.391938e+02
1.180000e-06	-2.412265e-09	-1.173798e-09	-1.945677e+01	-1.383636e+02
1.190000e-06	-2.394619e-09	-1.161352e-09	-1.931444e+01	-1.375325e+02
1.200000e-06	-2.376904e-09	-1.151922e-09	-1.917155e+01	-1.367003e+02
1.210000e-06	-2.359093e-09	-1.145136e-09	-1.902789e+01	-1.358665e+02
1.220000e-06	-2.341177e-09	-1.139560e-09	-1.888339e+01	-1.350304e+02
1.230000e-06	-2.323166e-09	-1.134799e-09	-1.873811e+01	-1.341909e+02
1.240000e-06	-2.305029e-09	-1.131139e-09	-1.859182e+01	-1.333471e+02
1.250000e-06	-2.286757e-09	-1.126058e-09	-1.844445e+01	-1.324978e+02
1.260000e-06	-2.268387e-09	-1.118153e-09	-1.829628e+01	-1.316421e+02
1.270000e-06	-2.249926e-09	-1.107041e-09	-1.814738e+01	-1.307790e+02
1.280000e-06	-2.231322e-09	-1.096243e-09	-1.799732e+01	-1.299077e+02
1.290000e-06	-2.212574e-09	-1.089101e-09	-1.784610e+01	-1.290276e+02
1.300000e-06	-2.193705e-09	-1.085213e-09	-1.769391e+01	-1.281381e+02
1.310000e-06	-2.174716e-09	-1.080062e-09	-1.754075e+01	-1.272387e+02
1.320000e-06	-2.155593e-09	-1.071912e-09	-1.738651e+01	-1.263292e+02
1.330000e-06	-2.136355e-09	-1.063048e-09	-1.723134e+01	-1.254095e+02
1.340000e-06	-2.117032e-09	-1.053794e-09	-1.707548e+01	-1.244797e+02
1.350000e-06	-2.097607e-09	-1.043800e-09	-1.691880e+01	-1.235405e+02
1.360000e-06	-2.078094e-09	-1.032892e-09	-1.676142e+01	-1.225925e+02
1.370000e-06	-2.058514e-09	-1.022348e-09	-1.660350e+01	-1.216372e+02
1.380000e-06	-2.038872e-09	-1.014102e-09	-1.644506e+01	-1.206760e+02
1.390000e-06	-2.019179e-09	-1.008374e-09	-1.628622e+01	-1.197107e+02
1.400000e-06	-1.999444e-09	-1.002799e-09	-1.612705e+01	-1.187434e+02
1.410000e-06	-1.979680e-09	-9.973751e-10	-1.596764e+01	-1.177760e+02
1.420000e-06	-1.959889e-09	-9.917756e-10	-1.580801e+01	-1.168104e+02
1.430000e-06	-1.940070e-09	-9.847275e-10	-1.564815e+01	-1.158481e+02
1.440000e-06	-1.920221e-09	-9.748470e-10	-1.548806e+01	-1.148901e+02
1.450000e-06	-1.900337e-09	-9.594747e-10	-1.532767e+01	-1.139369e+02
1.460000e-06	-1.880422e-09	-9.423574e-10	-1.516704e+01	-1.129885e+02
1.470000e-06	-1.860470e-09	-9.293366e-10	-1.500611e+01	-1.120441e+02
1.480000e-06	-1.840472e-09	-9.220517e-10	-1.484481e+01	-1.111027e+02
1.490000e-06	-1.820438e-09	-9.177370e-10	-1.468323e+01	-1.101629e+02
1.500000e-06	-1.800357e-09	-9.147169e-10	-1.452126e+01	-1.092232e+02
1.510000e-06	-1.780210e-09	-9.129015e-10	-1.435876e+01	-1.082822e+02
1.520000e-06	-1.759985e-09	-9.087752e-10	-1.419563e+01	-1.073388e+02
1.530000e-06	-1.739690e-09	-8.990547e-10	-1.403193e+01	-1.063923e+02
1.540000e-06	-1.719350e-09	-8.840676e-10	-1.386788e+01	-1.054425e+02
1.550000e-06	-1.698935e-09	-8.700804e-10	-1.370322e+01	-1.044898e+02
1.560000e-06	-1.678395e-09	-8.612572e-10	-1.353754e+01	-1.035346e+02
1.570000e-06	-1.657746e-09	-8.569750e-10	-1.337099e+01	-1.025778e+02
1.580000e-06	-1.637024e-09	-8.521561e-10	-1.320385e+01	-1.016200e+02
1.590000e-06	-1.616211e-09	-8.439598e-10	-1.303598e+01	-1.006617e+02
1.600000e-06	-1.595295e-09	-8.342826e-10	-1.286728e+01	-9.970287e+01
1.610000e-06	-1.574293e-09	-8.221043e-10	-1.269788e+01	-9.874261e+01
1.620000e-06	-1.553221e-09	-8.079039e-10	-1.252791e+01	-9.777942e+01
1.630000e-06	-1.532067e-09	-7.938423e-10	-1.235730e+01	-9.681104e+01
1.640000e-06	-1.510812e-09	-7.837255e-10	-1.218585e+01	-9.583461e+01
1.650000e-06	-1.489474e-09	-7.778251e-10	-1.201375e+01	-9.484690e+01
1.660000e-06	-1.468070e-09	-7.735479e-10	-1.184111e+01	-9.384467e+01
1.670000e-06	-1.446589e-09	-7.683629e-10	-1.166785e+01	-9.282497e+01
1.680000e-06	-1.425053e-09	-7.603100e-10	-1.149415e+01	-9.178553e+01
1.690000e-06	-1.403465e-09	-7.509050e-10	-1.132002e+01	-9.072506e+01
1.700000e-06	-1.381814e-09	-7.390048e-10	-1.114539e+01	-8.964342e+01
1.710000e-06	-1.360117e-09	-7.254304e-10	-1.097038e+01	-8.854178e+01
1.720000e-06	-1.338368e-09	-7.114199e-10	-1.079497e+01	-8.742252e+01
1.730000e-06	-1.316570e-09	-7.003045e-10	-1.061914e+01	-8.628906e+01
1.740000e-06	-1.294727e-09	-6.916303e-10	-1.044297e+01	-8.514560e+01
1.750000e-06	-1.272849e-09	-6.802388e-10	-1.026650e+01	-8.399668e+01
1.760000e-06	-1.250920e-09	-6.670543e-10	-1.008963e+01	-8.284678e+01
1.770000e-06	-1.228940e-09	-6.548630e-10	-9.912341e+00	-8.169988e+01
1.780000e-06	-1.206920e-09	-6.450489e-10	-9.734735e+00	-8.055911e+01
1.790000e-06	-1.184853e-09	-6.361264e-10	-9.556742e+00	-7.942642e+01
1.800000e-06	-1.162740e-09	-6.274454e-10	-9.378389e+00	-7.830251e+01
1.810000e-06	-1.140584e-09	-6.178240e-10	-9.199682e+00	-7.718672e+01
1.820000e-06	-1.118360e-09	-6.075268e-10	-9.020429e+00	-7.607724e+01
1.830000e-06	-1.096098e-09	-5.969664e-10	-8.840871e+00	-7.497129e+01
1.840000e-06	-1.073831e-09	-5.836949e-10	-8.661270e+00	-7.386551e+01
1.850000e-06	-1.051519e-09	-5.700561e-10	-8.481303e+00	-7.275631e+01
1.860000e-06	-1.029145e-09	-5.577532e-10	-8.300842e+00	-7.164026e+01
1.870000e-06	-1.006704e-09	-5.488723e-10	-8.119838e+00	-7.051443e+01
1.880000e-06	-9.842122e-10	-5.429634e-10	-7.938424e+00	-6.937667e+01
1.890000e-06	-9.616910e-10	-5.354919e-10	-7.756774e+00	-6.822578e+01
1.900000e-06	-9.391247e-10	-5.229151e-10	-7.574760e+00	-6.706155e+01
1.910000e-06	-9.164973e-10	-5.067647e-10	-7.392252e+00	-6.588473e+01
1.920000e-06	-8.938263e-10	-4.953343e-10	-7.209393e+00	-6.469682e+01
1.930000e-06	-8.711272e-10	-4.885596e-10	-7.026308e+00	-6.349994e+01
1.940000e-06	-8.483685e-10	-4.827682e-10	-6.842741e+00	-6.229649e+01
1.950000e-06	-8.255419e-10	-4.752421e-10	-6.658627e+00	-6.108890e+01
1.960000e-06	-8.026714e-10	-4.662249e-10	-6.474159e+00	-5.987945e+01
1.970000e-06	-7.797722e-10	-4.582741e-10	-6.289459e+00	-5.866999e+01
1.980000e-06	-7.568150e-10	-4.467664e-10	-6.104292e+00	-5.746187e+01
1.990000e-06	-7.338052e-10	-4.304905e-10	-5.918701e+00	-5.625591e+01
2.000000e-06	-7.107734e-10	-4.146223e-10	-5.732932e+00	-5.505236e+01
2.010000e-06	-6.877104e-10	-4.039251e-10	-5.546911e+00	-5.385102e+01
2.020000e-06	-6.646113e-10	-3.971552e-10	-5.360599e+00	-5.265137e+01
2.030000e-06	-6.414862e-10	-3.895558e-10	-5.174077e+00	-5.145269e+01
2.040000e-06	-6.183344e-10	-3.806350e-10	-4.987340e+00	-5.025422e+01
2.050000e-06	-5.951528e-10	-3.708202e-10	-4.800363e+00	-4.905530e+01
2.060000e-06	-5.719495e-10	-3.618065e-10	-4.613211e+00	-4.785548e+01
2.070000e-06	-5.487243e-10	-3.531366e-10	-4.425882e+00	-4.665458e+01
2.080000e-06	-5.254612e-10	-3.438714e-10	-4.238247e+00	-4.545273e+01
2.090000e-06	-5.021557e-10	-3.338544e-10	-4.050271e+00	-4.425036e+01
2.100000e-06	-4.788397e-10	-3.245007e-10	-3.862210e+00	-4.304816e+01
2.110000e-06	-4.555116e-10	-3.158690e-10	-3.674051e+00	-4.184702e+01
2.120000e-06	-4.321483e-10	-3.043284e-10	-3.485608e+00	-4.064793e+01
2.130000e-06	-4.087629e-10	-2.908505e-10	-3.296987e+00	-3.945188e+01
2.140000e-06	-3.853536e-10	-2.777426e-10	-3.108173e+00	-3.825978e+01
2.150000e-06	-3.619132e-10	-2.679229e-10	-2.919108e+00	-3.707233e+01
2.160000e-06	-3.384592e-10	-2.607899e-10	-2.729934e+00	-3.588997e+01
2.170000e-06	-3.150241e-10	-2.537512e-10	-2.540912e+00	-3.471277e+01
2.180000e-06	-2.915827e-10	-2.448662e-10	-2.351839e+00	-3.354039e+01
2.190000e-06	-2.680994e-10	-2.349737e-10	-2.162428e+00	-3.237208e+01
2.200000e-06	-2.445964e-10	-2.255409e-10	-1.972858e+00	-3.120668e+01
2.210000e-06	-2.210850e-10	-2.142661e-10	-1.783221e+00	-3.004266e+01
2.220000e-06	-1.975744e-10	-2.020684e-10	-1.593589e+00	-2.887821e+01
2.230000e-06	-1.740581e-10	-1.896693e-10	-1.403913e+00	-2.771137e+01
2.240000e-06	-1.505347e-10	-1.787086e-10	-1.214178e+00	-2.654017e+01
2.250000e-06	-1.270114e-10	-1.690755e-10	-1.024445e+00	-2.536281e+01
2.260000e-06	-1.034761e-10	-1.589632e-10	-8.346148e-01	-2.417782e+01
2.270000e-06	-7.993496e-11	-1.466617e-10	-6.447375e-01	-2.298418e+01
2.280000e-06	-5.638487e-11	-1.333622e-10	-4.547879e-01	-2.178148e+01
2.290000e-06	-3.283274e-11	-1.246544e-10	-2.648220e-01	-2.056994e+01
2.300000e-06	-9.307854e-12	-1.178471e-10	-7.507589e-02	-1.935040e+01
2.310000e-06	1.420841e-11	-1.081177e-10	1.146008e-01	-1.812423e+01
2.320000e-06	3.773424e-11	-9.514586e-11	3.043549e-01	-1.689314e+01
2.330000e-06	6.126758e-11	-8.252728e-11	4.941696e-01	-1.565900e+01
2.340000e-06	8.480469e-11	-7.242738e-11	6.840147e-01	-1.442353e+01
2.350000e-06	1.083146e-10	-6.190558e-11	8.736404e-01	-1.318806e+01
2.360000e-06	1.318090e-10	-5.040047e-11	1.063140e+00	-1.195331e+01
2.370000e-06	1.553190e-10	-4.029101e-11	1.252767e+00	-1.071917e+01
2.380000e-06	1.788076e-10	-3.232807e-11	1.442220e+00	-9.484663e+00
2.390000e-06	2.022755e-10	-2.143346e-11	1.631507e+00	-8.247996e+00
2.400000e-06	2.257666e-10	-5.420896e-12	1.820981e+00	-7.006693e+00
2.410000e-06	2.492492e-10	1.134477e-11	2.010386e+00	-5.757886e+00
2.420000e-06	2.727049e-10	2.486174e-11	2.199574e+00	-4.498668e+00
2.430000e-06	2.961594e-10	3.474037e-11	2.388753e+00	-3.226490e+00
2.440000e-06	3.196039e-10	4.343712e-11	2.577851e+00	-1.939553e+00
2.450000e-06	3.430255e-10	5.167653e-11	2.766764e+00	-6.371256e-01
2.460000e-06	3.664191e-10	5.857732e-11	2.955452e+00	6.802362e-01
2.470000e-06	3.897932e-10	6.587935e-11	3.143981e+00	2.010639e+00
2.480000e-06	4.131521e-10	7.671719e-11	3.332389e+00	3.350966e+00
2.490000e-06	4.364903e-10	9.171207e-11	3.520629e+00	4.697171e+00
2.500000e-06	4.598140e-10	1.079416e-10	3.708753e+00	6.044716e+00
2.510000e-06	4.831170e-10	1.220517e-10	3.896709e+00	7.389113e+00
2.520000e-06	5.063919e-10	1.343248e-10	4.084439e+00	8.726513e+00
2.530000e-06	5.296344e-10	1.448736e-10	4.271908e+00	1.005424e+01
2.540000e-06	5.528681e-10	1.534974e-10	4.459306e+00	1.137124e+01
2.550000e-06	5.760822e-10	1.617362e-10	4.646545e+00	1.267832e+01
2.560000e-06	5.992392e-10	1.710553e-10	4.833324e+00	1.397823e+01
2.570000e-06	6.223704e-10	1.826331e-10	5.019895e+00	1.527541e+01
2.580000e-06	6.454943e-10	1.960973e-10	5.206407e+00	1.657562e+01
2.590000e-06	6.685808e-10	2.100158e-10	5.392617e+00	1.788528e+01
2.600000e-06	6.916364e-10	2.227408e-10	5.578578e+00	1.921075e+01
2.610000e-06	7.146707e-10	2.321715e-10	5.764367e+00	2.055755e+01
2.620000e-06	7.376309e-10	2.382917e-10	5.949559e+00	2.192967e+01
2.630000e-06	7.605330e-10	2.446946e-10	6.134282e+00	2.332899e+01
2.640000e-06	7.834107e-10	2.542166e-10	6.318808e+00	2.475497e+01
2.650000e-06	8.062278e-10	2.656624e-10	6.502846e+00	2.620459e+01
2.660000e-06	8.290009e-10	2.777779e-10	6.686528e+00	2.767257e+01
2.670000e-06	8.517516e-10	2.915737e-10	6.870029e+00	2.915192e+01
2.680000e-06	8.744375e-10	3.058821e-10	7.053009e+00	3.063464e+01
2.690000e-06	8.970482e-10	3.182292e-10	7.235382e+00	3.211260e+01
2.700000e-06	9.196197e-10	3.277123e-10	7.417438e+00	3.357841e+01
2.710000e-06	9.421687e-10	3.358215e-10	7.599313e+00	3.502624e+01
2.720000e-06	9.646631e-10	3.450932e-10	7.780748e+00	3.645247e+01
2.730000e-06	9.870794e-10	3.560891e-10	7.961552e+00	3.785603e+01
2.740000e-06	1.009447e-09	3.680040e-10	8.141964e+00	3.923847e+01
2.750000e-06	1.031786e-09	3.807580e-10	8.322142e+00	4.060374e+01
2.760000e-06	1.054067e-09	3.930805e-10	8.501860e+00	4.195767e+01
2.770000e-06	1.076301e-09	4.027678e-10	8.681190e+00	4.330719e+01
2.780000e-06	1.098506e-09	4.115733e-10	8.860297e+00	4.465951e+01
2.790000e-06	1.120670e-09	4.226314e-10	9.039060e+00	4.602122e+01
2.800000e-06	1.142784e-09	4.360440e-10	9.217433e+00	4.739755e+01
2.810000e-06	1.164845e-09	4.498978e-10	9.395371e+00	4.879175e+01
2.820000e-06	1.186870e-09	4.629169e-10	9.573017e+00	5.020481e+01
2.830000e-06	1.208856e-09	4.750879e-10	9.750350e+00	5.163544e+01
2.840000e-06	1.230800e-09	4.860871e-10	9.927350e+00	5.308030e+01
2.850000e-06	1.252704e-09	4.960891e-10	1.010402e+01	5.453458e+01
2.860000e-06	1.274563e-09	5.046583e-10	1.028033e+01	5.599263e+01
2.870000e-06	1.296387e-09	5.129793e-10	1.045635e+01	5.744880e+01
2.880000e-06	1.318161e-09	5.234137e-10	1.063198e+01	5.889811e+01
2.890000e-06	1.339881e-09	5.367446e-10	1.080716e+01	6.033689e+01
2.900000e-06	1.361557e-09	5.510432e-10	1.098200e+01	6.176318e+01
2.910000e-06	1.383189e-09	5.640010e-10	1.115648e+01	6.317686e+01
2.920000e-06	1.404747e-09	5.764399e-10	1.133036e+01	6.457954e+01
2.930000e-06	1.426234e-09	5.888405e-10	1.150367e+01	6.597417e+01
2.940000e-06	1.447685e-09	6.013653e-10	1.167669e+01	6.736452e+01
2.950000e-06	1.469076e-09	6.138309e-10	1.184922e+01	6.875450e+01
2.960000e-06	1.490373e-09	6.248892e-10	1.202100e+01	7.014752e+01
2.970000e-06	1.511587e-09	6.361180e-10	1.219210e+01	7.154591e+01
2.980000e-06	1.532727e-09	6.484028e-10	1.236262e+01	7.295056e+01
2.990000e-06	1.553782e-09	6.593714e-10	1.253244e+01	7.436073e+01
3.000000e-06	1.574743e-09	6.691027e-10	1.270151e+01	7.577414e+01
3.010000e-06	1.595607e-09	6.795544e-10	1.286979e+01	7.718730e+01
3.020000e-06	1.616379e-09	6.910433e-10	1.303734e+01	7.859600e+01
3.030000e-06	1.637076e-09	7.041920e-10	1.320427e+01	7.999592e+01
3.040000e-06	1.657687e-09	7.179860e-10	1.337052e+01	8.138327e+01
3.050000e-06	1.678204e-09	7.306790e-10	1.353600e+01	8.275531e+01
3.060000e-06	1.698651e-09	7.431786e-10	1.370092e+01	8.411081e+01
3.070000e-06	1.719034e-09	7.562802e-10	1.386532e+01	8.545019e+01
3.080000e-06	1.739333e-09	7.684162e-10	1.402906e+01	8.677548e+01
3.090000e-06	1.759548e-09	7.773921e-10	1.419210e+01	8.809001e+01
3.100000e-06	1.779711e-09	7.855110e-10	1.435473e+01	8.939796e+01
3.110000e-06	1.799822e-09	7.961640e-10	1.451695e+01	9.070373e+01
3.120000e-06	1.819864e-09	8.082937e-10	1.467860e+01	9.201129e+01
3.130000e-06	1.839863e-09	8.186739e-10	1.483990e+01	9.332361e+01
3.140000e-06	1.859822e-09	8.263784e-10	1.500089e+01	9.464217e+01
3.150000e-06	1.879743e-09	8.358570e-10	1.516157e+01	9.596675e+01
3.160000e-06	1.899640e-09	8.494789e-10	1.532205e+01	9.729539e+01
3.170000e-06	1.919505e-09	8.625015e-10	1.548228e+01	9.862463e+01
3.180000e-06	1.939339e-09	8.722823e-10	1.564226e+01	9.994998e+01
3.190000e-06	1.959144e-09	8.810335e-10	1.580200e+01	1.012664e+02
3.200000e-06	1.978913e-09	8.931108e-10	1.596145e+01	1.025692e+02
3.210000e-06	1.998656e-09	9.087478e-10	1.612069e+01	1.038544e+02
3.220000e-06	2.018364e-09	9.227854e-10	1.627965e+01	1.051193e+02
3.230000e-06	2.038023e-09	9.308732e-10	1.643822e+01	1.063631e+02
3.240000e-06	2.057615e-09	9.354180e-10	1.659625e+01	1.075865e+02
3.250000e-06	2.077132e-09	9.415223e-10	1.675366e+01	1.087922e+02
3.260000e-06	2.096546e-09	9.491180e-10	1.691025e+01	1.099840e+02
3.270000e-06	2.115871e-09	9.560221e-10	1.706612e+01	1.111665e+02
3.280000e-06	2.135119e-09	9.624442e-10	1.722137e+01	1.123446e+02
3.290000e-06	2.154251e-09	9.716763e-10	1.737569e+01	1.135227e+02
3.300000e-06	2.173273e-09	9.836057e-10	1.752911e+01	1.147039e+02
3.310000e-06	2.192189e-09	9.945497e-10	1.768168e+01	1.158903e+02
3.320000e-06	2.210951e-09	1.001649e-09	1.783301e+01	1.170820e+02
3.330000e-06	2.229573e-09	1.006455e-09	1.798321e+01	1.182775e+02
3.340000e-06	2.248073e-09	1.012402e-09	1.813243e+01	1.194739e+02
3.350000e-06	2.266411e-09	1.020247e-09	1.828034e+01	1.206672e+02
3.360000e-06	2.284615e-09	1.030255e-09	1.842717e+01	1.218531e+02
3.370000e-06	2.302689e-09	1.039309e-09	1.857295e+01	1.230269e+02
3.380000e-06	2.320658e-09	1.047303e-09	1.871788e+01	1.241850e+02
3.390000e-06	2.338530e-09	1.055936e-09	1.886204e+01	1.253246e+02
3.400000e-06	2.356275e-09	1.063820e-09	1.900517e+01	1.264440e+02
3.410000e-06	2.373924e-09	1.070635e-09	1.914752e+01	1.275433e+02
3.420000e-06	2.391486e-09	1.076801e-09	1.928917e+01	1.286236e+02
3.430000e-06	2.408975e-09	1.083970e-09	1.943023e+01	1.296870e+02
3.440000e-06	2.426378e-09	1.093132e-09	1.957060e+01	1.307365e+02
3.450000e-06	2.443683e-09	1.103711e-09	1.971018e+01	1.317750e+02
3.460000e-06	2.460931e-09	1.112958e-09	1.984929e+01	1.328051e+02
3.470000e-06	2.478094e-09	1.120216e-09	1.998773e+01	1.338290e+02
3.480000e-06	2.495181e-09	1.125843e-09	2.012554e+01	1.348478e+02
3.490000e-06	2.512201e-09	1.132291e-09	2.026282e+01	1.358619e+02
3.500000e-06	2.529112e-09	1.140920e-09	2.039923e+01	1.368706e+02
3.510000e-06	2.545915e-09	1.151029e-09	2.053476e+01	1.378727e+02
3.520000e-06	2.562628e-09	1.161708e-09	2.066956e+01	1.388665e+02
3.530000e-06	2.579237e-09	1.170172e-09	2.080352e+01	1.398505e+02
3.540000e-06	2.595711e-09	1.178014e-09	2.093640e+01	1.408234e+02
3.550000e-06	2.612064e-09	1.184890e-09	2.106830e+01	1.417847e+02
3.560000e-06	2.628291e-09	1.189603e-09	2.119918e+01	1.427345e+02
3.570000e-06	2.644399e-09	1.195350e-09	2.132910e+01	1.436737e+02
3.580000e-06	2.660362e-09	1.204948e-09	2.145786e+01	1.446040e+02
3.590000e-06	2.676135e-09	1.217496e-09	2.158508e+01	1.455275e+02
3.600000e-06	2.691699e-09	1.229326e-09	2.171062e+01	1.464460e+02
3.610000e-06	2.707069e-09	1.237097e-09	2.183458e+01	1.473614e+02
3.620000e-06	2.722289e-09	1.241286e-09	2.195734e+01	1.482747e+02
3.630000e-06	2.737307e-09	1.245816e-09	2.207848e+01	1.491861e+02
3.640000e-06	2.752108e-09	1.251721e-09	2.219786e+01	1.500946e+02
3.650000e-06	2.766752e-09	1.259591e-09	2.231597e+01	1.509985e+02
3.660000e-06	2.781261e-09	1.269925e-09	2.243300e+01	1.518948e+02
3.670000e-06	2.795617e-09	1.280490e-09	2.254880e+01	1.527805e+02
3.680000e-06	2.809833e-09	1.288807e-09	2.266345e+01	1.536521e+02
3.690000e-06	2.823923e-09	1.294623e-09	2.277710e+01	1.545068e+02
3.700000e-06	2.837894e-09	1.300639e-09	2.288979e+01	1.553421e+02
3.710000e-06	2.851758e-09	1.307802e-09	2.300161e+01	1.561570e+02
3.720000e-06	2.865513e-09	1.315915e-09	2.311256e+01	1.569515e+02
3.730000e-06	2.879150e-09	1.325003e-09	2.322255e+01	1.577269e+02
3.740000e-06	2.892652e-09	1.334072e-09	2.333145e+01	1.584858e+02
3.750000e-06	2.906001e-09	1.343401e-09	2.343913e+01	1.592313e+02
3.760000e-06	2.919199e-09	1.351147e-09	2.354558e+01	1.599672e+02
3.770000e-06	2.932226e-09	1.354437e-09	2.365065e+01	1.606971e+02
3.780000e-06	2.945088e-09	1.355004e-09	2.375439e+01	1.614241e+02
3.790000e-06	2.957809e-09	1.357632e-09	2.385699e+01	1.621504e+02
3.800000e-06	2.970380e-09	1.363926e-09	2.395839e+01	1.628771e+02
3.810000e-06	2.982795e-09	1.371879e-09	2.405853e+01	1.636039e+02
3.820000e-06	2.995088e-09	1.380649e-09	2.415768e+01	1.643295e+02
3.830000e-06	3.007275e-09	1.389161e-09	2.425598e+01	1.650514e+02
3.840000e-06	3.019342e-09	1.396673e-09	2.435331e+01	1.657668e+02
3.850000e-06	3.031292e-09	1.401233e-09	2.444970e+01	1.664726e+02
3.860000e-06	3.043144e-09	1.402783e-09	2.454528e+01	1.671662e+02
3.870000e-06	3.054903e-09	1.404350e-09	2.464014e+01	1.678457e+02
3.880000e-06	3.066546e-09	1.409153e-09	2.473404e+01	1.685103e+02
3.890000e-06	3.078054e-09	1.418526e-09	2.482686e+01	1.691605e+02
3.900000e-06	3.089405e-09	1.429143e-09	2.491842e+01	1.697978e+02
3.910000e-06	3.100584e-09	1.436829e-09	2.500858e+01	1.704250e+02
3.920000e-06	3.111574e-09	1.439591e-09	2.509723e+01	1.710453e+02
3.930000e-06	3.122344e-09	1.439965e-09	2.518409e+01	1.716621e+02
3.940000e-06	3.132883e-09	1.441546e-09	2.526910e+01	1.722785e+02
3.950000e-06	3.143198e-09	1.444330e-09	2.535230e+01	1.728966e+02
3.960000e-06	3.153265e-09	1.447489e-09	2.543350e+01	1.735173e+02
3.970000e-06	3.163074e-09	1.451326e-09	2.551262e+01	1.741400e+02
3.980000e-06	3.172638e-09	1.458284e-09	2.558975e+01	1.747624e+02
3.990000e-06	3.181951e-09	1.467189e-09	2.566487e+01	1.753808e+02
4.000000e-06	3.191014e-09	1.473494e-09	2.573797e+01	1.759902e+02
4.010000e-06	3.199859e-09	1.476223e-09	2.580931e+01	1.765850e+02
4.020000e-06	3.208513e-09	1.479016e-09	2.587911e+01	1.771592e+02
4.030000e-06	3.216991e-09	1.484630e-09	2.594750e+01	1.777074e+02
4.040000e-06	3.225312e-09	1.488891e-09	2.601461e+01	1.782251e+02
4.050000e-06	3.233512e-09	1.489396e-09	2.608075e+01	1.787095e+02
4.060000e-06	3.241609e-09	1.488382e-09	2.614606e+01	1.791591e+02
4.070000e-06	3.249613e-09	1.490062e-09	2.621062e+01	1.795747e+02
4.080000e-06	3.257533e-09	1.494952e-09	2.627450e+01	1.799586e+02
4.090000e-06	3.265372e-09	1.498964e-09	2.633772e+01	1.803150e+02
4.100000e-06	3.273135e-09	1.501747e-09	2.640034e+01	1.806489e+02
4.110000e-06	3.280810e-09	1.504741e-09	2.646225e+01	1.809661e+02
4.120000e-06	3.288394e-09	1.509606e-09	2.652341e+01	1.812727e+02
4.130000e-06	3.295862e-09	1.513960e-09	2.658365e+01	1.815740e+02
4.140000e-06	3.303200e-09	1.515497e-09	2.664284e+01	1.818746e+02
4.150000e-06	3.310402e-09	1.515886e-09	2.670093e+01	1.821779e+02
4.160000e-06	3.317447e-09	1.518358e-09	2.675775e+01	1.824856e+02
4.170000e-06	3.324340e-09	1.523639e-09	2.681335e+01	1.827983e+02
4.180000e-06	3.331056e-09	1.527770e-09	2.686752e+01	1.831149e+02
4.190000e-06	3.337604e-09	1.529150e-09	2.692033e+01	1.834334e+02
4.200000e-06	3.344006e-09	1.529201e-09	2.697197e+01	1.837511e+02
4.210000e-06	3.350260e-09	1.530221e-09	2.702242e+01	1.840647e+02
4.220000e-06	3.356383e-09	1.532918e-09	2.707180e+01	1.843712e+02
4.230000e-06	3.362376e-09	1.536275e-09	2.712014e+01	1.846677e+02
4.240000e-06	3.368219e-09	1.540413e-09	2.716727e+01	1.849523e+02
4.250000e-06	3.373914e-09	1.546134e-09	2.721320e+01	1.852237e+02
4.260000e-06	3.379467e-09	1.551355e-09	2.725799e+01	1.854815e+02
4.270000e-06	3.384877e-09	1.552672e-09	2.730163e+01	1.857263e+02
4.280000e-06	3.390125e-09	1.552066e-09	2.734395e+01	1.859593e+02
4.290000e-06	3.395183e-09	1.553194e-09	2.738475e+01	1.861823e+02
4.300000e-06	3.400078e-09	1.556955e-09	2.742424e+01	1.863976e+02
4.310000e-06	3.404810e-09	1.561240e-09	2.746240e+01	1.866074e+02
4.320000e-06	3.409368e-09	1.563025e-09	2.749916e+01	1.868139e+02
4.330000e-06	3.413784e-09	1.564257e-09	2.753478e+01	1.870191e+02
4.340000e-06	3.418067e-09	1.567382e-09	2.756933e+01	1.872244e+02
4.350000e-06	3.422228e-09	1.570375e-09	2.760289e+01	1.874309e+02
4.360000e-06	3.426285e-09	1.571084e-09	2.763561e+01	1.876392e+02
4.370000e-06	3.430250e-09	1.572773e-09	2.766760e+01	1.878495e+02
4.380000e-06	3.434150e-09	1.577099e-09	2.769905e+01	1.880616e+02
4.390000e-06	3.437986e-09	1.582211e-09	2.772999e+01	1.882749e+02
4.400000e-06	3.441751e-09	1.586770e-09	2.776036e+01	1.884887e+02
4.410000e-06	3.445429e-09	1.589065e-09	2.779002e+01	1.887019e+02
4.420000e-06	3.448995e-09	1.590789e-09	2.781879e+01	1.889137e+02
4.430000e-06	3.452447e-09	1.593418e-09	2.784663e+01	1.891228e+02
4.440000e-06	3.455775e-09	1.594890e-09	2.787347e+01	1.893279e+02
4.450000e-06	3.458915e-09	1.594405e-09	2.789880e+01	1.895279e+02
4.460000e-06	3.461840e-09	1.592525e-09	2.792239e+01	1.897211e+02
4.470000e-06	3.464548e-09	1.591915e-09	2.794424e+01	1.899063e+02
4.480000e-06	3.467017e-09	1.594654e-09	2.796415e+01	1.900817e+02
4.490000e-06	3.469223e-09	1.599081e-09	2.798194e+01	1.902456e+02
4.500000e-06	3.471159e-09	1.602724e-09	2.799756e+01	1.903964e+02
4.510000e-06	3.472835e-09	1.605382e-09	2.801108e+01	1.905324e+02
4.520000e-06	3.474229e-09	1.607809e-09	2.802232e+01	1.906520e+02
4.530000e-06	3.475378e-09	1.609703e-09	2.803158e+01	1.907538e+02
4.540000e-06	3.476299e-09	1.609856e-09	2.803901e+01	1.908370e+02
4.550000e-06	3.476993e-09	1.607966e-09	2.804462e+01	1.909007e+02
4.560000e-06	3.477507e-09	1.606394e-09	2.804876e+01	1.909451e+02
4.570000e-06	3.477856e-09	1.606556e-09	2.805157e+01	1.909707e+02
4.580000e-06	3.478072e-09	1.608730e-09	2.805332e+01	1.909787e+02
4.590000e-06	3.478168e-09	1.610792e-09	2.805409e+01	1.909712e+02
4.600000e-06	3.478161e-09	1.610419e-09	2.805404e+01	1.909507e+02
4.610000e-06	3.478070e-09	1.609009e-09	2.805330e+01	1.909207e+02
4.620000e-06	3.477893e-09	1.612210e-09	2.805187e+01	1.908851e+02
4.630000e-06	3.477635e-09	1.623925e-09	2.804979e+01	1.908481e+02
4.640000e-06	3.477284e-09	1.631491e-09	2.804696e+01	1.908142e+02
4.650000e-06	3.476821e-09	1.637155e-09	2.804323e+01	1.907878e+02
4.660000e-06	3.476213e-09	1.621412e-09	2.803832e+01	1.907731e+02
4.670000e-06	3.475449e-09	1.574724e-09	2.803216e+01	1.907735e+02
4.680000e-06	3.474516e-09	1.502332e-09	2.802464e+01	1.907914e+02
4.690000e-06	3.473374e-09	1.461397e-09	2.801542e+01	1.908282e+02
4.700000e-06	3.472054e-09	1.499177e-09	2.800477e+01	1.908837e+02
4.710000e-06	3.470568e-09	1.585542e-09	2.799279e+01	1.909561e+02
4.720000e-06	3.468891e-09	1.691705e-09	2.797926e+01	1.910422e+02
4.730000e-06	3.467049e-09	1.743710e-09	2.796441e+01	1.911370e+02
4.740000e-06	3.465079e-09	1.681010e-09	2.794851e+01	1.912343e+02
4.750000e-06	3.463009e-09	1.577697e-09	2.793182e+01	1.913266e+02
4.760000e-06	3.460838e-09	1.554787e-09	2.791431e+01	1.914061e+02
4.770000e-06	3.458548e-09	1.552078e-09	2.789584e+01	1.914646e+02
4.780000e-06	3.456131e-09	1.499108e-09	2.787634e+01	1.914947e+02
4.790000e-06	3.453586e-09	1.462910e-09	2.785582e+01	1.914896e+02
4.800000e-06	3.450900e-09	1.594240e-09	2.783415e+01	1.914444e+02
4.810000e-06	3.448061e-09	1.746726e-09	2.781125e+01	1.913559e+02
4.820000e-06	3.445061e-09	1.678377e-09	2.778705e+01	1.912233e+02
4.830000e-06	3.441899e-09	1.516613e-09	2.776155e+01	1.910480e+02
4.840000e-06	3.438579e-09	1.504305e-09	2.773477e+01	1.908338e+02
4.850000e-06	3.435101e-09	1.595999e-09	2.770672e+01	1.905863e+02
4.860000e-06	3.431462e-09	1.556519e-09	2.767736e+01	1.903126e+02
4.870000e-06	3.427670e-09	1.491742e-09	2.764678e+01	1.900208e+02
4.880000e-06	3.423786e-09	1.582733e-09	2.761546e+01	1.897190e+02
4.890000e-06	3.419824e-09	1.697340e-09	2.758350e+01	1.894149e+02
4.900000e-06	3.415779e-09	1.614566e-09	2.755087e+01	1.891151e+02
4.910000e-06	3.411652e-09	1.471823e-09	2.751759e+01	1.888243e+02
4.920000e-06	3.407438e-09	1.498391e-09	2.748359e+01	1.885453e+02
4.930000e-06	3.403134e-09	1.579514e-09	2.744888e+01	1.882784e+02
4.940000e-06	3.398723e-09	1.567101e-09	2.741330e+01	1.880220e+02
4.950000e-06	3.394177e-09	1.548577e-09	2.737663e+01	1.877724e+02
4.960000e-06	3.389475e-09	1.608430e-09	2.733871e+01	1.875245e+02
4.970000e-06	3.384615e-09	1.613583e-09	2.729951e+01	1.872724e+02
4.980000e-06	3.379565e-09	1.539697e-09	2.725878e+01	1.870101e+02
4.990000e-06	3.374264e-09	1.519771e-09	2.721602e+01	1.867322e+02
5.000000e-06	3.368699e-09	1.538669e-09	2.717114e+01	1.864343e+02
5.010000e-06	3.362853e-09	1.522836e-09	2.712398e+01	1.861136e+02
5.020000e-06	3.356724e-09	1.532736e-09	2.707455e+01	1.857693e+02
5.030000e-06	3.350328e-09	1.602987e-09	2.702296e+01	1.854025e+02
5.040000e-06	3.343674e-09	1.600121e-09	2.696929e+01	1.850158e+02
5.050000e-06	3.336790e-09	1.523437e-09	2.691376e+01	1.846132e+02
5.060000e-06	3.329694e-09	1.517394e-09	2.685653e+01	1.841997e+02
5.070000e-06	3.322403e-09	1.552684e-09	2.679772e+01	1.837800e+02
5.080000e-06	3.314932e-09	1.526919e-09	2.673747e+01	1.833588e+02
5.090000e-06	3.307300e-09	1.499482e-09	2.667591e+01	1.829395e+02
5.100000e-06	3.299519e-09	1.545385e-09	2.661315e+01	1.825241e+02
5.110000e-06	3.291616e-09	1.573808e-09	2.654941e+01	1.821131e+02
5.120000e-06	3.283624e-09	1.545355e-09	2.648495e+01	1.817050e+02
5.130000e-06	3.275546e-09	1.522909e-09	2.641978e+01	1.812971e+02
5.140000e-06	3.267380e-09	1.510989e-09	2.635393e+01	1.808854e+02
5.150000e-06	3.259128e-09	1.494764e-09	2.628736e+01	1.804652e+02
5.160000e-06	3.250795e-09	1.500243e-09	2.622015e+01	1.800319e+02
5.170000e-06	3.242370e-09	1.521395e-09	2.615220e+01	1.795815e+02
5.180000e-06	3.233830e-09	1.512276e-09	2.608332e+01	1.791109e+02
5.190000e-06	3.225161e-09	1.505093e-09	2.601339e+01	1.786186e+02
5.200000e-06	3.216337e-09	1.521398e-09	2.594222e+01	1.781048e+02
5.210000e-06	3.207371e-09	1.515910e-09	2.586990e+01	1.775713e+02
5.220000e-06	3.198231e-09	1.485688e-09	2.579618e+01	1.770214e+02
5.230000e-06	3.188917e-09	1.476441e-09	2.572105e+01	1.764596e+02
5.240000e-06	3.179466e-09	1.489763e-09	2.564483e+01	1.758909e+02
5.250000e-06	3.169872e-09	1.488846e-09	2.556745e+01	1.753203e+02
5.260000e-06	3.160149e-09	1.481404e-09	2.548902e+01	1.747526e+02
5.270000e-06	3.150290e-09	1.474388e-09	2.540950e+01	1.741913e+02
5.280000e-06	3.140309e-09	1.466163e-09	2.532900e+01	1.736387e+02
5.290000e-06	3.130215e-09	1.462212e-09	2.524759e+01	1.730956e+02
5.300000e-06	3.119997e-09	1.458656e-09	2.516516e+01	1.725614e+02
5.310000e-06	3.109663e-09	1.451743e-09	2.508181e+01	1.720340e+02
5.320000e-06	3.099224e-09	1.446351e-09	2.499761e+01	1.715103e+02
5.330000e-06	3.088638e-09	1.453097e-09	2.491223e+01	1.709868e+02
5.340000e-06	3.077888e-09	1.455861e-09	2.482552e+01	1.704595e+02
5.350000e-06	3.066986e-09	1.445471e-09	2.473759e+01	1.699252e+02
5.360000e-06	3.055917e-09	1.431982e-09	2.464831e+01	1.693809e+02
5.370000e-06	3.044676e-09	1.424320e-09	2.455764e+01	1.688248e+02
5.380000e-06	3.033261e-09	1.424561e-09	2.446558e+01	1.682561e+02
5.390000e-06	3.021699e-09	1.422787e-09	2.437232e+01	1.676749e+02
5.400000e-06	3.009999e-09	1.417559e-09	2.427795e+01	1.670822e+02
5.410000e-06	2.998170e-09	1.411778e-09	2.418254e+01	1.664796e+02
5.420000e-06	2.986229e-09	1.409174e-09	2.408622e+01	1.658688e+02
5.430000e-06	2.974175e-09	1.405101e-09	2.398900e+01	1.652513e+02
5.440000e-06	2.962012e-09	1.394655e-09	2.389089e+01	1.646284e+02
5.450000e-06	2.949715e-09	1.383311e-09	2.379171e+01	1.640007e+02
5.460000e-06	2.937280e-09	1.378530e-09	2.369141e+01	1.633681e+02
5.470000e-06	2.924705e-09	1.381529e-09	2.358999e+01	1.627298e+02
5.480000e-06	2.911975e-09	1.383150e-09	2.348731e+01	1.620846e+02
5.490000e-06	2.899076e-09	1.380035e-09	2.338327e+01	1.614308e+02
5.500000e-06	2.885991e-09	1.372946e-09	2.327773e+01	1.607671e+02
5.510000e-06	2.872702e-09	1.364402e-09	2.317054e+01	1.600922e+02
5.520000e-06	2.859212e-09	1.353420e-09	2.306173e+01	1.594055e+02
5.530000e-06	2.845494e-09	1.340933e-09	2.295109e+01	1.587071e+02
5.540000e-06	2.831536e-09	1.333467e-09	2.283851e+01	1.579980e+02
5.550000e-06	2.817339e-09	1.333257e-09	2.272400e+01	1.572799e+02
5.560000e-06	2.802901e-09	1.336669e-09	2.260755e+01	1.565553e+02
5.570000e-06	2.788254e-09	1.335409e-09	2.248940e+01	1.558268e+02
5.580000e-06	2.773387e-09	1.328396e-09	2.236949e+01	1.550973e+02
5.590000e-06	2.758290e-09	1.318162e-09	2.224772e+01	1.543693e+02
5.600000e-06	2.742997e-09	1.308983e-09	2.212438e+01	1.536447e+02
5.610000e-06	2.727531e-09	1.302734e-09	2.199963e+01	1.529247e+02
5.620000e-06	2.711937e-09	1.296819e-09	2.187385e+01	1.522094e+02
5.630000e-06	2.696233e-09	1.292892e-09	2.174719e+01	1.514981e+02
5.640000e-06	2.680420e-09	1.292073e-09	2.161965e+01	1.507891e+02
5.650000e-06	2.664519e-09	1.290476e-09	2.149139e+01	1.500798e+02
5.660000e-06	2.648542e-09	1.282115e-09	2.136252e+01	1.493675e+02
5.670000e-06	2.632502e-09	1.270562e-09	2.123315e+01	1.486493e+02
5.680000e-06	2.616415e-09	1.261951e-09	2.110339e+01	1.479222e+02
5.690000e-06	2.600283e-09	1.256496e-09	2.097327e+01	1.471842e+02
5.700000e-06	2.584098e-09	1.252951e-09	2.084274e+01	1.464335e+02
5.710000e-06	2.567848e-09	1.249644e-09	2.071167e+01	1.456693e+02
5.720000e-06	2.551518e-09	1.246539e-09	2.057995e+01	1.448918e+02
5.730000e-06	2.535111e-09	1.242958e-09	2.044761e+01	1.441017e+02
5.740000e-06	2.518620e-09	1.238582e-09	2.031460e+01	1.433005e+02
5.750000e-06	2.502036e-09	1.231970e-09	2.018084e+01	1.424900e+02
5.760000e-06	2.485343e-09	1.222748e-09	2.004620e+01	1.416723e+02
5.770000e-06	2.468517e-09	1.214348e-09	1.991048e+01	1.408493e+02
5.780000e-06	2.451525e-09	1.208133e-09	1.977343e+01	1.400228e+02
5.790000e-06	2.434393e-09	1.203149e-09	1.963524e+01	1.391940e+02
5.800000e-06	2.417174e-09	1.197199e-09	1.949636e+01	1.383638e+02
5.810000e-06	2.399830e-09	1.190573e-09	1.935647e+01	1.375326e+02
5.820000e-06	2.382314e-09	1.183865e-09	1.921519e+01	1.367003e+02
5.830000e-06	2.364689e-09	1.177649e-09	1.907303e+01	1.358664e+02
5.840000e-06	2.346974e-09	1.172023e-09	1.893014e+01	1.350300e+02
5.850000e-06	2.329162e-09	1.165804e-09	1.878648e+01	1.341903e+02
5.860000e-06	2.311281e-09	1.158299e-09	1.864226e+01	1.333461e+02
5.870000e-06	2.293320e-09	1.150671e-09	1.849738e+01	1.324966e+02
5.880000e-06	2.275277e-09	1.144314e-09	1.835186e+01	1.316405e+02
5.890000e-06	2.257157e-09	1.136711e-09	1.820570e+01	1.307772e+02
5.900000e-06	2.238962e-09	1.130139e-09	1.805895e+01	1.299057e+02
5.910000e-06	2.220695e-09	1.124053e-09	1.791161e+01	1.290254e+02
5.920000e-06	2.202359e-09	1.115512e-09	1.776371e+01	1.281357e+02
5.930000e-06	2.183938e-09	1.105531e-09	1.761513e+01	1.272360e+02
5.940000e-06	2.165425e-09	1.093952e-09	1.746581e+01	1.263262e+02
5.950000e-06	2.146819e-09	1.083764e-09	1.731574e+01	1.254061e+02
5.960000e-06	2.128111e-09	1.076046e-09	1.716485e+01	1.244760e+02
5.970000e-06	2.109289e-09	1.070979e-09	1.701303e+01	1.235363e+02
5.980000e-06	2.090344e-09	1.068081e-09	1.686022e+01	1.225879e+02
5.990000e-06	2.071272e-09	1.063975e-09	1.670640e+01	1.216322e+02
6.000000e-06	2.052099e-09	1.057372e-09	1.655175e+01	1.206706e+02
6.010000e-06	2.032826e-09	1.047478e-09	1.639630e+01	1.197051e+02
6.020000e-06	2.013453e-09	1.037537e-09	1.624004e+01	1.187376e+02
6.030000e-06	1.994003e-09	1.028092e-09	1.608316e+01	1.177702e+02
6.040000e-06	1.974452e-09	1.019673e-09	1.592547e+01	1.168047e+02
6.050000e-06	1.954811e-09	1.013230e-09	1.576705e+01	1.158426e+02
6.060000e-06	1.935090e-09	1.006875e-09	1.560798e+01	1.148849e+02
6.070000e-06	1.915293e-09	1.000009e-09	1.544831e+01	1.139320e+02
6.080000e-06	1.895444e-09	9.909683e-10	1.528821e+01	1.129839e+02
6.090000e-06	1.875547e-09	9.813385e-10	1.512772e+01	1.120398e+02
6.100000e-06	1.855603e-09	9.718656e-10	1.496685e+01	1.110986e+02
6.110000e-06	1.835615e-09	9.640635e-10	1.480564e+01	1.101589e+02
6.120000e-06	1.815588e-09	9.598832e-10	1.464411e+01	1.092192e+02
6.130000e-06	1.795528e-09	9.580157e-10	1.448231e+01	1.082781e+02
6.140000e-06	1.775438e-09	9.550387e-10	1.432027e+01	1.073346e+02
6.150000e-06	1.755326e-09	9.462175e-10	1.415805e+01	1.063879e+02
6.160000e-06	1.735185e-09	9.353259e-10	1.399559e+01	1.054379e+02
6.170000e-06	1.715011e-09	9.243451e-10	1.383287e+01	1.044850e+02
6.180000e-06	1.694815e-09	9.134879e-10	1.366998e+01	1.035296e+02
6.190000e-06	1.674582e-09	9.031772e-10	1.350679e+01	1.025727e+02
6.200000e-06	1.654316e-09	8.951989e-10	1.334332e+01	1.016149e+02
6.210000e-06	1.634015e-09	8.919754e-10	1.317958e+01	1.006566e+02
6.220000e-06	1.613661e-09	8.881916e-10	1.301541e+01	9.969764e+01
6.230000e-06	1.593239e-09	8.830741e-10	1.285069e+01	9.873730e+01
6.240000e-06	1.572750e-09	8.745285e-10	1.268543e+01	9.777396e+01
6.250000e-06	1.552204e-09	8.665326e-10	1.251971e+01	9.680530e+01
6.260000e-06	1.531582e-09	8.623961e-10	1.235338e+01	9.582843e+01
6.270000e-06	1.510877e-09	8.568522e-10	1.218638e+01	9.484014e+01
6.280000e-06	1.490106e-09	8.474858e-10	1.201884e+01	9.383718e+01
6.290000e-06	1.469286e-09	8.353987e-10	1.185092e+01	9.281663e+01
6.300000e-06	1.448385e-09	8.246329e-10	1.168233e+01	9.177628e+01
6.310000e-06	1.427347e-09	8.151679e-10	1.151264e+01	9.071488e+01
6.320000e-06	1.406198e-09	8.064444e-10	1.134206e+01	8.963238e+01
6.330000e-06	1.384964e-09	7.995893e-10	1.117080e+01	8.852999e+01
6.340000e-06	1.363604e-09	7.955715e-10	1.099851e+01	8.741015e+01
6.350000e-06	1.342091e-09	7.920340e-10	1.082499e+01	8.627632e+01
6.360000e-06	1.320478e-09	7.843922e-10	1.065067e+01	8.513272e+01
6.370000e-06	1.298770e-09	7.704708e-10	1.047558e+01	8.398388e+01
6.380000e-06	1.276942e-09	7.535328e-10	1.029951e+01	8.283424e+01
6.390000e-06	1.254991e-09	7.412073e-10	1.012246e+01	8.168774e+01
6.400000e-06	1.232931e-09	7.350705e-10	9.944531e+00	8.054744e+01
6.410000e-06	1.210780e-09	7.331187e-10	9.765868e+00	7.941524e+01
6.420000e-06	1.188517e-09	7.311318e-10	9.586301e+00	7.829175e+01
6.430000e-06	1.166168e-09	7.256316e-10	9.406039e+00	7.717628e+01
6.440000e-06	1.143722e-09	7.160648e-10	9.224995e+00	7.606696e+01
6.450000e-06	1.121161e-09	7.027602e-10	9.043024e+00	7.496101e+01
6.460000e-06	1.098522e-09	6.881414e-10	8.860421e+00	7.385506e+01
6.470000e-06	1.075793e-09	6.738503e-10	8.677096e+00	7.274554e+01
6.480000e-06	1.052954e-09	6.639565e-10	8.492880e+00	7.162904e+01
6.490000e-06	1.030025e-09	6.587403e-10	8.307941e+00	7.050270e+01
6.500000e-06	1.007011e-09	6.550886e-10	8.122322e+00	6.936441e+01
6.510000e-06	9.839439e-10	6.499094e-10	7.936264e+00	6.821301e+01
6.520000e-06	9.608418e-10	6.404886e-10	7.749928e+00	6.704832e+01
6.530000e-06	9.376608e-10	6.285762e-10	7.562956e+00	6.587112e+01
6.540000e-06	9.144077e-10	6.156157e-10	7.375402e+00	6.468293e+01
6.550000e-06	8.911150e-10	6.026233e-10	7.187528e+00	6.348585e+01
6.560000e-06	8.677795e-10	5.911041e-10	6.999310e+00	6.228229e+01
6.570000e-06	8.443846e-10	5.826883e-10	6.810613e+00	6.107466e+01
6.580000e-06	8.209481e-10	5.757562e-10	6.621580e+00	5.986520e+01
6.590000e-06	7.974539e-10	5.663786e-10	6.432081e+00	5.865576e+01
6.600000e-06	7.738992e-10	5.526232e-10	6.242095e+00	5.744768e+01
6.610000e-06	7.503236e-10	5.372659e-10	6.051939e+00	5.624175e+01
6.620000e-06	7.267207e-10	5.257647e-10	5.861564e+00	5.503823e+01
6.630000e-06	7.030805e-10	5.168348e-10	5.670888e+00	5.383692e+01
6.640000e-06	6.794004e-10	5.077097e-10	5.479889e+00	5.263730e+01
6.650000e-06	6.556802e-10	4.988421e-10	5.288568e+00	5.143866e+01
6.660000e-06	6.319352e-10	4.912028e-10	5.097046e+00	5.024026e+01
6.670000e-06	6.081745e-10	4.836317e-10	4.905397e+00	4.904144e+01
6.680000e-06	5.843980e-10	4.727751e-10	4.713622e+00	4.784175e+01
6.690000e-06	5.605984e-10	4.579062e-10	4.521660e+00	4.664100e+01
6.700000e-06	5.367865e-10	4.425533e-10	4.329598e+00	4.543932e+01
6.710000e-06	5.129692e-10	4.308954e-10	4.137494e+00	4.423713e+01
6.720000e-06	4.891224e-10	4.209262e-10	3.945151e+00	4.303509e+01
6.730000e-06	4.652455e-10	4.101888e-10	3.752565e+00	4.183409e+01
6.740000e-06	4.413520e-10	3.979760e-10	3.559846e+00	4.063510e+01
6.750000e-06	4.174604e-10	3.848175e-10	3.367141e+00	3.943912e+01
6.760000e-06	3.935705e-10	3.733696e-10	3.174451e+00	3.824704e+01
6.770000e-06	3.696724e-10	3.630354e-10	2.981693e+00	3.705957e+01
6.780000e-06	3.457470e-10	3.535482e-10	2.788717e+00	3.587715e+01
6.790000e-06	3.218025e-10	3.468177e-10	2.595586e+00	3.469987e+01
6.800000e-06	2.978614e-10	3.418322e-10	2.402482e+00	3.352741e+01
6.810000e-06	2.739211e-10	3.349441e-10	2.209385e+00	3.235901e+01
6.820000e-06	2.499682e-10	3.233367e-10	2.016187e+00	3.119352e+01
6.830000e-06	2.259947e-10	3.077487e-10	1.822822e+00	3.002940e+01
6.840000e-06	2.020060e-10	2.924690e-10	1.629334e+00	2.886486e+01
6.850000e-06	1.780147e-10	2.807390e-10	1.435826e+00	2.769792e+01
6.860000e-06	1.540353e-10	2.730704e-10	1.242413e+00	2.652662e+01
6.870000e-06	1.300522e-10	2.672450e-10	1.048970e+00	2.534914e+01
6.880000e-06	1.060629e-10	2.609976e-10	8.554783e-01	2.416400e+01
6.890000e-06	8.207955e-11	2.531315e-10	6.620341e-01	2.297021e+01
6.900000e-06	5.809101e-11	2.422220e-10	4.685478e-01	2.176734e+01
6.910000e-06	3.409461e-11	2.283702e-10	2.749980e-01	2.055564e+01
6.920000e-06	1.010358e-11	2.145514e-10	8.149167e-02	1.933594e+01
6.930000e-06	-1.388639e-11	2.037234e-10	-1.120059e-01	1.810963e+01
6.940000e-06	-3.788247e-11	1.960530e-10	-3.055528e-01	1.687843e+01
6.950000e-06	-6.187585e-11	1.893551e-10	-4.990780e-01	1.564422e+01
6.960000e-06	-8.585757e-11	1.807941e-10	-6.925091e-01	1.440870e+01
6.970000e-06	-1.098333e-10	1.701053e-10	-8.858922e-01	1.317322e+01
6.980000e-06	-1.338076e-10	1.585029e-10	-1.079263e+00	1.193844e+01
6.990000e-06	-1.577762e-10	1.457133e-10	-1.272588e+00	1.070426e+01
7.000000e-06	-1.817545e-10	1.318387e-10	-1.465992e+00	9.469664e+00
7.010000e-06	-2.057211e-10	1.197651e-10	-1.659301e+00	8.232839e+00
7.020000e-06	-2.296701e-10	1.108059e-10	-1.852469e+00	6.991293e+00
7.030000e-06	-2.536262e-10	1.031150e-10	-2.045693e+00	5.742153e+00
7.040000e-06	-2.775894e-10	9.553281e-11	-2.238975e+00	4.482516e+00
7.050000e-06	-3.015490e-10	8.578084e-11	-2.432228e+00	3.209858e+00
7.060000e-06	-3.254952e-10	7.363721e-11	-2.625373e+00	1.922410e+00
7.070000e-06	-3.494352e-10	6.130857e-11	-2.818467e+00	6.194888e-01
7.080000e-06	-3.733638e-10	4.944252e-11	-3.011470e+00	-6.983045e-01
7.090000e-06	-3.972675e-10	3.871652e-11	-3.204272e+00	-2.029030e+00
7.100000e-06	-4.211570e-10	2.821336e-11	-3.396959e+00	-3.369532e+00
7.110000e-06	-4.450393e-10	1.646887e-11	-3.589588e+00	-4.715743e+00
7.120000e-06	-4.689089e-10	3.863604e-12	-3.782115e+00	-6.063122e+00
7.130000e-06	-4.927593e-10	-9.388200e-12	-3.974487e+00	-7.407202e+00
7.140000e-06	-5.165914e-10	-2.302823e-11	-4.166712e+00	-8.744172e+00
7.150000e-06	-5.404134e-10	-3.719520e-11	-4.358855e+00	-1.007142e+01
7.160000e-06	-5.642143e-10	-5.098015e-11	-4.550828e+00	-1.138796e+01
7.170000e-06	-5.879873e-10	-6.185751e-11	-4.742575e+00	-1.269469e+01
7.180000e-06	-6.117405e-10	-7.011265e-11	-4.934163e+00	-1.399441e+01
7.190000e-06	-6.354656e-10	-7.889455e-11	-5.125524e+00	-1.529164e+01
7.200000e-06	-6.591655e-10	-8.951237e-11	-5.316682e+00	-1.659215e+01
7.210000e-06	-6.828403e-10	-1.016976e-10	-5.507637e+00	-1.790238e+01
7.220000e-06	-7.064667e-10	-1.139596e-10	-5.698202e+00	-1.922866e+01
7.230000e-06	-7.300626e-10	-1.265338e-10	-5.888521e+00	-2.057646e+01
7.240000e-06	-7.536264e-10	-1.411194e-10	-6.078581e+00	-2.194969e+01
7.250000e-06	-7.771543e-10	-1.563447e-10	-6.268352e+00	-2.335013e+01
7.260000e-06	-8.006499e-10	-1.713845e-10	-6.457862e+00	-2.477716e+01
7.270000e-06	-8.240924e-10	-1.851384e-10	-6.646945e+00	-2.622763e+01
7.280000e-06	-8.474846e-10	-2.013060e-10	-6.835620e+00	-2.769622e+01
7.290000e-06	-8.708263e-10	-2.193100e-10	-7.023889e+00	-2.917587e+01
7.300000e-06	-8.941062e-10	-2.356110e-10	-7.211658e+00	-3.065857e+01
7.310000e-06	-9.173355e-10	-2.488110e-10	-7.399020e+00	-3.213620e+01
7.320000e-06	-9.405234e-10	-2.583099e-10	-7.586049e+00	-3.360142e+01
7.330000e-06	-9.636424e-10	-2.665888e-10	-7.772521e+00	-3.504848e+01
7.340000e-06	-9.866864e-10	-2.736296e-10	-7.958388e+00	-3.647383e+01
7.350000e-06	-1.009670e-09	-2.831152e-10	-8.143767e+00	-3.787650e+01
7.360000e-06	-1.032591e-09	-2.971136e-10	-8.328646e+00	-3.925816e+01
7.370000e-06	-1.055413e-09	-3.155411e-10	-8.512721e+00	-4.062282e+01
7.380000e-06	-1.078120e-09	-3.358058e-10	-8.695871e+00	-4.197635e+01
7.390000e-06	-1.100747e-09	-3.520198e-10	-8.878370e+00	-4.332573e+01
7.400000e-06	-1.123303e-09	-3.648530e-10	-9.060302e+00	-4.467814e+01
7.410000e-06	-1.145756e-09	-3.735308e-10	-9.241404e+00	-4.604015e+01
7.420000e-06	-1.168075e-09	-3.792702e-10	-9.421424e+00	-4.741693e+01
7.430000e-06	-1.190281e-09	-3.876184e-10	-9.600534e+00	-4.881167e+01
7.440000e-06	-1.212397e-09	-4.016451e-10	-9.778916e+00	-5.022528e+01
7.450000e-06	-1.234426e-09	-4.202801e-10	-9.956590e+00	-5.165639e+01
7.460000e-06	-1.256367e-09	-4.369993e-10	-1.013357e+01	-5.310163e+01
7.470000e-06	-1.278208e-09	-4.504761e-10	-1.030973e+01	-5.455614e+01
7.480000e-06	-1.299934e-09	-4.626563e-10	-1.048496e+01	-5.601427e+01
7.490000e-06	-1.321546e-09	-4.736696e-10	-1.065928e+01	-5.747037e+01
7.500000e-06	-1.343043e-09	-4.830137e-10	-1.083267e+01	-5.891949e+01
7.510000e-06	-1.364414e-09	-4.928338e-10	-1.100505e+01	-6.035803e+01
7.520000e-06	-1.385652e-09	-5.053673e-10	-1.117635e+01	-6.178405e+01
7.530000e-06	-1.406779e-09	-5.208970e-10	-1.134675e+01	-6.319750e+01
7.540000e-06	-1.427808e-09	-5.375943e-10	-1.151636e+01	-6.460001e+01
7.550000e-06	-1.448727e-09	-5.511352e-10	-1.168509e+01	-6.599458e+01
7.560000e-06	-1.469566e-09	-5.618211e-10	-1.185318e+01	-6.738496e+01
7.570000e-06	-1.490333e-09	-5.720295e-10	-1.202068e+01	-6.877505e+01
7.580000e-06	-1.511011e-09	-5.845573e-10	-1.218746e+01	-7.016824e+01
7.590000e-06	-1.531628e-09	-5.973445e-10	-1.235375e+01	-7.156681e+01
7.600000e-06	-1.552183e-09	-6.078557e-10	-1.251954e+01	-7.297161e+01
7.610000e-06	-1.572665e-09	-6.180983e-10	-1.268475e+01	-7.438185e+01
7.620000e-06	-1.593081e-09	-6.295907e-10	-1.284941e+01	-7.579523e+01
7.630000e-06	-1.613432e-09	-6.417766e-10	-1.301356e+01	-7.720822e+01
7.640000e-06	-1.633740e-09	-6.522021e-10	-1.317736e+01	-7.861662e+01
7.650000e-06	-1.654018e-09	-6.643295e-10	-1.334092e+01	-8.001612e+01
7.660000e-06	-1.674256e-09	-6.781537e-10	-1.350416e+01	-8.140294e+01
7.670000e-06	-1.694459e-09	-6.920051e-10	-1.366711e+01	-8.277442e+01
7.680000e-06	-1.714632e-09	-7.064194e-10	-1.382982e+01	-8.412934e+01
7.690000e-06	-1.734770e-09	-7.200939e-10	-1.399225e+01	-8.546819e+01
7.700000e-06	-1.754881e-09	-7.321459e-10	-1.415446e+01	-8.679302e+01
7.710000e-06	-1.774975e-09	-7.410790e-10	-1.431653e+01	-8.810720e+01
7.720000e-06	-1.795040e-09	-7.490435e-10	-1.447838e+01	-8.941492e+01
7.730000e-06	-1.815071e-09	-7.572559e-10	-1.463994e+01	-9.072058e+01
7.740000e-06	-1.835063e-09	-7.666570e-10	-1.480119e+01	-9.202812e+01
7.750000e-06	-1.855013e-09	-7.778306e-10	-1.496210e+01	-9.334047e+01
7.760000e-06	-1.874908e-09	-7.912896e-10	-1.512257e+01	-9.465910e+01
7.770000e-06	-1.894745e-09	-8.069377e-10	-1.528257e+01	-9.598372e+01
7.780000e-06	-1.914528e-09	-8.214961e-10	-1.544213e+01	-9.731235e+01
7.790000e-06	-1.934236e-09	-8.332625e-10	-1.560110e+01	-9.864150e+01
7.800000e-06	-1.953862e-09	-8.427641e-10	-1.575940e+01	-9.996666e+01
7.810000e-06	-1.973406e-09	-8.536443e-10	-1.591703e+01	-1.012828e+02
7.820000e-06	-1.992850e-09	-8.669105e-10	-1.607386e+01	-1.025853e+02
7.830000e-06	-2.012193e-09	-8.798191e-10	-1.622988e+01	-1.038700e+02
7.840000e-06	-2.031423e-09	-8.904462e-10	-1.638498e+01	-1.051345e+02
7.850000e-06	-2.050538e-09	-9.002324e-10	-1.653916e+01	-1.063778e+02
7.860000e-06	-2.069548e-09	-9.094978e-10	-1.669249e+01	-1.076009e+02
7.870000e-06	-2.088448e-09	-9.173720e-10	-1.684493e+01	-1.088063e+02
7.880000e-06	-2.107248e-09	-9.264645e-10	-1.699657e+01	-1.099979e+02
7.890000e-06	-2.125936e-09	-9.381288e-10	-1.714730e+01	-1.111803e+02
7.900000e-06	-2.144525e-09	-9.529748e-10	-1.729724e+01	-1.123584e+02
7.910000e-06	-2.163033e-09	-9.709485e-10	-1.744652e+01	-1.135364e+02
7.920000e-06	-2.181447e-09	-9.899522e-10	-1.759504e+01	-1.147177e+02
7.930000e-06	-2.199769e-09	-1.006097e-09	-1.774282e+01	-1.159041e+02
7.940000e-06	-2.218000e-09	-1.017938e-09	-1.788987e+01	-1.170958e+02
7.950000e-06	-2.236161e-09	-1.026606e-09	-1.803635e+01	-1.182912e+02
7.960000e-06	-2.254275e-09	-1.033757e-09	-1.818245e+01	-1.194874e+02
7.970000e-06	-2.272322e-09	-1.042120e-09	-1.832802e+01	-1.206804e+02
7.980000e-06	-2.290273e-09	-1.053306e-09	-1.847280e+01	-1.218658e+02
7.990000e-06	-2.308126e-09	-1.067751e-09	-1.861681e+01	-1.230391e+02
8.000000e-06	-2.325905e-09	-1.082663e-09	-1.876021e+01	-1.241965e+02
8.010000e-06	-2.343589e-09	-1.095950e-09	-1.890285e+01	-1.253353e+02
8.020000e-06	-2.361174e-09	-1.107408e-09	-1.904468e+01	-1.264541e+02
8.030000e-06	-2.378657e-09	-1.116204e-09	-1.918569e+01	-1.275526e+02
8.040000e-06	-2.396011e-09	-1.123093e-09	-1.932566e+01	-1.286322e+02
8.050000e-06	-2.413235e-09	-1.130429e-09	-1.946459e+01	-1.296951e+02
8.060000e-06	-2.430352e-09	-1.142176e-09	-1.960265e+01	-1.307440e+02
8.070000e-06	-2.447346e-09	-1.156288e-09	-1.973972e+01	-1.317820e+02
8.080000e-06	-2.464200e-09	-1.168990e-09	-1.987566e+01	-1.328117e+02
8.090000e-06	-2.480934e-09	-1.179686e-09	-2.001063e+01	-1.338353e+02
8.100000e-06	-2.497544e-09	-1.187973e-09	-2.014460e+01	-1.348539e+02
8.110000e-06	-2.514050e-09	-1.195779e-09	-2.027774e+01	-1.358677e+02
8.120000e-06	-2.530489e-09	-1.202694e-09	-2.041033e+01	-1.368762e+02
8.130000e-06	-2.546854e-09	-1.210046e-09	-2.054233e+01	-1.378781e+02
8.140000e-06	-2.563158e-09	-1.218971e-09	-2.067384e+01	-1.388716e+02
8.150000e-06	-2.579398e-09	-1.227160e-09	-2.080482e+01	-1.398554e+02
8.160000e-06	-2.595570e-09	-1.233503e-09	-2.093526e+01	-1.408280e+02
8.170000e-06	-2.611695e-09	-1.238878e-09	-2.106532e+01	-1.417890e+02
8.180000e-06	-2.627763e-09	-1.245342e-09	-2.119493e+01	-1.427384e+02
8.190000e-06	-2.643760e-09	-1.254488e-09	-2.132395e+01	-1.436774e+02
8.200000e-06	-2.659682e-09	-1.266209e-09	-2.145238e+01	-1.446075e+02
8.210000e-06	-2.675528e-09	-1.278062e-09	-2.158019e+01	-1.455306e+02
8.220000e-06	-2.691280e-09	-1.288701e-09	-2.170724e+01	-1.464489e+02
8.230000e-06	-2.706925e-09	-1.297955e-09	-2.183342e+01	-1.473641e+02
8.240000e-06	-2.722421e-09	-1.304276e-09	-2.195842e+01	-1.482772e+02
8.250000e-06	-2.737724e-09	-1.307750e-09	-2.208184e+01	-1.491883e+02
8.260000e-06	-2.752809e-09	-1.311308e-09	-2.220352e+01	-1.500965e+02
8.270000e-06	-2.767685e-09	-1.318481e-09	-2.232350e+01	-1.510000e+02
8.280000e-06	-2.782334e-09	-1.328187e-09	-2.244165e+01	-1.518959e+02
8.290000e-06	-2.796743e-09	-1.336363e-09	-2.255788e+01	-1.527812e+02
8.300000e-06	-2.810922e-09	-1.342790e-09	-2.267224e+01	-1.536523e+02
8.310000e-06	-2.824885e-09	-1.349868e-09	-2.278486e+01	-1.545063e+02
8.320000e-06	-2.838644e-09	-1.357619e-09	-2.289583e+01	-1.553411e+02
8.330000e-06	-2.852190e-09	-1.364158e-09	-2.300510e+01	-1.561554e+02
8.340000e-06	-2.865519e-09	-1.370075e-09	-2.311260e+01	-1.569494e+02
8.350000e-06	-2.878624e-09	-1.378272e-09	-2.321831e+01	-1.577243e+02
8.360000e-06	-2.891551e-09	-1.388707e-09	-2.332258e+01	-1.584828e+02
8.370000e-06	-2.904323e-09	-1.396037e-09	-2.342559e+01	-1.592280e+02
8.380000e-06	-2.916942e-09	-1.398240e-09	-2.352737e+01	-1.599637e+02
8.390000e-06	-2.929437e-09	-1.399454e-09	-2.362815e+01	-1.606935e+02
8.400000e-06	-2.941821e-09	-1.404312e-09	-2.372804e+01	-1.614204e+02
8.410000e-06	-2.954075e-09	-1.413186e-09	-2.382687e+01	-1.621468e+02
8.420000e-06	-2.966199e-09	-1.422711e-09	-2.392467e+01	-1.628735e+02
8.430000e-06	-2.978214e-09	-1.431806e-09	-2.402158e+01	-1.636003e+02
8.440000e-06	-2.990127e-09	-1.440620e-09	-2.411766e+01	-1.643257e+02
8.450000e-06	-3.001921e-09	-1.448305e-09	-2.421280e+01	-1.650475e+02
8.460000e-06	-3.013565e-09	-1.452951e-09	-2.430671e+01	-1.657626e+02
8.470000e-06	-3.025033e-09	-1.454629e-09	-2.439921e+01	-1.664680e+02
8.480000e-06	-3.036355e-09	-1.456260e-09	-2.449053e+01	-1.671611e+02
8.490000e-06	-3.047529e-09	-1.461282e-09	-2.458066e+01	-1.678401e+02
8.500000e-06	-3.058545e-09	-1.470408e-09	-2.466951e+01	-1.685042e+02
8.510000e-06	-3.069412e-09	-1.481094e-09	-2.475716e+01	-1.691538e+02
8.520000e-06	-3.080139e-09	-1.490595e-09	-2.484368e+01	-1.697907e+02
8.530000e-06	-3.090746e-09	-1.497391e-09	-2.492923e+01	-1.704176e+02
8.540000e-06	-3.101202e-09	-1.502023e-09	-2.501357e+01	-1.710376e+02
8.550000e-06	-3.111523e-09	-1.505039e-09	-2.509682e+01	-1.716543e+02
8.560000e-06	-3.121755e-09	-1.507740e-09	-2.517934e+01	-1.722706e+02
8.570000e-06	-3.131873e-09	-1.512835e-09	-2.526096e+01	-1.728888e+02
8.580000e-06	-3.141887e-09	-1.520170e-09	-2.534172e+01	-1.735096e+02
8.590000e-06	-3.151792e-09	-1.529883e-09	-2.542162e+01	-1.741323e+02
8.600000e-06	-3.161556e-09	-1.540770e-09	-2.550037e+01	-1.747547e+02
8.610000e-06	-3.171183e-09	-1.550148e-09	-2.557802e+01	-1.753728e+02
8.620000e-06	-3.180657e-09	-1.556826e-09	-2.565443e+01	-1.759818e+02
8.630000e-06	-3.189971e-09	-1.560307e-09	-2.572956e+01	-1.765759e+02
8.640000e-06	-3.199109e-09	-1.562499e-09	-2.580326e+01	-1.771492e+02
8.650000e-06	-3.208079e-09	-1.565571e-09	-2.587562e+01	-1.776963e+02
8.660000e-06	-3.216904e-09	-1.570495e-09	-2.594679e+01	-1.782128e+02
8.670000e-06	-3.225577e-09	-1.576133e-09	-2.601675e+01	-1.786958e+02
8.680000e-06	-3.234115e-09	-1.582055e-09	-2.608562e+01	-1.791440e+02
8.690000e-06	-3.242554e-09	-1.588784e-09	-2.615368e+01	-1.795582e+02
8.700000e-06	-3.250899e-09	-1.594423e-09	-2.622099e+01	-1.799409e+02
8.710000e-06	-3.259158e-09	-1.597588e-09	-2.628761e+01	-1.802962e+02
8.720000e-06	-3.267351e-09	-1.599205e-09	-2.635368e+01	-1.806293e+02
8.730000e-06	-3.275463e-09	-1.601239e-09	-2.641912e+01	-1.809460e+02
8.740000e-06	-3.283505e-09	-1.604506e-09	-2.648398e+01	-1.812523e+02
8.750000e-06	-3.291477e-09	-1.608103e-09	-2.654829e+01	-1.815536e+02
8.760000e-06	-3.299344e-09	-1.611136e-09	-2.661174e+01	-1.818543e+02
8.770000e-06	-3.307091e-09	-1.613135e-09	-2.667423e+01	-1.821578e+02
8.780000e-06	-3.314703e-09	-1.615076e-09	-2.673562e+01	-1.824659e+02
8.790000e-06	-3.322136e-09	-1.615762e-09	-2.679557e+01	-1.827788e+02
8.800000e-06	-3.329386e-09	-1.617538e-09	-2.685405e+01	-1.830956e+02
8.810000e-06	-3.336443e-09	-1.620338e-09	-2.691097e+01	-1.834142e+02
8.820000e-06	-3.343273e-09	-1.622838e-09	-2.696606e+01	-1.837317e+02
8.830000e-06	-3.349866e-09	-1.624620e-09	-2.701924e+01	-1.840451e+02
8.840000e-06	-3.356193e-09	-1.626080e-09	-2.707027e+01	-1.843512e+02
8.850000e-06	-3.362228e-09	-1.629045e-09	-2.711894e+01	-1.846473e+02
8.860000e-06	-3.367991e-09	-1.631541e-09	-2.716542e+01	-1.849314e+02
8.870000e-06	-3.373525e-09	-1.634906e-09	-2.721006e+01	-1.852023e+02
8.880000e-06	-3.378843e-09	-1.639032e-09	-2.725296e+01	-1.854597e+02
8.890000e-06	-3.383932e-09	-1.643999e-09	-2.729400e+01	-1.857042e+02
8.900000e-06	-3.388800e-09	-1.648499e-09	-2.733327e+01	-1.859370e+02
8.910000e-06	-3.393484e-09	-1.648177e-09	-2.737105e+01	-1.861600e+02
8.920000e-06	-3.398004e-09	-1.645350e-09	-2.740750e+01	-1.863754e+02
8.930000e-06	-3.402403e-09	-1.642301e-09	-2.744298e+01	-1.865853e+02
8.940000e-06	-3.406718e-09	-1.640705e-09	-2.747779e+01	-1.867919e+02
8.950000e-06	-3.410955e-09	-1.640640e-09	-2.751196e+01	-1.869972e+02
8.960000e-06	-3.415125e-09	-1.640746e-09	-2.754560e+01	-1.872025e+02
8.970000e-06	-3.419226e-09	-1.642104e-09	-2.757868e+01	-1.874089e+02
8.980000e-06	-3.423240e-09	-1.642804e-09	-2.761105e+01	-1.876171e+02
8.990000e-06	-3.427154e-09	-1.644911e-09	-2.764262e+01	-1.878272e+02
9.000000e-06	-3.430967e-09	-1.648621e-09	-2.767338e+01	-1.880390e+02
9.010000e-06	-3.434670e-09	-1.653270e-09	-2.770324e+01	-1.882520e+02
9.020000e-06	-3.438233e-09	-1.657042e-09	-2.773198e+01	-1.884654e+02
9.030000e-06	-3.441623e-09	-1.658370e-09	-2.775932e+01	-1.886784e+02
9.040000e-06	-3.444850e-09	-1.658173e-09	-2.778535e+01	-1.888899e+02
9.050000e-06	-3.447884e-09	-1.655758e-09	-2.780983e+01	-1.890988e+02
9.060000e-06	-3.450733e-09	-1.654811e-09	-2.783280e+01	-1.893039e+02
9.070000e-06	-3.453447e-09	-1.655099e-09	-2.785469e+01	-1.895038e+02
9.080000e-06	-3.456021e-09	-1.656545e-09	-2.787545e+01	-1.896970e+02
9.090000e-06	-3.458463e-09	-1.658802e-09	-2.789515e+01	-1.898821e+02
9.100000e-06	-3.460782e-09	-1.661215e-09	-2.791386e+01	-1.900573e+02
9.110000e-06	-3.463001e-09	-1.664585e-09	-2.793175e+01	-1.902209e+02
9.120000e-06	-3.465125e-09	-1.666419e-09	-2.794888e+01	-1.903712e+02
9.130000e-06	-3.467127e-09	-1.667363e-09	-2.796503e+01	-1.905065e+02
9.140000e-06	-3.468968e-09	-1.667751e-09	-2.797988e+01	-1.906252e+02
9.150000e-06	-3.470569e-09	-1.669195e-09	-2.799279e+01	-1.907262e+02
9.160000e-06	-3.471942e-09	-1.669677e-09	-2.800387e+01	-1.908083e+02
9.170000e-06	-3.473201e-09	-1.666647e-09	-2.801402e+01	-1.908712e+02
9.180000e-06	-3.474339e-09	-1.663010e-09	-2.802320e+01	-1.909147e+02
9.190000e-06	-3.475319e-09	-1.662760e-09	-2.803111e+01	-1.909397e+02
9.200000e-06	-3.476153e-09	-1.667082e-09	-2.803784e+01	-1.909474e+02
9.210000e-06	-3.476824e-09	-1.670096e-09	-2.804325e+01	-1.909399e+02
9.220000e-06	-3.477346e-09	-1.670173e-09	-2.804746e+01	-1.909198e+02
9.230000e-06	-3.477762e-09	-1.669853e-09	-2.805081e+01	-1.908904e+02
