# Configuracion:
# Concentracion g/m^3_=_10770.0
# C_Vs_to_Am_M_A/Vsm_=_116720831517.84952
# pendiente_HvsI_1/m_=_3716.3
# ordenada_HvsI_A/m_=_1297.0
# frecuencia_ref_Hz_=_108232.88561177971
# 
Resultados:
# tau_s_=_(9.45+/-1.13)e+01
# dphi_rad_=_6.35+/-0.01
# SAR_W/g_=_13.76+/-1.70
# Hc_kA/m_=_2.88+/-0.27
# Mr_A/m_=_18.84+/-1.80
# Suceptibilidad_a_M=0_=_0.0069+/-0.0003
Nombre_archivo	Time_m_(s)	Temperatura_(ºC)	Mr_(A/m)	Hc_(kA/m)	Campo_max_(A/m)	Mag_max_(A/m)	f0	mag0	dphi0	SAR_(W/g)	Tau_(ns)	N	xi_M_0
108kHz_072dA_100Mss_bobN1_NF0008.txt		20.00	18.36	2.65	28054.36	199.90	1.082251e+05	2.165817e+00	6.343630e+00	13.52	88.976886	3696	7.220e-03
108kHz_072dA_100Mss_bobN1_NF0009.txt		20.00	19.63	2.87	28054.36	199.34	1.082544e+05	2.151735e+00	6.349773e+00	14.80	98.042981	3695	6.921e-03
108kHz_072dA_100Mss_bobN1_NF0010.txt		20.00	21.82	3.18	28054.36	198.93	1.082544e+05	2.153579e+00	6.357794e+00	16.60	109.900659	3695	7.420e-03
108kHz_072dA_100Mss_bobN1_NF0011.txt		20.00	18.45	2.72	28054.36	193.44	1.082251e+05	2.097185e+00	6.341541e+00	12.64	85.894862	3696	6.961e-03
108kHz_072dA_100Mss_bobN1_NF0013.txt		20.00	20.33	2.87	28054.36	199.18	1.082251e+05	2.152813e+00	6.354527e+00	15.86	105.071744	3696	7.199e-03
108kHz_072dA_100Mss_bobN1_NF0014.txt		20.00	20.77	3.14	28054.36	198.13	1.082251e+05	2.124654e+00	6.356365e+00	16.06	107.785660	3696	7.033e-03
108kHz_072dA_100Mss_bobN1_NF0015.txt		20.00	18.52	2.85	28054.36	195.61	1.082251e+05	2.115019e+00	6.343913e+00	13.27	89.398448	3696	6.976e-03
108kHz_072dA_100Mss_bobN1_NF0016.txt		20.00	18.33	2.73	28054.36	195.93	1.082544e+05	2.128130e+00	6.342720e+00	13.09	87.633482	3695	7.461e-03
108kHz_072dA_100Mss_bobN1_NF0017.txt		20.00	17.94	2.72	28054.36	194.69	1.082544e+05	2.100474e+00	6.344580e+00	13.33	90.381559	3695	6.844e-03
108kHz_072dA_100Mss_bobN1_NF0018.txt		20.00	16.75	2.49	28054.36	194.27	1.082544e+05	2.109060e+00	6.338432e+00	12.04	81.306420	3695	6.878e-03
108kHz_072dA_100Mss_bobN1_NF0019.txt		20.00	19.95	3.19	28054.36	191.52	1.082251e+05	2.079102e+00	6.353475e+00	15.09	103.519213	3696	6.658e-03
108kHz_072dA_100Mss_bobN1_NF0020.txt		20.00	19.16	2.84	28054.36	195.90	1.082251e+05	2.120029e+00	6.347944e+00	14.18	95.347703	3696	6.899e-03
108kHz_072dA_100Mss_bobN1_NF0021.txt		20.00	20.90	3.06	28054.36	201.25	1.082544e+05	2.162514e+00	6.355332e+00	16.12	106.264861	3695	7.101e-03
108kHz_072dA_100Mss_bobN1_NF0022.txt		20.00	19.83	3.03	28054.36	190.25	1.082251e+05	2.058516e+00	6.350231e+00	14.26	98.726543	3696	7.044e-03
108kHz_072dA_100Mss_bobN1_NF0023.txt		20.00	19.96	3.09	28054.36	186.93	1.082251e+05	2.030404e+00	6.353121e+00	14.67	102.998539	3696	6.746e-03
108kHz_072dA_100Mss_bobN1_NF0024.txt		20.00	18.76	3.07	28054.36	188.45	1.082251e+05	2.026063e+00	6.349284e+00	13.83	97.334645	3696	6.429e-03
108kHz_072dA_100Mss_bobN1_NF0025.txt		20.00	13.75	2.23	28054.36	189.04	1.082544e+05	2.027450e+00	6.333473e+00	10.54	74.003410	3695	6.386e-03
108kHz_072dA_100Mss_bobN1_NF0026.txt		20.00	16.63	2.66	28054.36	185.61	1.082251e+05	2.012292e+00	6.339880e+00	11.79	83.453247	3696	6.698e-03
108kHz_072dA_100Mss_bobN1_NF0027.txt		20.00	19.71	3.09	28054.36	189.78	1.082544e+05	2.049928e+00	6.348927e+00	13.92	96.802128	3695	7.023e-03
108kHz_072dA_100Mss_bobN1_NF0028.txt		20.00	16.43	2.42	28054.36	192.24	1.082251e+05	2.071613e+00	6.337293e+00	11.58	79.634462	3696	6.996e-03
108kHz_072dA_100Mss_bobN1_NF0029.txt		20.00	18.18	2.74	28054.36	189.85	1.082251e+05	2.048102e+00	6.338169e+00	11.64	80.928991	3696	6.889e-03
108kHz_072dA_100Mss_bobN1_NF0030.txt		20.00	16.80	2.64	28054.36	189.28	1.082251e+05	2.037965e+00	6.334096e+00	10.72	74.922147	3696	6.945e-03
108kHz_072dA_100Mss_bobN1_NF0031.txt		20.00	17.20	2.72	28054.36	194.15	1.082251e+05	2.090178e+00	6.339321e+00	12.12	82.625301	3696	6.671e-03
108kHz_072dA_100Mss_bobN1_NF0032.txt		20.00	19.01	2.86	28054.36	195.37	1.082251e+05	2.095921e+00	6.347366e+00	13.90	94.500190	3696	7.332e-03
108kHz_072dA_100Mss_bobN1_NF0033.txt		20.00	21.63	3.35	28054.36	188.03	1.082251e+05	2.032066e+00	6.361133e+00	16.36	114.852013	3696	6.987e-03
108kHz_072dA_100Mss_bobN1_NF0034.txt		20.00	21.12	3.37	28054.36	183.29	1.082251e+05	1.973687e+00	6.358325e+00	15.32	110.698186	3696	6.743e-03
108kHz_072dA_100Mss_bobN1_NF0035.txt		20.00	20.18	3.19	28054.36	187.00	1.082251e+05	2.021384e+00	6.356508e+00	15.31	108.008407	3696	6.721e-03
108kHz_072dA_100Mss_bobN1_NF0036.txt		20.00	17.46	3.00	28054.36	178.53	1.082251e+05	1.906457e+00	6.348267e+00	12.82	95.834384	3696	6.397e-03
