# Temperatura_=_20.0
# Concentracion g/m^3_=_10770.0
# C_Vs_to_Am_M_A/Vsm_=_25649819763.59163
# pendiente_HvsI_1/m_=_3716.3
# ordenada_HvsI_A/m_=_1297.0
# frecuencia_Hz_=_108135.11815282317
# Promedio de 24 ciclos

Tiempo_(s)	Campo_(V.s)	Magnetizacion_(V.s)	Campo_(kA/m)	Magnetizacion_(A/m)
0.000000e+00	-4.195035e-09	-1.259496e-08	-3.547510e+01	-3.210220e+02
1.000000e-08	-4.195230e-09	-1.259457e-08	-3.547675e+01	-3.210446e+02
2.000000e-08	-4.195303e-09	-1.258998e-08	-3.547737e+01	-3.210461e+02
3.000000e-08	-4.195282e-09	-1.258625e-08	-3.547719e+01	-3.210325e+02
4.000000e-08	-4.195164e-09	-1.257580e-08	-3.547619e+01	-3.210103e+02
5.000000e-08	-4.194926e-09	-1.257548e-08	-3.547418e+01	-3.209858e+02
6.000000e-08	-4.194532e-09	-1.266914e-08	-3.547085e+01	-3.209649e+02
7.000000e-08	-4.193948e-09	-1.283270e-08	-3.546591e+01	-3.209518e+02
8.000000e-08	-4.193108e-09	-1.271144e-08	-3.545881e+01	-3.209489e+02
9.000000e-08	-4.191968e-09	-1.220375e-08	-3.544917e+01	-3.209567e+02
1.000000e-07	-4.190513e-09	-1.203362e-08	-3.543686e+01	-3.209733e+02
1.100000e-07	-4.188766e-09	-1.254747e-08	-3.542209e+01	-3.209955e+02
1.200000e-07	-4.186737e-09	-1.284988e-08	-3.540493e+01	-3.210185e+02
1.300000e-07	-4.184399e-09	-1.249750e-08	-3.538517e+01	-3.210372e+02
1.400000e-07	-4.181744e-09	-1.234069e-08	-3.536271e+01	-3.210465e+02
1.500000e-07	-4.178778e-09	-1.266043e-08	-3.533763e+01	-3.210423e+02
1.600000e-07	-4.175545e-09	-1.266393e-08	-3.531029e+01	-3.210217e+02
1.700000e-07	-4.172099e-09	-1.230721e-08	-3.528115e+01	-3.209837e+02
1.800000e-07	-4.168471e-09	-1.234719e-08	-3.525048e+01	-3.209289e+02
1.900000e-07	-4.164694e-09	-1.266122e-08	-3.521853e+01	-3.208594e+02
2.000000e-07	-4.160807e-09	-1.254579e-08	-3.518566e+01	-3.207788e+02
2.100000e-07	-4.156830e-09	-1.225223e-08	-3.515203e+01	-3.206908e+02
2.200000e-07	-4.152761e-09	-1.239904e-08	-3.511762e+01	-3.205993e+02
2.300000e-07	-4.148593e-09	-1.258934e-08	-3.508237e+01	-3.205074e+02
2.400000e-07	-4.144312e-09	-1.237504e-08	-3.504617e+01	-3.204171e+02
2.500000e-07	-4.139884e-09	-1.231026e-08	-3.500873e+01	-3.203288e+02
2.600000e-07	-4.135298e-09	-1.257371e-08	-3.496994e+01	-3.202415e+02
2.700000e-07	-4.130518e-09	-1.250170e-08	-3.492953e+01	-3.201527e+02
2.800000e-07	-4.125528e-09	-1.222916e-08	-3.488733e+01	-3.200593e+02
2.900000e-07	-4.120337e-09	-1.239319e-08	-3.484343e+01	-3.199577e+02
3.000000e-07	-4.114939e-09	-1.258017e-08	-3.479779e+01	-3.198447e+02
3.100000e-07	-4.109344e-09	-1.231766e-08	-3.475047e+01	-3.197183e+02
3.200000e-07	-4.103553e-09	-1.220995e-08	-3.470150e+01	-3.195778e+02
3.300000e-07	-4.097561e-09	-1.248242e-08	-3.465083e+01	-3.194244e+02
3.400000e-07	-4.091357e-09	-1.243824e-08	-3.459836e+01	-3.192614e+02
3.500000e-07	-4.084959e-09	-1.216315e-08	-3.454426e+01	-3.190934e+02
3.600000e-07	-4.078382e-09	-1.233873e-08	-3.448864e+01	-3.189261e+02
3.700000e-07	-4.071621e-09	-1.258362e-08	-3.443147e+01	-3.187659e+02
3.800000e-07	-4.064673e-09	-1.236464e-08	-3.437271e+01	-3.186183e+02
3.900000e-07	-4.057523e-09	-1.224487e-08	-3.431225e+01	-3.184881e+02
4.000000e-07	-4.050174e-09	-1.244515e-08	-3.425011e+01	-3.183778e+02
4.100000e-07	-4.042651e-09	-1.233551e-08	-3.418649e+01	-3.182875e+02
4.200000e-07	-4.034990e-09	-1.210650e-08	-3.412171e+01	-3.182148e+02
4.300000e-07	-4.027216e-09	-1.232402e-08	-3.405596e+01	-3.181545e+02
4.400000e-07	-4.019339e-09	-1.246835e-08	-3.398935e+01	-3.180992e+02
4.500000e-07	-4.011371e-09	-1.225763e-08	-3.392197e+01	-3.180402e+02
4.600000e-07	-4.003309e-09	-1.233857e-08	-3.385379e+01	-3.179674e+02
4.700000e-07	-3.995134e-09	-1.255610e-08	-3.378466e+01	-3.178712e+02
4.800000e-07	-3.986839e-09	-1.232225e-08	-3.371452e+01	-3.177424e+02
4.900000e-07	-3.978385e-09	-1.213982e-08	-3.364303e+01	-3.175737e+02
5.000000e-07	-3.969707e-09	-1.233214e-08	-3.356964e+01	-3.173595e+02
5.100000e-07	-3.960807e-09	-1.228054e-08	-3.349438e+01	-3.170967e+02
5.200000e-07	-3.951658e-09	-1.206661e-08	-3.341701e+01	-3.167842e+02
5.300000e-07	-3.942181e-09	-1.221946e-08	-3.333687e+01	-3.164228e+02
5.400000e-07	-3.932372e-09	-1.235260e-08	-3.325393e+01	-3.160150e+02
5.500000e-07	-3.922230e-09	-1.217760e-08	-3.316816e+01	-3.155641e+02
5.600000e-07	-3.911742e-09	-1.212922e-08	-3.307947e+01	-3.150737e+02
5.700000e-07	-3.900962e-09	-1.219056e-08	-3.298831e+01	-3.145473e+02
5.800000e-07	-3.889924e-09	-1.209444e-08	-3.289497e+01	-3.139880e+02
5.900000e-07	-3.878635e-09	-1.205261e-08	-3.279950e+01	-3.133978e+02
6.000000e-07	-3.867130e-09	-1.211068e-08	-3.270221e+01	-3.127782e+02
6.100000e-07	-3.855452e-09	-1.205024e-08	-3.260346e+01	-3.121300e+02
6.200000e-07	-3.843622e-09	-1.197350e-08	-3.250342e+01	-3.114537e+02
6.300000e-07	-3.831658e-09	-1.198715e-08	-3.240225e+01	-3.107496e+02
6.400000e-07	-3.819572e-09	-1.196334e-08	-3.230004e+01	-3.100185e+02
6.500000e-07	-3.807341e-09	-1.190739e-08	-3.219661e+01	-3.092619e+02
6.600000e-07	-3.794955e-09	-1.188389e-08	-3.209187e+01	-3.084818e+02
6.700000e-07	-3.782408e-09	-1.186333e-08	-3.198576e+01	-3.076812e+02
6.800000e-07	-3.769663e-09	-1.184297e-08	-3.187799e+01	-3.068637e+02
6.900000e-07	-3.756704e-09	-1.181286e-08	-3.176840e+01	-3.060332e+02
7.000000e-07	-3.743521e-09	-1.176093e-08	-3.165692e+01	-3.051938e+02
7.100000e-07	-3.730124e-09	-1.173196e-08	-3.154363e+01	-3.043490e+02
7.200000e-07	-3.716541e-09	-1.171528e-08	-3.142876e+01	-3.035014e+02
7.300000e-07	-3.702794e-09	-1.166857e-08	-3.131252e+01	-3.026528e+02
7.400000e-07	-3.688886e-09	-1.163666e-08	-3.119490e+01	-3.018036e+02
7.500000e-07	-3.674808e-09	-1.162516e-08	-3.107586e+01	-3.009530e+02
7.600000e-07	-3.660573e-09	-1.158697e-08	-3.095547e+01	-3.000990e+02
7.700000e-07	-3.646152e-09	-1.154863e-08	-3.083353e+01	-2.992392e+02
7.800000e-07	-3.631507e-09	-1.152266e-08	-3.070968e+01	-2.983703e+02
7.900000e-07	-3.616674e-09	-1.147479e-08	-3.058425e+01	-2.974896e+02
8.000000e-07	-3.601611e-09	-1.142828e-08	-3.045687e+01	-2.965943e+02
8.100000e-07	-3.586241e-09	-1.141227e-08	-3.032689e+01	-2.956828e+02
8.200000e-07	-3.570612e-09	-1.138614e-08	-3.019473e+01	-2.947542e+02
8.300000e-07	-3.554741e-09	-1.133761e-08	-3.006052e+01	-2.938089e+02
8.400000e-07	-3.538643e-09	-1.130237e-08	-2.992439e+01	-2.928480e+02
8.500000e-07	-3.522330e-09	-1.127690e-08	-2.978644e+01	-2.918734e+02
8.600000e-07	-3.505811e-09	-1.123922e-08	-2.964674e+01	-2.908874e+02
8.700000e-07	-3.489118e-09	-1.119611e-08	-2.950558e+01	-2.898921e+02
8.800000e-07	-3.472288e-09	-1.115870e-08	-2.936326e+01	-2.888896e+02
8.900000e-07	-3.455336e-09	-1.112033e-08	-2.921991e+01	-2.878812e+02
9.000000e-07	-3.438221e-09	-1.108323e-08	-2.907518e+01	-2.868674e+02
9.100000e-07	-3.420970e-09	-1.105147e-08	-2.892929e+01	-2.858482e+02
9.200000e-07	-3.403608e-09	-1.101154e-08	-2.878247e+01	-2.848225e+02
9.300000e-07	-3.386140e-09	-1.096495e-08	-2.863475e+01	-2.837890e+02
9.400000e-07	-3.368570e-09	-1.093192e-08	-2.848617e+01	-2.827459e+02
9.500000e-07	-3.350891e-09	-1.090317e-08	-2.833667e+01	-2.816918e+02
9.600000e-07	-3.333086e-09	-1.085460e-08	-2.818611e+01	-2.806254e+02
9.700000e-07	-3.315145e-09	-1.080334e-08	-2.803439e+01	-2.795459e+02
9.800000e-07	-3.297067e-09	-1.076773e-08	-2.788151e+01	-2.784534e+02
9.900000e-07	-3.278819e-09	-1.073077e-08	-2.772720e+01	-2.773485e+02
1.000000e-06	-3.260409e-09	-1.068365e-08	-2.757151e+01	-2.762323e+02
1.010000e-06	-3.241835e-09	-1.063820e-08	-2.741445e+01	-2.751063e+02
1.020000e-06	-3.223075e-09	-1.059816e-08	-2.725580e+01	-2.739723e+02
1.030000e-06	-3.204137e-09	-1.055990e-08	-2.709566e+01	-2.728316e+02
1.040000e-06	-3.185011e-09	-1.052364e-08	-2.693392e+01	-2.716853e+02
1.050000e-06	-3.165718e-09	-1.047911e-08	-2.677077e+01	-2.705338e+02
1.060000e-06	-3.146285e-09	-1.042475e-08	-2.660643e+01	-2.693770e+02
1.070000e-06	-3.126720e-09	-1.037857e-08	-2.644098e+01	-2.682141e+02
1.080000e-06	-3.107032e-09	-1.034060e-08	-2.627449e+01	-2.670439e+02
1.090000e-06	-3.087244e-09	-1.029412e-08	-2.610715e+01	-2.658648e+02
1.100000e-06	-3.067397e-09	-1.024041e-08	-2.593932e+01	-2.646754e+02
1.110000e-06	-3.047491e-09	-1.019449e-08	-2.577099e+01	-2.634743e+02
1.120000e-06	-3.027518e-09	-1.015590e-08	-2.560209e+01	-2.622609e+02
1.130000e-06	-3.007491e-09	-1.011401e-08	-2.543273e+01	-2.610348e+02
1.140000e-06	-2.987393e-09	-1.006557e-08	-2.526277e+01	-2.597965e+02
1.150000e-06	-2.967220e-09	-1.001363e-08	-2.509218e+01	-2.585471e+02
1.160000e-06	-2.946971e-09	-9.963009e-09	-2.492095e+01	-2.572878e+02
1.170000e-06	-2.926625e-09	-9.914667e-09	-2.474889e+01	-2.560204e+02
1.180000e-06	-2.906173e-09	-9.865143e-09	-2.457594e+01	-2.547463e+02
1.190000e-06	-2.885584e-09	-9.812685e-09	-2.440183e+01	-2.534670e+02
1.200000e-06	-2.864845e-09	-9.760870e-09	-2.422645e+01	-2.521831e+02
1.210000e-06	-2.843975e-09	-9.713658e-09	-2.404996e+01	-2.508948e+02
1.220000e-06	-2.822953e-09	-9.668644e-09	-2.387219e+01	-2.496017e+02
1.230000e-06	-2.801779e-09	-9.618752e-09	-2.369314e+01	-2.483029e+02
1.240000e-06	-2.780476e-09	-9.563235e-09	-2.351299e+01	-2.469969e+02
1.250000e-06	-2.759043e-09	-9.510646e-09	-2.333175e+01	-2.456822e+02
1.260000e-06	-2.737482e-09	-9.463466e-09	-2.314942e+01	-2.443574e+02
1.270000e-06	-2.715807e-09	-9.412832e-09	-2.296613e+01	-2.430212e+02
1.280000e-06	-2.694014e-09	-9.354494e-09	-2.278183e+01	-2.416731e+02
1.290000e-06	-2.672097e-09	-9.296485e-09	-2.259649e+01	-2.403128e+02
1.300000e-06	-2.650071e-09	-9.245326e-09	-2.241023e+01	-2.389410e+02
1.310000e-06	-2.627947e-09	-9.197574e-09	-2.222314e+01	-2.375586e+02
1.320000e-06	-2.605735e-09	-9.145802e-09	-2.203530e+01	-2.361669e+02
1.330000e-06	-2.583425e-09	-9.088017e-09	-2.184664e+01	-2.347674e+02
1.340000e-06	-2.561016e-09	-9.033011e-09	-2.165714e+01	-2.333614e+02
1.350000e-06	-2.538490e-09	-8.986224e-09	-2.146665e+01	-2.319501e+02
1.360000e-06	-2.515847e-09	-8.937867e-09	-2.127517e+01	-2.305339e+02
1.370000e-06	-2.493066e-09	-8.877830e-09	-2.108252e+01	-2.291129e+02
1.380000e-06	-2.470133e-09	-8.813923e-09	-2.088860e+01	-2.276867e+02
1.390000e-06	-2.447060e-09	-8.762627e-09	-2.069348e+01	-2.262542e+02
1.400000e-06	-2.423833e-09	-8.720461e-09	-2.049706e+01	-2.248144e+02
1.410000e-06	-2.400470e-09	-8.668974e-09	-2.029949e+01	-2.233658e+02
1.420000e-06	-2.377012e-09	-8.605212e-09	-2.010112e+01	-2.219075e+02
1.430000e-06	-2.353481e-09	-8.540027e-09	-1.990213e+01	-2.204387e+02
1.440000e-06	-2.329852e-09	-8.477574e-09	-1.970231e+01	-2.189591e+02
1.450000e-06	-2.306133e-09	-8.415657e-09	-1.950173e+01	-2.174690e+02
1.460000e-06	-2.282364e-09	-8.359007e-09	-1.930073e+01	-2.159693e+02
1.470000e-06	-2.258540e-09	-8.311988e-09	-1.909927e+01	-2.144612e+02
1.480000e-06	-2.234657e-09	-8.267228e-09	-1.889731e+01	-2.129462e+02
1.490000e-06	-2.210715e-09	-8.217229e-09	-1.869484e+01	-2.114258e+02
1.500000e-06	-2.186712e-09	-8.156772e-09	-1.849186e+01	-2.099013e+02
1.510000e-06	-2.162655e-09	-8.080944e-09	-1.828842e+01	-2.083738e+02
1.520000e-06	-2.138534e-09	-7.999706e-09	-1.808444e+01	-2.068436e+02
1.530000e-06	-2.114359e-09	-7.934049e-09	-1.788001e+01	-2.053109e+02
1.540000e-06	-2.090131e-09	-7.886809e-09	-1.767512e+01	-2.037750e+02
1.550000e-06	-2.065829e-09	-7.842963e-09	-1.746962e+01	-2.022349e+02
1.560000e-06	-2.041452e-09	-7.794466e-09	-1.726347e+01	-2.006894e+02
1.570000e-06	-2.016995e-09	-7.742179e-09	-1.705666e+01	-1.991371e+02
1.580000e-06	-1.992448e-09	-7.684572e-09	-1.684908e+01	-1.975770e+02
1.590000e-06	-1.967788e-09	-7.614814e-09	-1.664054e+01	-1.960080e+02
1.600000e-06	-1.943004e-09	-7.532570e-09	-1.643096e+01	-1.944297e+02
1.610000e-06	-1.918088e-09	-7.452449e-09	-1.622025e+01	-1.928419e+02
1.620000e-06	-1.893049e-09	-7.393152e-09	-1.600851e+01	-1.912448e+02
1.630000e-06	-1.867886e-09	-7.352161e-09	-1.579572e+01	-1.896392e+02
1.640000e-06	-1.842566e-09	-7.308731e-09	-1.558161e+01	-1.880255e+02
1.650000e-06	-1.817109e-09	-7.253063e-09	-1.536633e+01	-1.864046e+02
1.660000e-06	-1.791526e-09	-7.190662e-09	-1.514999e+01	-1.847770e+02
1.670000e-06	-1.765800e-09	-7.123995e-09	-1.493245e+01	-1.831428e+02
1.680000e-06	-1.739955e-09	-7.047342e-09	-1.471388e+01	-1.815020e+02
1.690000e-06	-1.713967e-09	-6.964384e-09	-1.449412e+01	-1.798543e+02
1.700000e-06	-1.687803e-09	-6.889904e-09	-1.427287e+01	-1.781990e+02
1.710000e-06	-1.661505e-09	-6.830629e-09	-1.405048e+01	-1.765353e+02
1.720000e-06	-1.635073e-09	-6.781038e-09	-1.382696e+01	-1.748627e+02
1.730000e-06	-1.608479e-09	-6.733528e-09	-1.360207e+01	-1.731807e+02
1.740000e-06	-1.581753e-09	-6.677526e-09	-1.337607e+01	-1.714890e+02
1.750000e-06	-1.554910e-09	-6.605408e-09	-1.314907e+01	-1.697879e+02
1.760000e-06	-1.527957e-09	-6.527251e-09	-1.292115e+01	-1.680782e+02
1.770000e-06	-1.500889e-09	-6.453853e-09	-1.269224e+01	-1.663609e+02
1.780000e-06	-1.473690e-09	-6.381002e-09	-1.246224e+01	-1.646372e+02
1.790000e-06	-1.446392e-09	-6.307385e-09	-1.223139e+01	-1.629085e+02
1.800000e-06	-1.419026e-09	-6.242528e-09	-1.199998e+01	-1.611761e+02
1.810000e-06	-1.391595e-09	-6.187839e-09	-1.176801e+01	-1.594408e+02
1.820000e-06	-1.364099e-09	-6.131972e-09	-1.153549e+01	-1.577033e+02
1.830000e-06	-1.336539e-09	-6.067172e-09	-1.130243e+01	-1.559635e+02
1.840000e-06	-1.308916e-09	-5.993068e-09	-1.106884e+01	-1.542208e+02
1.850000e-06	-1.281242e-09	-5.915318e-09	-1.083481e+01	-1.524742e+02
1.860000e-06	-1.253514e-09	-5.840983e-09	-1.060033e+01	-1.507226e+02
1.870000e-06	-1.225735e-09	-5.770364e-09	-1.036542e+01	-1.489645e+02
1.880000e-06	-1.197924e-09	-5.699253e-09	-1.013024e+01	-1.471986e+02
1.890000e-06	-1.170103e-09	-5.629151e-09	-9.894969e+00	-1.454241e+02
1.900000e-06	-1.142250e-09	-5.565527e-09	-9.659431e+00	-1.436404e+02
1.910000e-06	-1.114356e-09	-5.504770e-09	-9.423552e+00	-1.418477e+02
1.920000e-06	-1.086444e-09	-5.439396e-09	-9.187510e+00	-1.400466e+02
1.930000e-06	-1.058523e-09	-5.365521e-09	-8.951403e+00	-1.382382e+02
1.940000e-06	-1.030589e-09	-5.285885e-09	-8.715177e+00	-1.364241e+02
1.950000e-06	-1.002633e-09	-5.211183e-09	-8.478773e+00	-1.346056e+02
1.960000e-06	-9.746508e-10	-5.143171e-09	-8.242139e+00	-1.327844e+02
1.970000e-06	-9.466496e-10	-5.073221e-09	-8.005348e+00	-1.309614e+02
1.980000e-06	-9.186473e-10	-4.999375e-09	-7.768548e+00	-1.291371e+02
1.990000e-06	-8.906329e-10	-4.928531e-09	-7.531645e+00	-1.273115e+02
2.000000e-06	-8.625998e-10	-4.864545e-09	-7.294584e+00	-1.254839e+02
2.010000e-06	-8.345453e-10	-4.799267e-09	-7.057343e+00	-1.236529e+02
2.020000e-06	-8.064728e-10	-4.724005e-09	-6.819949e+00	-1.218167e+02
2.030000e-06	-7.783866e-10	-4.646265e-09	-6.582440e+00	-1.199737e+02
2.040000e-06	-7.502848e-10	-4.575571e-09	-6.344798e+00	-1.181219e+02
2.050000e-06	-7.221653e-10	-4.505335e-09	-6.107007e+00	-1.162598e+02
2.060000e-06	-6.940192e-10	-4.428748e-09	-5.868990e+00	-1.143866e+02
2.070000e-06	-6.658588e-10	-4.350068e-09	-5.630853e+00	-1.125019e+02
2.080000e-06	-6.376947e-10	-4.277138e-09	-5.392684e+00	-1.106061e+02
2.090000e-06	-6.095090e-10	-4.210941e-09	-5.154333e+00	-1.087003e+02
2.100000e-06	-5.812881e-10	-4.146000e-09	-4.915685e+00	-1.067860e+02
2.110000e-06	-5.530628e-10	-4.076661e-09	-4.676999e+00	-1.048652e+02
2.120000e-06	-5.248422e-10	-3.998684e-09	-4.438352e+00	-1.029397e+02
2.130000e-06	-4.966073e-10	-3.914468e-09	-4.199585e+00	-1.010113e+02
2.140000e-06	-4.683611e-10	-3.828411e-09	-3.960723e+00	-9.908126e+01
2.150000e-06	-4.401085e-10	-3.745869e-09	-3.721805e+00	-9.715031e+01
2.160000e-06	-4.118387e-10	-3.671081e-09	-3.482744e+00	-9.521855e+01
2.170000e-06	-3.835505e-10	-3.604980e-09	-3.243526e+00	-9.328541e+01
2.180000e-06	-3.552472e-10	-3.545803e-09	-3.004180e+00	-9.134973e+01
2.190000e-06	-3.269303e-10	-3.483238e-09	-2.764720e+00	-8.940999e+01
2.200000e-06	-2.986065e-10	-3.406970e-09	-2.525202e+00	-8.746442e+01
2.210000e-06	-2.702713e-10	-3.316951e-09	-2.285586e+00	-8.551132e+01
2.220000e-06	-2.419147e-10	-3.224091e-09	-2.045790e+00	-8.354917e+01
2.230000e-06	-2.135378e-10	-3.137320e-09	-1.805822e+00	-8.157684e+01
2.240000e-06	-1.851456e-10	-3.058860e-09	-1.565725e+00	-7.959371e+01
2.250000e-06	-1.567445e-10	-2.990383e-09	-1.325552e+00	-7.759965e+01
2.260000e-06	-1.283511e-10	-2.927834e-09	-1.085445e+00	-7.559505e+01
2.270000e-06	-9.996614e-11	-2.863264e-09	-8.454090e-01	-7.358066e+01
2.280000e-06	-7.158232e-11	-2.788357e-09	-6.053827e-01	-7.155750e+01
2.290000e-06	-4.318609e-11	-2.699987e-09	-3.652512e-01	-6.952669e+01
2.300000e-06	-1.478235e-11	-2.603213e-09	-1.250562e-01	-6.748928e+01
2.310000e-06	1.362556e-11	-2.509636e-09	1.151740e-01	-6.544618e+01
2.320000e-06	4.202270e-11	-2.427687e-09	3.553129e-01	-6.339801e+01
2.330000e-06	7.040824e-11	-2.355194e-09	5.953539e-01	-6.134510e+01
2.340000e-06	9.878791e-11	-2.288069e-09	8.353452e-01	-5.928751e+01
2.350000e-06	1.271677e-10	-2.220367e-09	1.075338e+00	-5.722504e+01
2.360000e-06	1.555562e-10	-2.145738e-09	1.315404e+00	-5.515736e+01
2.370000e-06	1.839345e-10	-2.061789e-09	1.555384e+00	-5.308403e+01
2.380000e-06	2.122887e-10	-1.968732e-09	1.795160e+00	-5.100467e+01
2.390000e-06	2.406298e-10	-1.870627e-09	2.034824e+00	-4.891893e+01
2.400000e-06	2.689698e-10	-1.778392e-09	2.274481e+00	-4.682662e+01
2.410000e-06	2.973004e-10	-1.698154e-09	2.514057e+00	-4.472762e+01
2.420000e-06	3.256221e-10	-1.622399e-09	2.753558e+00	-4.262194e+01
2.430000e-06	3.539422e-10	-1.545158e-09	2.993046e+00	-4.050965e+01
2.440000e-06	3.822686e-10	-1.467712e-09	3.232587e+00	-3.839081e+01
2.450000e-06	4.105811e-10	-1.388076e-09	3.472010e+00	-3.626545e+01
2.460000e-06	4.388622e-10	-1.302026e-09	3.711168e+00	-3.413353e+01
2.470000e-06	4.671178e-10	-1.213172e-09	3.950110e+00	-3.199494e+01
2.480000e-06	4.953601e-10	-1.126016e-09	4.188940e+00	-2.984947e+01
2.490000e-06	5.235897e-10	-1.038511e-09	4.427663e+00	-2.769690e+01
2.500000e-06	5.518105e-10	-9.504855e-10	4.666311e+00	-2.553700e+01
2.510000e-06	5.800239e-10	-8.637199e-10	4.904896e+00	-2.336958e+01
2.520000e-06	6.082169e-10	-7.779211e-10	5.143309e+00	-2.119457e+01
2.530000e-06	6.363861e-10	-6.931814e-10	5.381521e+00	-1.901197e+01
2.540000e-06	6.645265e-10	-6.101067e-10	5.619489e+00	-1.682192e+01
2.550000e-06	6.926445e-10	-5.265848e-10	5.857267e+00	-1.462464e+01
2.560000e-06	7.207577e-10	-4.404358e-10	6.095006e+00	-1.242035e+01
2.570000e-06	7.488598e-10	-3.514588e-10	6.332650e+00	-1.020926e+01
2.580000e-06	7.769437e-10	-2.605084e-10	6.570140e+00	-7.991483e+00
2.590000e-06	8.050101e-10	-1.700646e-10	6.807483e+00	-5.766941e+00
2.600000e-06	8.330587e-10	-8.036765e-11	7.044675e+00	-3.535377e+00
2.610000e-06	8.611005e-10	8.510330e-12	7.281809e+00	-1.296325e+00
2.620000e-06	8.891422e-10	9.557679e-11	7.518943e+00	9.508480e-01
2.630000e-06	9.171718e-10	1.809843e-10	7.755974e+00	3.206879e+00
2.640000e-06	9.451823e-10	2.661575e-10	7.992844e+00	5.472510e+00
2.650000e-06	9.731733e-10	3.532340e-10	8.229549e+00	7.748375e+00
2.660000e-06	1.001141e-09	4.445299e-10	8.466057e+00	1.003489e+01
2.670000e-06	1.029099e-09	5.405529e-10	8.702481e+00	1.233215e+01
2.680000e-06	1.057046e-09	6.366346e-10	8.938815e+00	1.463988e+01
2.690000e-06	1.084969e-09	7.306313e-10	9.174944e+00	1.695741e+01
2.700000e-06	1.112864e-09	8.229965e-10	9.410834e+00	1.928370e+01
2.710000e-06	1.140743e-09	9.110929e-10	9.646592e+00	2.161740e+01
2.720000e-06	1.168604e-09	9.942571e-10	9.882201e+00	2.395701e+01
2.730000e-06	1.196427e-09	1.078245e-09	1.011749e+01	2.630099e+01
2.740000e-06	1.224207e-09	1.169211e-09	1.035240e+01	2.864790e+01
2.750000e-06	1.251935e-09	1.266121e-09	1.058688e+01	3.099656e+01
2.760000e-06	1.279625e-09	1.363183e-09	1.082105e+01	3.334613e+01
2.770000e-06	1.307291e-09	1.456398e-09	1.105500e+01	3.569619e+01
2.780000e-06	1.334888e-09	1.548451e-09	1.128837e+01	3.804672e+01
2.790000e-06	1.362393e-09	1.641466e-09	1.152097e+01	4.039808e+01
2.800000e-06	1.389822e-09	1.732405e-09	1.175292e+01	4.275091e+01
2.810000e-06	1.417195e-09	1.822618e-09	1.198440e+01	4.510599e+01
2.820000e-06	1.444510e-09	1.913864e-09	1.221539e+01	4.746413e+01
2.830000e-06	1.471733e-09	2.005568e-09	1.244560e+01	4.982598e+01
2.840000e-06	1.498850e-09	2.097517e-09	1.267491e+01	5.219198e+01
2.850000e-06	1.525876e-09	2.189745e-09	1.290345e+01	5.456224e+01
2.860000e-06	1.552798e-09	2.283794e-09	1.313112e+01	5.693648e+01
2.870000e-06	1.579574e-09	2.379057e-09	1.335755e+01	5.931410e+01
2.880000e-06	1.606211e-09	2.472011e-09	1.358280e+01	6.169420e+01
2.890000e-06	1.632718e-09	2.560824e-09	1.380695e+01	6.407567e+01
2.900000e-06	1.659073e-09	2.650409e-09	1.402983e+01	6.645732e+01
2.910000e-06	1.685292e-09	2.743575e-09	1.425155e+01	6.883798e+01
2.920000e-06	1.711352e-09	2.837215e-09	1.447192e+01	7.121661e+01
2.930000e-06	1.737229e-09	2.932188e-09	1.469075e+01	7.359239e+01
2.940000e-06	1.762951e-09	3.028433e-09	1.490827e+01	7.596478e+01
2.950000e-06	1.788525e-09	3.121421e-09	1.512453e+01	7.833351e+01
2.960000e-06	1.813950e-09	3.211812e-09	1.533954e+01	8.069859e+01
2.970000e-06	1.839226e-09	3.302653e-09	1.555328e+01	8.306026e+01
2.980000e-06	1.864376e-09	3.390404e-09	1.576596e+01	8.541891e+01
2.990000e-06	1.889405e-09	3.476676e-09	1.597761e+01	8.777502e+01
3.000000e-06	1.914309e-09	3.570915e-09	1.618822e+01	9.012907e+01
3.010000e-06	1.939091e-09	3.670672e-09	1.639778e+01	9.248151e+01
3.020000e-06	1.963753e-09	3.764983e-09	1.660634e+01	9.483268e+01
3.030000e-06	1.988328e-09	3.853401e-09	1.681415e+01	9.718277e+01
3.040000e-06	2.012826e-09	3.944933e-09	1.702132e+01	9.953185e+01
3.050000e-06	2.037249e-09	4.039540e-09	1.722785e+01	1.018798e+02
3.060000e-06	2.061565e-09	4.129192e-09	1.743348e+01	1.042265e+02
3.070000e-06	2.085787e-09	4.214424e-09	1.763832e+01	1.065716e+02
3.080000e-06	2.109962e-09	4.302469e-09	1.784275e+01	1.089147e+02
3.090000e-06	2.134080e-09	4.398329e-09	1.804670e+01	1.112553e+02
3.100000e-06	2.158144e-09	4.497341e-09	1.825020e+01	1.135929e+02
3.110000e-06	2.182163e-09	4.589071e-09	1.845331e+01	1.159269e+02
3.120000e-06	2.206122e-09	4.674727e-09	1.865592e+01	1.182569e+02
3.130000e-06	2.230009e-09	4.767662e-09	1.885792e+01	1.205823e+02
3.140000e-06	2.253815e-09	4.867394e-09	1.905924e+01	1.229025e+02
3.150000e-06	2.277556e-09	4.958384e-09	1.926000e+01	1.252173e+02
3.160000e-06	2.301230e-09	5.039632e-09	1.946020e+01	1.275262e+02
3.170000e-06	2.324824e-09	5.124631e-09	1.965972e+01	1.298290e+02
3.180000e-06	2.348327e-09	5.217053e-09	1.985847e+01	1.321256e+02
3.190000e-06	2.371717e-09	5.307665e-09	2.005626e+01	1.344162e+02
3.200000e-06	2.394977e-09	5.394786e-09	2.025296e+01	1.367010e+02
3.210000e-06	2.418124e-09	5.486232e-09	2.044870e+01	1.389802e+02
3.220000e-06	2.441128e-09	5.582141e-09	2.064324e+01	1.412542e+02
3.230000e-06	2.463996e-09	5.676644e-09	2.083662e+01	1.435234e+02
3.240000e-06	2.486774e-09	5.768011e-09	2.102924e+01	1.457881e+02
3.250000e-06	2.509438e-09	5.857099e-09	2.122090e+01	1.480484e+02
3.260000e-06	2.531970e-09	5.942398e-09	2.141144e+01	1.503042e+02
3.270000e-06	2.554376e-09	6.024756e-09	2.160091e+01	1.525551e+02
3.280000e-06	2.576661e-09	6.110141e-09	2.178936e+01	1.548005e+02
3.290000e-06	2.598858e-09	6.199862e-09	2.197707e+01	1.570397e+02
3.300000e-06	2.620971e-09	6.289439e-09	2.216407e+01	1.592716e+02
3.310000e-06	2.642983e-09	6.378024e-09	2.235022e+01	1.614950e+02
3.320000e-06	2.664910e-09	6.469343e-09	2.253564e+01	1.637091e+02
3.330000e-06	2.686731e-09	6.561741e-09	2.272017e+01	1.659128e+02
3.340000e-06	2.708434e-09	6.647697e-09	2.290370e+01	1.681055e+02
3.350000e-06	2.730030e-09	6.724677e-09	2.308633e+01	1.702868e+02
3.360000e-06	2.751492e-09	6.800228e-09	2.326782e+01	1.724566e+02
3.370000e-06	2.772812e-09	6.882616e-09	2.344811e+01	1.746151e+02
3.380000e-06	2.793978e-09	6.969923e-09	2.362710e+01	1.767628e+02
3.390000e-06	2.814996e-09	7.061226e-09	2.380483e+01	1.789005e+02
3.400000e-06	2.835893e-09	7.155020e-09	2.398155e+01	1.810286e+02
3.410000e-06	2.856652e-09	7.243752e-09	2.415710e+01	1.831480e+02
3.420000e-06	2.877273e-09	7.327921e-09	2.433148e+01	1.852588e+02
3.430000e-06	2.897767e-09	7.407294e-09	2.450479e+01	1.873614e+02
3.440000e-06	2.918149e-09	7.475110e-09	2.467715e+01	1.894555e+02
3.450000e-06	2.938444e-09	7.538244e-09	2.484877e+01	1.915405e+02
3.460000e-06	2.958664e-09	7.617958e-09	2.501976e+01	1.936157e+02
3.470000e-06	2.978807e-09	7.716603e-09	2.519010e+01	1.956804e+02
3.480000e-06	2.998871e-09	7.813114e-09	2.535977e+01	1.977334e+02
3.490000e-06	3.018871e-09	7.896188e-09	2.552890e+01	1.997740e+02
3.500000e-06	3.038818e-09	7.971245e-09	2.569758e+01	2.018017e+02
3.510000e-06	3.058708e-09	8.044562e-09	2.586578e+01	2.038160e+02
3.520000e-06	3.078516e-09	8.110927e-09	2.603329e+01	2.058169e+02
3.530000e-06	3.098237e-09	8.169795e-09	2.620005e+01	2.078048e+02
3.540000e-06	3.117876e-09	8.237591e-09	2.636613e+01	2.097799e+02
3.550000e-06	3.137412e-09	8.325455e-09	2.653133e+01	2.117428e+02
3.560000e-06	3.156793e-09	8.422865e-09	2.669523e+01	2.136939e+02
3.570000e-06	3.175998e-09	8.509932e-09	2.685763e+01	2.156334e+02
3.580000e-06	3.195014e-09	8.583153e-09	2.701844e+01	2.175610e+02
3.590000e-06	3.213824e-09	8.649104e-09	2.717751e+01	2.194763e+02
3.600000e-06	3.232432e-09	8.712678e-09	2.733487e+01	2.213782e+02
3.610000e-06	3.250861e-09	8.778179e-09	2.749071e+01	2.232655e+02
3.620000e-06	3.269126e-09	8.848078e-09	2.764517e+01	2.251367e+02
3.630000e-06	3.287217e-09	8.922404e-09	2.779816e+01	2.269903e+02
3.640000e-06	3.305127e-09	8.997796e-09	2.794961e+01	2.288250e+02
3.650000e-06	3.322903e-09	9.073962e-09	2.809994e+01	2.306397e+02
3.660000e-06	3.340581e-09	9.147847e-09	2.824943e+01	2.324342e+02
3.670000e-06	3.358124e-09	9.215208e-09	2.839778e+01	2.342085e+02
3.680000e-06	3.375535e-09	9.278342e-09	2.854501e+01	2.359633e+02
3.690000e-06	3.392854e-09	9.342449e-09	2.869147e+01	2.376999e+02
3.700000e-06	3.410068e-09	9.411754e-09	2.883704e+01	2.394199e+02
3.710000e-06	3.427155e-09	9.482347e-09	2.898154e+01	2.411249e+02
3.720000e-06	3.444137e-09	9.546716e-09	2.912515e+01	2.428164e+02
3.730000e-06	3.460989e-09	9.605946e-09	2.926765e+01	2.444957e+02
3.740000e-06	3.477679e-09	9.668009e-09	2.940879e+01	2.461633e+02
3.750000e-06	3.494218e-09	9.734126e-09	2.954866e+01	2.478190e+02
3.760000e-06	3.510586e-09	9.802358e-09	2.968707e+01	2.494619e+02
3.770000e-06	3.526775e-09	9.870427e-09	2.982397e+01	2.510905e+02
3.780000e-06	3.542753e-09	9.932081e-09	2.995909e+01	2.527028e+02
3.790000e-06	3.558462e-09	9.988567e-09	3.009194e+01	2.542965e+02
3.800000e-06	3.573925e-09	1.004597e-08	3.022270e+01	2.558693e+02
3.810000e-06	3.589154e-09	1.010455e-08	3.035148e+01	2.574195e+02
3.820000e-06	3.604157e-09	1.016180e-08	3.047835e+01	2.589456e+02
3.830000e-06	3.618935e-09	1.022177e-08	3.060332e+01	2.604472e+02
3.840000e-06	3.633500e-09	1.028788e-08	3.072649e+01	2.619246e+02
3.850000e-06	3.647898e-09	1.035225e-08	3.084825e+01	2.633789e+02
3.860000e-06	3.662143e-09	1.040832e-08	3.096870e+01	2.648117e+02
3.870000e-06	3.676223e-09	1.045890e-08	3.108778e+01	2.662252e+02
3.880000e-06	3.690154e-09	1.050941e-08	3.120558e+01	2.676217e+02
3.890000e-06	3.703944e-09	1.056158e-08	3.132219e+01	2.690030e+02
3.900000e-06	3.717565e-09	1.061476e-08	3.143738e+01	2.703708e+02
3.910000e-06	3.730991e-09	1.067034e-08	3.155092e+01	2.717258e+02
3.920000e-06	3.744207e-09	1.072811e-08	3.166268e+01	2.730681e+02
3.930000e-06	3.757240e-09	1.078355e-08	3.177289e+01	2.743971e+02
3.940000e-06	3.770094e-09	1.083192e-08	3.188159e+01	2.757113e+02
3.950000e-06	3.782761e-09	1.087665e-08	3.198871e+01	2.770090e+02
3.960000e-06	3.795262e-09	1.092472e-08	3.209442e+01	2.782881e+02
3.970000e-06	3.807600e-09	1.097533e-08	3.219876e+01	2.795470e+02
3.980000e-06	3.819792e-09	1.102509e-08	3.230186e+01	2.807840e+02
3.990000e-06	3.831860e-09	1.107381e-08	3.240391e+01	2.819985e+02
4.000000e-06	3.843799e-09	1.112198e-08	3.250487e+01	2.831901e+02
4.010000e-06	3.855587e-09	1.116839e-08	3.260456e+01	2.843593e+02
4.020000e-06	3.867191e-09	1.121085e-08	3.270268e+01	2.855073e+02
4.030000e-06	3.878588e-09	1.125072e-08	3.279907e+01	2.866353e+02
4.040000e-06	3.889744e-09	1.129366e-08	3.289341e+01	2.877448e+02
4.050000e-06	3.900614e-09	1.134295e-08	3.298533e+01	2.888373e+02
4.060000e-06	3.911182e-09	1.139263e-08	3.307470e+01	2.899137e+02
4.070000e-06	3.921457e-09	1.143324e-08	3.316159e+01	2.909743e+02
4.080000e-06	3.931437e-09	1.146518e-08	3.324598e+01	2.920190e+02
4.090000e-06	3.941105e-09	1.149679e-08	3.332774e+01	2.930471e+02
4.100000e-06	3.950457e-09	1.153370e-08	3.340683e+01	2.940574e+02
4.110000e-06	3.959520e-09	1.157830e-08	3.348347e+01	2.950483e+02
4.120000e-06	3.968347e-09	1.162707e-08	3.355811e+01	2.960187e+02
4.130000e-06	3.976966e-09	1.166899e-08	3.363100e+01	2.969673e+02
4.140000e-06	3.985405e-09	1.170075e-08	3.370237e+01	2.978935e+02
4.150000e-06	3.993691e-09	1.172940e-08	3.377243e+01	2.987972e+02
4.160000e-06	4.001849e-09	1.175868e-08	3.384142e+01	2.996792e+02
4.170000e-06	4.009927e-09	1.178777e-08	3.390974e+01	3.005404e+02
4.180000e-06	4.017912e-09	1.181841e-08	3.397726e+01	3.013824e+02
4.190000e-06	4.025772e-09	1.185595e-08	3.404373e+01	3.022068e+02
4.200000e-06	4.033513e-09	1.189858e-08	3.410919e+01	3.030149e+02
4.210000e-06	4.041134e-09	1.193352e-08	3.417364e+01	3.038079e+02
4.220000e-06	4.048601e-09	1.195541e-08	3.423678e+01	3.045860e+02
4.230000e-06	4.055874e-09	1.197459e-08	3.429829e+01	3.053490e+02
4.240000e-06	4.062953e-09	1.199928e-08	3.435815e+01	3.060959e+02
4.250000e-06	4.069841e-09	1.202657e-08	3.441640e+01	3.068250e+02
4.260000e-06	4.076540e-09	1.205254e-08	3.447304e+01	3.075346e+02
4.270000e-06	4.083051e-09	1.207777e-08	3.452811e+01	3.082227e+02
4.280000e-06	4.089383e-09	1.210566e-08	3.458165e+01	3.088876e+02
4.290000e-06	4.095554e-09	1.213623e-08	3.463384e+01	3.095284e+02
4.300000e-06	4.101570e-09	1.216275e-08	3.468471e+01	3.101448e+02
4.310000e-06	4.107405e-09	1.218097e-08	3.473405e+01	3.107376e+02
4.320000e-06	4.113062e-09	1.219733e-08	3.478189e+01	3.113081e+02
4.330000e-06	4.118536e-09	1.222013e-08	3.482819e+01	3.118586e+02
4.340000e-06	4.123799e-09	1.224533e-08	3.487270e+01	3.123916e+02
4.350000e-06	4.128864e-09	1.226592e-08	3.491553e+01	3.129098e+02
4.360000e-06	4.133744e-09	1.228338e-08	3.495679e+01	3.134153e+02
4.370000e-06	4.138416e-09	1.230250e-08	3.499630e+01	3.139099e+02
4.380000e-06	4.142881e-09	1.232395e-08	3.503406e+01	3.143943e+02
4.390000e-06	4.147185e-09	1.234223e-08	3.507046e+01	3.148682e+02
4.400000e-06	4.151386e-09	1.235573e-08	3.510598e+01	3.153304e+02
4.410000e-06	4.155490e-09	1.236947e-08	3.514069e+01	3.157790e+02
4.420000e-06	4.159502e-09	1.238478e-08	3.517462e+01	3.162118e+02
4.430000e-06	4.163431e-09	1.239871e-08	3.520784e+01	3.166262e+02
4.440000e-06	4.167260e-09	1.241098e-08	3.524022e+01	3.170204e+02
4.450000e-06	4.170958e-09	1.242427e-08	3.527149e+01	3.173929e+02
4.460000e-06	4.174473e-09	1.244009e-08	3.530122e+01	3.177436e+02
4.470000e-06	4.177781e-09	1.245685e-08	3.532919e+01	3.180729e+02
4.480000e-06	4.180851e-09	1.247001e-08	3.535516e+01	3.183826e+02
4.490000e-06	4.183688e-09	1.247716e-08	3.537915e+01	3.186749e+02
4.500000e-06	4.186264e-09	1.248274e-08	3.540093e+01	3.189525e+02
4.510000e-06	4.188520e-09	1.249338e-08	3.542001e+01	3.192177e+02
4.520000e-06	4.190430e-09	1.250719e-08	3.543616e+01	3.194726e+02
4.530000e-06	4.192018e-09	1.251929e-08	3.544959e+01	3.197179e+02
4.540000e-06	4.193313e-09	1.252957e-08	3.546054e+01	3.199535e+02
4.550000e-06	4.194317e-09	1.253636e-08	3.546903e+01	3.201776e+02
4.560000e-06	4.195081e-09	1.254015e-08	3.547549e+01	3.203876e+02
4.570000e-06	4.195630e-09	1.254393e-08	3.548013e+01	3.205799e+02
4.580000e-06	4.196009e-09	1.254725e-08	3.548334e+01	3.207507e+02
4.590000e-06	4.196260e-09	1.254844e-08	3.548546e+01	3.208962e+02
4.600000e-06	4.196393e-09	1.255053e-08	3.548659e+01	3.210138e+02
4.610000e-06	4.196417e-09	1.255499e-08	3.548680e+01	3.211019e+02
4.620000e-06	4.196330e-09	1.255899e-08	3.548606e+01	3.211610e+02
4.630000e-06	4.196133e-09	1.256396e-08	3.548439e+01	3.211931e+02
4.640000e-06	4.195809e-09	1.256958e-08	3.548165e+01	3.212023e+02
4.650000e-06	4.195314e-09	1.257531e-08	3.547747e+01	3.211939e+02
4.660000e-06	4.194625e-09	1.259475e-08	3.547164e+01	3.211744e+02
4.670000e-06	4.193735e-09	1.259582e-08	3.546412e+01	3.211501e+02
4.680000e-06	4.192644e-09	1.244091e-08	3.545489e+01	3.211272e+02
4.690000e-06	4.191352e-09	1.225118e-08	3.544396e+01	3.211107e+02
4.700000e-06	4.189857e-09	1.249582e-08	3.543132e+01	3.211036e+02
4.710000e-06	4.188158e-09	1.299280e-08	3.541696e+01	3.211072e+02
4.720000e-06	4.186265e-09	1.290435e-08	3.540095e+01	3.211205e+02
4.730000e-06	4.184192e-09	1.239468e-08	3.538342e+01	3.211408e+02
4.740000e-06	4.181966e-09	1.243036e-08	3.536459e+01	3.211639e+02
4.750000e-06	4.179595e-09	1.282547e-08	3.534454e+01	3.211847e+02
4.760000e-06	4.177055e-09	1.271523e-08	3.532306e+01	3.211981e+02
4.770000e-06	4.174324e-09	1.236522e-08	3.529997e+01	3.211994e+02
4.780000e-06	4.171403e-09	1.251022e-08	3.527527e+01	3.211853e+02
4.790000e-06	4.168298e-09	1.281134e-08	3.524901e+01	3.211541e+02
4.800000e-06	4.165008e-09	1.263051e-08	3.522119e+01	3.211057e+02
4.810000e-06	4.161531e-09	1.240770e-08	3.519179e+01	3.210417e+02
4.820000e-06	4.157896e-09	1.268510e-08	3.516105e+01	3.209652e+02
4.830000e-06	4.154142e-09	1.288236e-08	3.512930e+01	3.208797e+02
4.840000e-06	4.150280e-09	1.256050e-08	3.509664e+01	3.207893e+02
4.850000e-06	4.146317e-09	1.241828e-08	3.506313e+01	3.206975e+02
4.860000e-06	4.142263e-09	1.276215e-08	3.502885e+01	3.206066e+02
4.870000e-06	4.138122e-09	1.283124e-08	3.499383e+01	3.205177e+02
4.880000e-06	4.133862e-09	1.249962e-08	3.495781e+01	3.204303e+02
4.890000e-06	4.129440e-09	1.251590e-08	3.492041e+01	3.203425e+02
4.900000e-06	4.124815e-09	1.278472e-08	3.488130e+01	3.202514e+02
4.910000e-06	4.119963e-09	1.263679e-08	3.484027e+01	3.201533e+02
4.920000e-06	4.114839e-09	1.238426e-08	3.479694e+01	3.200450e+02
4.930000e-06	4.109387e-09	1.258299e-08	3.475084e+01	3.199239e+02
4.940000e-06	4.103592e-09	1.274016e-08	3.470183e+01	3.197887e+02
4.950000e-06	4.097424e-09	1.248140e-08	3.464968e+01	3.196400e+02
4.960000e-06	4.090902e-09	1.243727e-08	3.459452e+01	3.194802e+02
4.970000e-06	4.084072e-09	1.267809e-08	3.453677e+01	3.193134e+02
4.980000e-06	4.076971e-09	1.251713e-08	3.447672e+01	3.191450e+02
4.990000e-06	4.069653e-09	1.222880e-08	3.441484e+01	3.189813e+02
5.000000e-06	4.062141e-09	1.242705e-08	3.435131e+01	3.188282e+02
5.010000e-06	4.054461e-09	1.260044e-08	3.428636e+01	3.186909e+02
5.020000e-06	4.046650e-09	1.237842e-08	3.422031e+01	3.185727e+02
5.030000e-06	4.038737e-09	1.237682e-08	3.415339e+01	3.184749e+02
5.040000e-06	4.030738e-09	1.257258e-08	3.408575e+01	3.183959e+02
5.050000e-06	4.022648e-09	1.234098e-08	3.401734e+01	3.183316e+02
5.060000e-06	4.014450e-09	1.210287e-08	3.394801e+01	3.182756e+02
5.070000e-06	4.006122e-09	1.232004e-08	3.387759e+01	3.182193e+02
5.080000e-06	3.997652e-09	1.235572e-08	3.380596e+01	3.181532e+02
5.090000e-06	3.988995e-09	1.215526e-08	3.373276e+01	3.180673e+02
5.100000e-06	3.980143e-09	1.236533e-08	3.365790e+01	3.179522e+02
5.110000e-06	3.971097e-09	1.258615e-08	3.358141e+01	3.177998e+02
5.120000e-06	3.961824e-09	1.235607e-08	3.350299e+01	3.176038e+02
5.130000e-06	3.952359e-09	1.231352e-08	3.342295e+01	3.173601e+02
5.140000e-06	3.942732e-09	1.250230e-08	3.334154e+01	3.170667e+02
5.150000e-06	3.932946e-09	1.229788e-08	3.325878e+01	3.167239e+02
5.160000e-06	3.923001e-09	1.209874e-08	3.317468e+01	3.163336e+02
5.170000e-06	3.912894e-09	1.229410e-08	3.308921e+01	3.158987e+02
5.180000e-06	3.902628e-09	1.230877e-08	3.300240e+01	3.154229e+02
5.190000e-06	3.892179e-09	1.214693e-08	3.291404e+01	3.149098e+02
5.200000e-06	3.881544e-09	1.225159e-08	3.282410e+01	3.143627e+02
5.210000e-06	3.870744e-09	1.232109e-08	3.273278e+01	3.137840e+02
5.220000e-06	3.859759e-09	1.218871e-08	3.263988e+01	3.131755e+02
5.230000e-06	3.848563e-09	1.214901e-08	3.254521e+01	3.125382e+02
5.240000e-06	3.837171e-09	1.214119e-08	3.244887e+01	3.118726e+02
5.250000e-06	3.825589e-09	1.207926e-08	3.235093e+01	3.111792e+02
5.260000e-06	3.813841e-09	1.206886e-08	3.225158e+01	3.104585e+02
5.270000e-06	3.801950e-09	1.203541e-08	3.215102e+01	3.097117e+02
5.280000e-06	3.789907e-09	1.199110e-08	3.204919e+01	3.089404e+02
5.290000e-06	3.777703e-09	1.199885e-08	3.194598e+01	3.081475e+02
5.300000e-06	3.765323e-09	1.194805e-08	3.184130e+01	3.073362e+02
5.310000e-06	3.752739e-09	1.188604e-08	3.173488e+01	3.065104e+02
5.320000e-06	3.739929e-09	1.188680e-08	3.162655e+01	3.056741e+02
5.330000e-06	3.726874e-09	1.183804e-08	3.151615e+01	3.048310e+02
5.340000e-06	3.713546e-09	1.178826e-08	3.140344e+01	3.039842e+02
5.350000e-06	3.699931e-09	1.180770e-08	3.128831e+01	3.031358e+02
5.360000e-06	3.685996e-09	1.176302e-08	3.117047e+01	3.022868e+02
5.370000e-06	3.671737e-09	1.168861e-08	3.104989e+01	3.014368e+02
5.380000e-06	3.657152e-09	1.169273e-08	3.092655e+01	3.005843e+02
5.390000e-06	3.642274e-09	1.166403e-08	3.080074e+01	2.997270e+02
5.400000e-06	3.627153e-09	1.157926e-08	3.067287e+01	2.988620e+02
5.410000e-06	3.611815e-09	1.154703e-08	3.054316e+01	2.979861e+02
5.420000e-06	3.596299e-09	1.153742e-08	3.041196e+01	2.970967e+02
5.430000e-06	3.580634e-09	1.149908e-08	3.027949e+01	2.961917e+02
5.440000e-06	3.564863e-09	1.146377e-08	3.014612e+01	2.952698e+02
5.450000e-06	3.549002e-09	1.142876e-08	3.001199e+01	2.943310e+02
5.460000e-06	3.533053e-09	1.137926e-08	2.987712e+01	2.933760e+02
5.470000e-06	3.517035e-09	1.133761e-08	2.974166e+01	2.924066e+02
5.480000e-06	3.500939e-09	1.131099e-08	2.960555e+01	2.914247e+02
5.490000e-06	3.484753e-09	1.127483e-08	2.946867e+01	2.904328e+02
5.500000e-06	3.468454e-09	1.121892e-08	2.933084e+01	2.894329e+02
5.510000e-06	3.452013e-09	1.117623e-08	2.919180e+01	2.884267e+02
5.520000e-06	3.435400e-09	1.115440e-08	2.905132e+01	2.874149e+02
5.530000e-06	3.418625e-09	1.111507e-08	2.890947e+01	2.863978e+02
5.540000e-06	3.401680e-09	1.105928e-08	2.876617e+01	2.853747e+02
5.550000e-06	3.384512e-09	1.101314e-08	2.862099e+01	2.843444e+02
5.560000e-06	3.367168e-09	1.097150e-08	2.847432e+01	2.833052e+02
5.570000e-06	3.349692e-09	1.093175e-08	2.832654e+01	2.822556e+02
5.580000e-06	3.332067e-09	1.089755e-08	2.817749e+01	2.811941e+02
5.590000e-06	3.314317e-09	1.085148e-08	2.802739e+01	2.801197e+02
5.600000e-06	3.296441e-09	1.079644e-08	2.787622e+01	2.790322e+02
5.610000e-06	3.278438e-09	1.076008e-08	2.772399e+01	2.779320e+02
5.620000e-06	3.260316e-09	1.073031e-08	2.757074e+01	2.768201e+02
5.630000e-06	3.242075e-09	1.067526e-08	2.741648e+01	2.756977e+02
5.640000e-06	3.223715e-09	1.061060e-08	2.726122e+01	2.745667e+02
5.650000e-06	3.205224e-09	1.057183e-08	2.710485e+01	2.734284e+02
5.660000e-06	3.186588e-09	1.054937e-08	2.694726e+01	2.722841e+02
5.670000e-06	3.167801e-09	1.051065e-08	2.678839e+01	2.711346e+02
5.680000e-06	3.148853e-09	1.045701e-08	2.662815e+01	2.699799e+02
5.690000e-06	3.129743e-09	1.040733e-08	2.646655e+01	2.688195e+02
5.700000e-06	3.110486e-09	1.036642e-08	2.630371e+01	2.676522e+02
5.710000e-06	3.091079e-09	1.032483e-08	2.613959e+01	2.664767e+02
5.720000e-06	3.071547e-09	1.026789e-08	2.597442e+01	2.652914e+02
5.730000e-06	3.051916e-09	1.020421e-08	2.580841e+01	2.640950e+02
5.740000e-06	3.032188e-09	1.015875e-08	2.564158e+01	2.628864e+02
5.750000e-06	3.012375e-09	1.013174e-08	2.547404e+01	2.616653e+02
5.760000e-06	2.992502e-09	1.009558e-08	2.530598e+01	2.604317e+02
5.770000e-06	2.972572e-09	1.003610e-08	2.513745e+01	2.591864e+02
5.780000e-06	2.952572e-09	9.972806e-09	2.496832e+01	2.579308e+02
5.790000e-06	2.932509e-09	9.924818e-09	2.479865e+01	2.566664e+02
5.800000e-06	2.912369e-09	9.885269e-09	2.462834e+01	2.553948e+02
5.810000e-06	2.892137e-09	9.837030e-09	2.445725e+01	2.541173e+02
5.820000e-06	2.871820e-09	9.779510e-09	2.428544e+01	2.528351e+02
5.830000e-06	2.851400e-09	9.727946e-09	2.411276e+01	2.515485e+02
5.840000e-06	2.830855e-09	9.686654e-09	2.393903e+01	2.502574e+02
5.850000e-06	2.810162e-09	9.641001e-09	2.376404e+01	2.489609e+02
5.860000e-06	2.789280e-09	9.584198e-09	2.358745e+01	2.476578e+02
5.870000e-06	2.768187e-09	9.527532e-09	2.340907e+01	2.463466e+02
5.880000e-06	2.746886e-09	9.479061e-09	2.322894e+01	2.450259e+02
5.890000e-06	2.725372e-09	9.432901e-09	2.304702e+01	2.436942e+02
5.900000e-06	2.703651e-09	9.378729e-09	2.286333e+01	2.423508e+02
5.910000e-06	2.681677e-09	9.318828e-09	2.267751e+01	2.409952e+02
5.920000e-06	2.659465e-09	9.262210e-09	2.248968e+01	2.396278e+02
5.930000e-06	2.637031e-09	9.211232e-09	2.229997e+01	2.382494e+02
5.940000e-06	2.614367e-09	9.161297e-09	2.210831e+01	2.368611e+02
5.950000e-06	2.591516e-09	9.104910e-09	2.191507e+01	2.354645e+02
5.960000e-06	2.568506e-09	9.042719e-09	2.172049e+01	2.340609e+02
5.970000e-06	2.545321e-09	8.983668e-09	2.152442e+01	2.326516e+02
5.980000e-06	2.521955e-09	8.933068e-09	2.132683e+01	2.312372e+02
5.990000e-06	2.498475e-09	8.884013e-09	2.112828e+01	2.298181e+02
6.000000e-06	2.474898e-09	8.829569e-09	2.092890e+01	2.283940e+02
6.010000e-06	2.451221e-09	8.772983e-09	2.072867e+01	2.269641e+02
6.020000e-06	2.427476e-09	8.717002e-09	2.052788e+01	2.255273e+02
6.030000e-06	2.403663e-09	8.657731e-09	2.032650e+01	2.240822e+02
6.040000e-06	2.379776e-09	8.590849e-09	2.012451e+01	2.226278e+02
6.050000e-06	2.355850e-09	8.520587e-09	1.992217e+01	2.211631e+02
6.060000e-06	2.331883e-09	8.457535e-09	1.971950e+01	2.196878e+02
6.070000e-06	2.307860e-09	8.409271e-09	1.951635e+01	2.182017e+02
6.080000e-06	2.283788e-09	8.367380e-09	1.931278e+01	2.167056e+02
6.090000e-06	2.259673e-09	8.313395e-09	1.910886e+01	2.152006e+02
6.100000e-06	2.235492e-09	8.245089e-09	1.890437e+01	2.136881e+02
6.110000e-06	2.211244e-09	8.176465e-09	1.869932e+01	2.121696e+02
6.120000e-06	2.186946e-09	8.112248e-09	1.849385e+01	2.106466e+02
6.130000e-06	2.162566e-09	8.044463e-09	1.828768e+01	2.091201e+02
6.140000e-06	2.138078e-09	7.978443e-09	1.808060e+01	2.075910e+02
6.150000e-06	2.113491e-09	7.926777e-09	1.787268e+01	2.060593e+02
6.160000e-06	2.088803e-09	7.885647e-09	1.766391e+01	2.045247e+02
6.170000e-06	2.064019e-09	7.837792e-09	1.745432e+01	2.029863e+02
6.180000e-06	2.039140e-09	7.771267e-09	1.724394e+01	2.014430e+02
6.190000e-06	2.014142e-09	7.693742e-09	1.703254e+01	1.998936e+02
6.200000e-06	1.989012e-09	7.618217e-09	1.682003e+01	1.983366e+02
6.210000e-06	1.963793e-09	7.549244e-09	1.660677e+01	1.967712e+02
6.220000e-06	1.938485e-09	7.483409e-09	1.639276e+01	1.951966e+02
6.230000e-06	1.913067e-09	7.421363e-09	1.617780e+01	1.936124e+02
6.240000e-06	1.887564e-09	7.371564e-09	1.596214e+01	1.920190e+02
6.250000e-06	1.861981e-09	7.330562e-09	1.574580e+01	1.904166e+02
6.260000e-06	1.836321e-09	7.278432e-09	1.552881e+01	1.888060e+02
6.270000e-06	1.810571e-09	7.201760e-09	1.531105e+01	1.871878e+02
6.280000e-06	1.784743e-09	7.115056e-09	1.509264e+01	1.855627e+02
6.290000e-06	1.758873e-09	7.039517e-09	1.487387e+01	1.839310e+02
6.300000e-06	1.732932e-09	6.978104e-09	1.465450e+01	1.822928e+02
6.310000e-06	1.706910e-09	6.922921e-09	1.443445e+01	1.806477e+02
6.320000e-06	1.680829e-09	6.867655e-09	1.421390e+01	1.789954e+02
6.330000e-06	1.654699e-09	6.812121e-09	1.399293e+01	1.773351e+02
6.340000e-06	1.628518e-09	6.752718e-09	1.377153e+01	1.756660e+02
6.350000e-06	1.602258e-09	6.679495e-09	1.354947e+01	1.739877e+02
6.360000e-06	1.575918e-09	6.595587e-09	1.332672e+01	1.722997e+02
6.370000e-06	1.549500e-09	6.518863e-09	1.310332e+01	1.706023e+02
6.380000e-06	1.522997e-09	6.454340e-09	1.287920e+01	1.688959e+02
6.390000e-06	1.496417e-09	6.395152e-09	1.265443e+01	1.671814e+02
6.400000e-06	1.469776e-09	6.337297e-09	1.242914e+01	1.654600e+02
6.410000e-06	1.443074e-09	6.274901e-09	1.220334e+01	1.637331e+02
6.420000e-06	1.416288e-09	6.204770e-09	1.197682e+01	1.620021e+02
6.430000e-06	1.389410e-09	6.129823e-09	1.174953e+01	1.602678e+02
6.440000e-06	1.362441e-09	6.055558e-09	1.152147e+01	1.585312e+02
6.450000e-06	1.335404e-09	5.985182e-09	1.129283e+01	1.567923e+02
6.460000e-06	1.308314e-09	5.917272e-09	1.106374e+01	1.550507e+02
6.470000e-06	1.281164e-09	5.855261e-09	1.083415e+01	1.533058e+02
6.480000e-06	1.253943e-09	5.799934e-09	1.060396e+01	1.515563e+02
6.490000e-06	1.226643e-09	5.740188e-09	1.037310e+01	1.498009e+02
6.500000e-06	1.199279e-09	5.667480e-09	1.014170e+01	1.480382e+02
6.510000e-06	1.171864e-09	5.585986e-09	9.909865e+00	1.462671e+02
6.520000e-06	1.144391e-09	5.506161e-09	9.677542e+00	1.444870e+02
6.530000e-06	1.116863e-09	5.434939e-09	9.444752e+00	1.426978e+02
6.540000e-06	1.089287e-09	5.370955e-09	9.211560e+00	1.408999e+02
6.550000e-06	1.061681e-09	5.309207e-09	8.978107e+00	1.390942e+02
6.560000e-06	1.034040e-09	5.247766e-09	8.744362e+00	1.372821e+02
6.570000e-06	1.006355e-09	5.185759e-09	8.510250e+00	1.354652e+02
6.580000e-06	9.786410e-10	5.116496e-09	8.275883e+00	1.336448e+02
6.590000e-06	9.508910e-10	5.033190e-09	8.041217e+00	1.318224e+02
6.600000e-06	9.231148e-10	4.944701e-09	7.806329e+00	1.299986e+02
6.610000e-06	8.953202e-10	4.866626e-09	7.571285e+00	1.281735e+02
6.620000e-06	8.675059e-10	4.801580e-09	7.336074e+00	1.263468e+02
6.630000e-06	8.396679e-10	4.741411e-09	7.100663e+00	1.245172e+02
6.640000e-06	8.118095e-10	4.677044e-09	6.865079e+00	1.226833e+02
6.650000e-06	7.839351e-10	4.606437e-09	6.629361e+00	1.208431e+02
6.660000e-06	7.560454e-10	4.533373e-09	6.393512e+00	1.189949e+02
6.670000e-06	7.281348e-10	4.457136e-09	6.157488e+00	1.171370e+02
6.680000e-06	7.002133e-10	4.374229e-09	5.921371e+00	1.152682e+02
6.690000e-06	6.722891e-10	4.290796e-09	5.685231e+00	1.133879e+02
6.700000e-06	6.443489e-10	4.220563e-09	5.448956e+00	1.114964e+02
6.710000e-06	6.163924e-10	4.163425e-09	5.212542e+00	1.095943e+02
6.720000e-06	5.884192e-10	4.100044e-09	4.975988e+00	1.076832e+02
6.730000e-06	5.604396e-10	4.018180e-09	4.739380e+00	1.057647e+02
6.740000e-06	5.324622e-10	3.930893e-09	4.502790e+00	1.038408e+02
6.750000e-06	5.044779e-10	3.853252e-09	4.266141e+00	1.019133e+02
6.760000e-06	4.764950e-10	3.779870e-09	4.029505e+00	9.998379e+01
6.770000e-06	4.485020e-10	3.701795e-09	3.792783e+00	9.805314e+01
6.780000e-06	4.204955e-10	3.625128e-09	3.555948e+00	9.612173e+01
6.790000e-06	3.924848e-10	3.556850e-09	3.319076e+00	9.418923e+01
6.800000e-06	3.644557e-10	3.489778e-09	3.082049e+00	9.225471e+01
6.810000e-06	3.364190e-10	3.415285e-09	2.844958e+00	9.031677e+01
6.820000e-06	3.083907e-10	3.331740e-09	2.607938e+00	8.837370e+01
6.830000e-06	2.803598e-10	3.246920e-09	2.370896e+00	8.642374e+01
6.840000e-06	2.523105e-10	3.171411e-09	2.133698e+00	8.446529e+01
6.850000e-06	2.242405e-10	3.100085e-09	1.896325e+00	8.249704e+01
6.860000e-06	1.961604e-10	3.021781e-09	1.658867e+00	8.051817e+01
6.870000e-06	1.680810e-10	2.940266e-09	1.421413e+00	7.852835e+01
6.880000e-06	1.400057e-10	2.865463e-09	1.183996e+00	7.652777e+01
6.890000e-06	1.119339e-10	2.793668e-09	9.466081e-01	7.451707e+01
6.900000e-06	8.386069e-11	2.714463e-09	7.092078e-01	7.249716e+01
6.910000e-06	5.579432e-11	2.629204e-09	4.718656e-01	7.046917e+01
6.920000e-06	2.772964e-11	2.547538e-09	2.345378e-01	6.843418e+01
6.930000e-06	-3.425730e-13	2.471626e-09	-2.853742e-03	6.639318e+01
6.940000e-06	-2.841187e-11	2.394243e-09	-2.402207e-01	6.434690e+01
6.950000e-06	-5.647958e-11	2.311698e-09	-4.775742e-01	6.229580e+01
6.960000e-06	-8.454037e-11	2.227653e-09	-7.148692e-01	6.024004e+01
6.970000e-06	-1.125849e-10	2.146892e-09	-9.520265e-01	5.817952e+01
6.980000e-06	-1.406317e-10	2.070534e-09	-1.189204e+00	5.611392e+01
6.990000e-06	-1.686835e-10	1.993669e-09	-1.426422e+00	5.404286e+01
7.000000e-06	-1.967287e-10	1.913269e-09	-1.663586e+00	5.196592e+01
7.010000e-06	-2.247753e-10	1.833860e-09	-1.900761e+00	4.988271e+01
7.020000e-06	-2.528220e-10	1.757869e-09	-2.137937e+00	4.779298e+01
7.030000e-06	-2.808659e-10	1.680474e-09	-2.375088e+00	4.569659e+01
7.040000e-06	-3.089053e-10	1.598275e-09	-2.612203e+00	4.359350e+01
7.050000e-06	-3.369457e-10	1.511811e-09	-2.849325e+00	4.148375e+01
7.060000e-06	-3.649860e-10	1.423983e-09	-3.086447e+00	3.936741e+01
7.070000e-06	-3.930180e-10	1.340400e-09	-3.323498e+00	3.724454e+01
7.080000e-06	-4.210377e-10	1.262400e-09	-3.560446e+00	3.511514e+01
7.090000e-06	-4.490410e-10	1.184836e-09	-3.797255e+00	3.297912e+01
7.100000e-06	-4.770446e-10	1.104783e-09	-4.034066e+00	3.083631e+01
7.110000e-06	-5.050398e-10	1.024155e-09	-4.270807e+00	2.868650e+01
7.120000e-06	-5.330068e-10	9.432774e-10	-4.507309e+00	2.652946e+01
7.130000e-06	-5.609569e-10	8.572807e-10	-4.743668e+00	2.436499e+01
7.140000e-06	-5.889013e-10	7.638767e-10	-4.979979e+00	2.219295e+01
7.150000e-06	-6.168394e-10	6.722976e-10	-5.216236e+00	2.001331e+01
7.160000e-06	-6.447690e-10	5.910446e-10	-5.452422e+00	1.782617e+01
7.170000e-06	-6.726857e-10	5.134182e-10	-5.688499e+00	1.563171e+01
7.180000e-06	-7.005900e-10	4.297204e-10	-5.924470e+00	1.343014e+01
7.190000e-06	-7.284856e-10	3.427753e-10	-6.160369e+00	1.122171e+01
7.200000e-06	-7.563767e-10	2.582122e-10	-6.396228e+00	9.006542e+00
7.210000e-06	-7.842470e-10	1.750465e-10	-6.631912e+00	6.784650e+00
7.220000e-06	-8.120887e-10	8.879585e-11	-6.867354e+00	4.555850e+00
7.230000e-06	-8.399136e-10	-1.927657e-12	-7.102654e+00	2.319757e+00
7.240000e-06	-8.677195e-10	-9.081662e-11	-7.337794e+00	7.579751e-02
7.250000e-06	-8.955013e-10	-1.755006e-10	-7.572729e+00	-2.176731e+00
7.260000e-06	-9.232605e-10	-2.628848e-10	-7.807474e+00	-4.438577e+00
7.270000e-06	-9.510110e-10	-3.559939e-10	-8.042145e+00	-6.710426e+00
7.280000e-06	-9.787308e-10	-4.479866e-10	-8.276556e+00	-8.992789e+00
7.290000e-06	-1.006399e-09	-5.344192e-10	-8.510532e+00	-1.128590e+01
7.300000e-06	-1.034021e-09	-6.164188e-10	-8.744113e+00	-1.358962e+01
7.310000e-06	-1.061601e-09	-6.993632e-10	-8.977343e+00	-1.590345e+01
7.320000e-06	-1.089159e-09	-7.910470e-10	-9.210385e+00	-1.822646e+01
7.330000e-06	-1.116673e-09	-8.876756e-10	-9.443060e+00	-2.055744e+01
7.340000e-06	-1.144128e-09	-9.810862e-10	-9.675231e+00	-2.289493e+01
7.350000e-06	-1.171531e-09	-1.071916e-09	-9.906959e+00	-2.523738e+01
7.360000e-06	-1.198847e-09	-1.164280e-09	-1.013795e+01	-2.758329e+01
7.370000e-06	-1.226092e-09	-1.257242e-09	-1.036835e+01	-2.993138e+01
7.380000e-06	-1.253296e-09	-1.347322e-09	-1.059840e+01	-3.228065e+01
7.390000e-06	-1.280452e-09	-1.433941e-09	-1.082804e+01	-3.463053e+01
7.400000e-06	-1.307535e-09	-1.519513e-09	-1.105707e+01	-3.698083e+01
7.410000e-06	-1.334519e-09	-1.608743e-09	-1.128526e+01	-3.933179e+01
7.420000e-06	-1.361430e-09	-1.702717e-09	-1.151283e+01	-4.168393e+01
7.430000e-06	-1.388268e-09	-1.797619e-09	-1.173978e+01	-4.403800e+01
7.440000e-06	-1.415038e-09	-1.888032e-09	-1.196616e+01	-4.639482e+01
7.450000e-06	-1.441728e-09	-1.977052e-09	-1.219187e+01	-4.875512e+01
7.460000e-06	-1.468325e-09	-2.071788e-09	-1.241678e+01	-5.111944e+01
7.470000e-06	-1.494854e-09	-2.169528e-09	-1.264112e+01	-5.348800e+01
7.480000e-06	-1.521330e-09	-2.264074e-09	-1.286502e+01	-5.586071e+01
7.490000e-06	-1.547738e-09	-2.353094e-09	-1.308833e+01	-5.823708e+01
7.500000e-06	-1.574049e-09	-2.440115e-09	-1.331083e+01	-6.061631e+01
7.510000e-06	-1.600279e-09	-2.529658e-09	-1.353264e+01	-6.299736e+01
7.520000e-06	-1.626454e-09	-2.623163e-09	-1.375399e+01	-6.537907e+01
7.530000e-06	-1.652576e-09	-2.716448e-09	-1.397489e+01	-6.776024e+01
7.540000e-06	-1.678628e-09	-2.805441e-09	-1.419520e+01	-7.013976e+01
7.550000e-06	-1.704608e-09	-2.896208e-09	-1.441490e+01	-7.251672e+01
7.560000e-06	-1.730527e-09	-2.994087e-09	-1.463408e+01	-7.489045e+01
7.570000e-06	-1.756380e-09	-3.093681e-09	-1.485271e+01	-7.726060e+01
7.580000e-06	-1.782171e-09	-3.185542e-09	-1.507081e+01	-7.962705e+01
7.590000e-06	-1.807886e-09	-3.270688e-09	-1.528826e+01	-8.198998e+01
7.600000e-06	-1.833516e-09	-3.358075e-09	-1.550500e+01	-8.434972e+01
7.610000e-06	-1.859065e-09	-3.448984e-09	-1.572106e+01	-8.670672e+01
7.620000e-06	-1.884505e-09	-3.538370e-09	-1.593619e+01	-8.906148e+01
7.630000e-06	-1.909838e-09	-3.627213e-09	-1.615042e+01	-9.141448e+01
7.640000e-06	-1.935063e-09	-3.720383e-09	-1.636373e+01	-9.376609e+01
7.650000e-06	-1.960185e-09	-3.817033e-09	-1.657617e+01	-9.611657e+01
7.660000e-06	-1.985220e-09	-3.913279e-09	-1.678788e+01	-9.846604e+01
7.670000e-06	-2.010167e-09	-4.004873e-09	-1.699884e+01	-1.008145e+02
7.680000e-06	-2.035008e-09	-4.092124e-09	-1.720891e+01	-1.031617e+02
7.690000e-06	-2.059722e-09	-4.178965e-09	-1.741790e+01	-1.055074e+02
7.700000e-06	-2.084346e-09	-4.266179e-09	-1.762613e+01	-1.078513e+02
7.710000e-06	-2.108880e-09	-4.352390e-09	-1.783360e+01	-1.101929e+02
7.720000e-06	-2.133313e-09	-4.438971e-09	-1.804022e+01	-1.125317e+02
7.730000e-06	-2.157669e-09	-4.530744e-09	-1.824619e+01	-1.148671e+02
7.740000e-06	-2.181950e-09	-4.628076e-09	-1.845151e+01	-1.171987e+02
7.750000e-06	-2.206141e-09	-4.727275e-09	-1.865609e+01	-1.195259e+02
7.760000e-06	-2.230269e-09	-4.822342e-09	-1.886013e+01	-1.218481e+02
7.770000e-06	-2.254365e-09	-4.909549e-09	-1.906389e+01	-1.241649e+02
7.780000e-06	-2.278411e-09	-4.992500e-09	-1.926724e+01	-1.264760e+02
7.790000e-06	-2.302406e-09	-5.075318e-09	-1.947015e+01	-1.287812e+02
7.800000e-06	-2.326360e-09	-5.160881e-09	-1.967272e+01	-1.310802e+02
7.810000e-06	-2.350271e-09	-5.248164e-09	-1.987492e+01	-1.333731e+02
7.820000e-06	-2.374121e-09	-5.335715e-09	-2.007661e+01	-1.356600e+02
7.830000e-06	-2.397910e-09	-5.426120e-09	-2.027778e+01	-1.379413e+02
7.840000e-06	-2.421635e-09	-5.519769e-09	-2.047841e+01	-1.402173e+02
7.850000e-06	-2.445295e-09	-5.611438e-09	-2.067848e+01	-1.424884e+02
7.860000e-06	-2.468885e-09	-5.697580e-09	-2.087797e+01	-1.447548e+02
7.870000e-06	-2.492363e-09	-5.780460e-09	-2.107651e+01	-1.470168e+02
7.880000e-06	-2.515704e-09	-5.864580e-09	-2.127390e+01	-1.492743e+02
7.890000e-06	-2.538914e-09	-5.953951e-09	-2.147017e+01	-1.515271e+02
7.900000e-06	-2.561988e-09	-6.044405e-09	-2.166529e+01	-1.537747e+02
7.910000e-06	-2.584914e-09	-6.129285e-09	-2.185917e+01	-1.560163e+02
7.920000e-06	-2.607665e-09	-6.211161e-09	-2.205156e+01	-1.582511e+02
7.930000e-06	-2.630199e-09	-6.296174e-09	-2.224211e+01	-1.604778e+02
7.940000e-06	-2.652498e-09	-6.384748e-09	-2.243069e+01	-1.626956e+02
7.950000e-06	-2.674574e-09	-6.473340e-09	-2.261737e+01	-1.649034e+02
7.960000e-06	-2.696425e-09	-6.560303e-09	-2.280216e+01	-1.671003e+02
7.970000e-06	-2.718058e-09	-6.644920e-09	-2.298509e+01	-1.692860e+02
7.980000e-06	-2.739447e-09	-6.728031e-09	-2.316597e+01	-1.714602e+02
7.990000e-06	-2.760628e-09	-6.810321e-09	-2.334508e+01	-1.736231e+02
8.000000e-06	-2.781637e-09	-6.891801e-09	-2.352275e+01	-1.757749e+02
8.010000e-06	-2.802433e-09	-6.974658e-09	-2.369861e+01	-1.779164e+02
8.020000e-06	-2.823046e-09	-7.059354e-09	-2.387292e+01	-1.800481e+02
8.030000e-06	-2.843527e-09	-7.144522e-09	-2.404611e+01	-1.821708e+02
8.040000e-06	-2.863884e-09	-7.227799e-09	-2.421826e+01	-1.842849e+02
8.050000e-06	-2.884123e-09	-7.308737e-09	-2.438941e+01	-1.863906e+02
8.060000e-06	-2.904268e-09	-7.389080e-09	-2.455977e+01	-1.884879e+02
8.070000e-06	-2.924348e-09	-7.469288e-09	-2.472957e+01	-1.905764e+02
8.080000e-06	-2.944370e-09	-7.551186e-09	-2.489889e+01	-1.926555e+02
8.090000e-06	-2.964329e-09	-7.634771e-09	-2.506767e+01	-1.947242e+02
8.100000e-06	-2.984231e-09	-7.715468e-09	-2.523597e+01	-1.967817e+02
8.110000e-06	-3.004081e-09	-7.792660e-09	-2.540383e+01	-1.988272e+02
8.120000e-06	-3.023858e-09	-7.871596e-09	-2.557108e+01	-2.008598e+02
8.130000e-06	-3.043540e-09	-7.952653e-09	-2.573751e+01	-2.028793e+02
8.140000e-06	-3.063116e-09	-8.032517e-09	-2.590306e+01	-2.048854e+02
8.150000e-06	-3.082585e-09	-8.112226e-09	-2.606770e+01	-2.068783e+02
8.160000e-06	-3.101913e-09	-8.192462e-09	-2.623114e+01	-2.088583e+02
8.170000e-06	-3.121088e-09	-8.273275e-09	-2.639330e+01	-2.108259e+02
8.180000e-06	-3.140103e-09	-8.355724e-09	-2.655410e+01	-2.127815e+02
8.190000e-06	-3.158950e-09	-8.432578e-09	-2.671348e+01	-2.147254e+02
8.200000e-06	-3.177640e-09	-8.499048e-09	-2.687152e+01	-2.166577e+02
8.210000e-06	-3.196150e-09	-8.567063e-09	-2.702806e+01	-2.185778e+02
8.220000e-06	-3.214508e-09	-8.642853e-09	-2.718330e+01	-2.204849e+02
8.230000e-06	-3.232766e-09	-8.717416e-09	-2.733770e+01	-2.223780e+02
8.240000e-06	-3.250925e-09	-8.790304e-09	-2.749126e+01	-2.242555e+02
8.250000e-06	-3.268967e-09	-8.870051e-09	-2.764383e+01	-2.261159e+02
8.260000e-06	-3.286876e-09	-8.953770e-09	-2.779528e+01	-2.279580e+02
8.270000e-06	-3.304670e-09	-9.031356e-09	-2.794575e+01	-2.297805e+02
8.280000e-06	-3.322356e-09	-9.098768e-09	-2.809531e+01	-2.315827e+02
8.290000e-06	-3.339905e-09	-9.157860e-09	-2.824371e+01	-2.333647e+02
8.300000e-06	-3.357299e-09	-9.215722e-09	-2.839081e+01	-2.351269e+02
8.310000e-06	-3.374519e-09	-9.278232e-09	-2.853643e+01	-2.368704e+02
8.320000e-06	-3.391545e-09	-9.343750e-09	-2.868040e+01	-2.385966e+02
8.330000e-06	-3.408396e-09	-9.411474e-09	-2.882291e+01	-2.403072e+02
8.340000e-06	-3.425102e-09	-9.484327e-09	-2.896418e+01	-2.420038e+02
8.350000e-06	-3.441659e-09	-9.561439e-09	-2.910419e+01	-2.436877e+02
8.360000e-06	-3.458059e-09	-9.635964e-09	-2.924288e+01	-2.453598e+02
8.370000e-06	-3.474316e-09	-9.704216e-09	-2.938036e+01	-2.470201e+02
8.380000e-06	-3.490460e-09	-9.766682e-09	-2.951688e+01	-2.486680e+02
8.390000e-06	-3.506530e-09	-9.823942e-09	-2.965277e+01	-2.503023e+02
8.400000e-06	-3.522534e-09	-9.879533e-09	-2.978811e+01	-2.519211e+02
8.410000e-06	-3.538457e-09	-9.937163e-09	-2.992276e+01	-2.535222e+02
8.420000e-06	-3.554282e-09	-9.997775e-09	-3.005659e+01	-2.551033e+02
8.430000e-06	-3.569989e-09	-1.006029e-08	-3.018941e+01	-2.566623e+02
8.440000e-06	-3.585551e-09	-1.012399e-08	-3.032101e+01	-2.581978e+02
8.450000e-06	-3.600933e-09	-1.018595e-08	-3.045109e+01	-2.597089e+02
8.460000e-06	-3.616117e-09	-1.024416e-08	-3.057949e+01	-2.611955e+02
8.470000e-06	-3.631060e-09	-1.029956e-08	-3.070585e+01	-2.626585e+02
8.480000e-06	-3.645702e-09	-1.035140e-08	-3.082968e+01	-2.640994e+02
8.490000e-06	-3.660051e-09	-1.040342e-08	-3.095102e+01	-2.655202e+02
8.500000e-06	-3.674113e-09	-1.045795e-08	-3.106993e+01	-2.669229e+02
8.510000e-06	-3.687864e-09	-1.051095e-08	-3.118622e+01	-2.683098e+02
8.520000e-06	-3.701318e-09	-1.056039e-08	-3.129999e+01	-2.696827e+02
8.530000e-06	-3.714505e-09	-1.060948e-08	-3.141151e+01	-2.710425e+02
8.540000e-06	-3.727437e-09	-1.066285e-08	-3.152086e+01	-2.723897e+02
8.550000e-06	-3.740134e-09	-1.072056e-08	-3.162824e+01	-2.737239e+02
8.560000e-06	-3.752638e-09	-1.077947e-08	-3.173398e+01	-2.750439e+02
8.570000e-06	-3.764970e-09	-1.083231e-08	-3.183826e+01	-2.763481e+02
8.580000e-06	-3.777151e-09	-1.087762e-08	-3.194127e+01	-2.776345e+02
8.590000e-06	-3.789193e-09	-1.092247e-08	-3.204310e+01	-2.789014e+02
8.600000e-06	-3.801098e-09	-1.096785e-08	-3.214377e+01	-2.801470e+02
8.610000e-06	-3.812855e-09	-1.101085e-08	-3.224320e+01	-2.813702e+02
8.620000e-06	-3.824448e-09	-1.105423e-08	-3.234123e+01	-2.825706e+02
8.630000e-06	-3.835859e-09	-1.110395e-08	-3.243773e+01	-2.837484e+02
8.640000e-06	-3.847082e-09	-1.115813e-08	-3.253264e+01	-2.849045e+02
8.650000e-06	-3.858106e-09	-1.120907e-08	-3.262586e+01	-2.860400e+02
8.660000e-06	-3.868919e-09	-1.125231e-08	-3.271730e+01	-2.871565e+02
8.670000e-06	-3.879533e-09	-1.128950e-08	-3.280706e+01	-2.882554e+02
8.680000e-06	-3.889975e-09	-1.132733e-08	-3.289536e+01	-2.893379e+02
8.690000e-06	-3.900254e-09	-1.136793e-08	-3.298229e+01	-2.904045e+02
8.700000e-06	-3.910388e-09	-1.140811e-08	-3.306798e+01	-2.914553e+02
8.710000e-06	-3.920395e-09	-1.144644e-08	-3.315260e+01	-2.924899e+02
8.720000e-06	-3.930263e-09	-1.148550e-08	-3.323606e+01	-2.935071e+02
8.730000e-06	-3.939976e-09	-1.152721e-08	-3.331819e+01	-2.945056e+02
8.740000e-06	-3.949518e-09	-1.156861e-08	-3.339888e+01	-2.954840e+02
8.750000e-06	-3.958877e-09	-1.160816e-08	-3.347803e+01	-2.964410e+02
8.760000e-06	-3.968035e-09	-1.164715e-08	-3.355547e+01	-2.973758e+02
8.770000e-06	-3.976998e-09	-1.168532e-08	-3.363127e+01	-2.982882e+02
8.780000e-06	-3.985771e-09	-1.172125e-08	-3.370546e+01	-2.991785e+02
8.790000e-06	-3.994365e-09	-1.175487e-08	-3.377813e+01	-3.000476e+02
8.800000e-06	-4.002791e-09	-1.178758e-08	-3.384939e+01	-3.008968e+02
8.810000e-06	-4.011049e-09	-1.181865e-08	-3.391922e+01	-3.017278e+02
8.820000e-06	-4.019185e-09	-1.184726e-08	-3.398802e+01	-3.025421e+02
8.830000e-06	-4.027233e-09	-1.187827e-08	-3.405608e+01	-3.033408e+02
8.840000e-06	-4.035201e-09	-1.191535e-08	-3.412346e+01	-3.041246e+02
8.850000e-06	-4.043095e-09	-1.195186e-08	-3.419022e+01	-3.048934e+02
8.860000e-06	-4.050893e-09	-1.198175e-08	-3.425616e+01	-3.056466e+02
8.870000e-06	-4.058582e-09	-1.201068e-08	-3.432118e+01	-3.063827e+02
8.880000e-06	-4.066109e-09	-1.204258e-08	-3.438483e+01	-3.071000e+02
8.890000e-06	-4.073414e-09	-1.207162e-08	-3.444661e+01	-3.077965e+02
8.900000e-06	-4.080483e-09	-1.209756e-08	-3.450639e+01	-3.084704e+02
8.910000e-06	-4.087301e-09	-1.212274e-08	-3.456404e+01	-3.091206e+02
8.920000e-06	-4.093848e-09	-1.214369e-08	-3.461941e+01	-3.097464e+02
8.930000e-06	-4.100106e-09	-1.216139e-08	-3.467233e+01	-3.103481e+02
8.940000e-06	-4.106052e-09	-1.218224e-08	-3.472262e+01	-3.109270e+02
8.950000e-06	-4.111666e-09	-1.220737e-08	-3.477009e+01	-3.114850e+02
8.960000e-06	-4.116970e-09	-1.223329e-08	-3.481494e+01	-3.120244e+02
8.970000e-06	-4.121967e-09	-1.226164e-08	-3.485719e+01	-3.125480e+02
8.980000e-06	-4.126686e-09	-1.229141e-08	-3.489711e+01	-3.130582e+02
8.990000e-06	-4.131201e-09	-1.231613e-08	-3.493529e+01	-3.135568e+02
9.000000e-06	-4.135549e-09	-1.233197e-08	-3.497205e+01	-3.140451e+02
9.010000e-06	-4.139751e-09	-1.234039e-08	-3.500759e+01	-3.145230e+02
9.020000e-06	-4.143840e-09	-1.234913e-08	-3.504217e+01	-3.149898e+02
9.030000e-06	-4.147837e-09	-1.236344e-08	-3.507597e+01	-3.154439e+02
9.040000e-06	-4.151744e-09	-1.237976e-08	-3.510901e+01	-3.158830e+02
9.050000e-06	-4.155541e-09	-1.239584e-08	-3.514112e+01	-3.163047e+02
9.060000e-06	-4.159220e-09	-1.241712e-08	-3.517223e+01	-3.167068e+02
9.070000e-06	-4.162754e-09	-1.244326e-08	-3.520211e+01	-3.170879e+02
9.080000e-06	-4.166094e-09	-1.246665e-08	-3.523036e+01	-3.174470e+02
9.090000e-06	-4.169231e-09	-1.248506e-08	-3.525689e+01	-3.177844e+02
9.100000e-06	-4.172160e-09	-1.249992e-08	-3.528165e+01	-3.181015e+02
9.110000e-06	-4.174883e-09	-1.250979e-08	-3.530469e+01	-3.184003e+02
9.120000e-06	-4.177421e-09	-1.251090e-08	-3.532614e+01	-3.186832e+02
9.130000e-06	-4.179789e-09	-1.250856e-08	-3.534617e+01	-3.189530e+02
9.140000e-06	-4.182016e-09	-1.251133e-08	-3.536500e+01	-3.192116e+02
9.150000e-06	-4.184115e-09	-1.252108e-08	-3.538275e+01	-3.194605e+02
9.160000e-06	-4.186084e-09	-1.253931e-08	-3.539940e+01	-3.196999e+02
9.170000e-06	-4.187904e-09	-1.256592e-08	-3.541479e+01	-3.199285e+02
9.180000e-06	-4.189528e-09	-1.259136e-08	-3.542853e+01	-3.201442e+02
9.190000e-06	-4.190860e-09	-1.260206e-08	-3.543979e+01	-3.203437e+02
9.200000e-06	-4.191963e-09	-1.259813e-08	-3.544913e+01	-3.205231e+02
9.210000e-06	-4.192936e-09	-1.258916e-08	-3.545735e+01	-3.206787e+02
9.220000e-06	-4.193717e-09	-1.258018e-08	-3.546396e+01	-3.208072e+02
9.230000e-06	-4.194301e-09	-1.257650e-08	-3.546890e+01	-3.209068e+02
9.240000e-06	-4.194726e-09	-1.258457e-08	-3.547249e+01	-3.209770e+02
