# Temperatura_=_20.0
# Concentracion g/m^3_=_10770.0
# C_Vs_to_Am_M_A/Vsm_=_25649819763.59163
# pendiente_HvsI_1/m_=_3716.3
# ordenada_HvsI_A/m_=_1297.0
# frecuencia_Hz_=_108142.01403762343
# Promedio de 22 ciclos

Tiempo_(s)	Campo_(V.s)	Magnetizacion_(V.s)	Campo_(kA/m)	Magnetizacion_(A/m)
0.000000e+00	-4.369501e-09	-1.446001e-08	-3.695201e+01	-3.667021e+02
1.000000e-08	-4.369732e-09	-1.445689e-08	-3.695395e+01	-3.668469e+02
2.000000e-08	-4.369853e-09	-1.445328e-08	-3.695498e+01	-3.669717e+02
3.000000e-08	-4.369857e-09	-1.445579e-08	-3.695502e+01	-3.670727e+02
4.000000e-08	-4.369765e-09	-1.445325e-08	-3.695423e+01	-3.671472e+02
5.000000e-08	-4.369545e-09	-1.443396e-08	-3.695238e+01	-3.671949e+02
6.000000e-08	-4.369131e-09	-1.443788e-08	-3.694888e+01	-3.672173e+02
7.000000e-08	-4.368495e-09	-1.453393e-08	-3.694349e+01	-3.672182e+02
8.000000e-08	-4.367598e-09	-1.463461e-08	-3.693591e+01	-3.672031e+02
9.000000e-08	-4.366360e-09	-1.451211e-08	-3.692544e+01	-3.671786e+02
1.000000e-07	-4.364738e-09	-1.431821e-08	-3.691172e+01	-3.671518e+02
1.100000e-07	-4.362778e-09	-1.443771e-08	-3.689514e+01	-3.671293e+02
1.200000e-07	-4.360532e-09	-1.460529e-08	-3.687615e+01	-3.671162e+02
1.300000e-07	-4.357984e-09	-1.439132e-08	-3.685460e+01	-3.671160e+02
1.400000e-07	-4.355117e-09	-1.421259e-08	-3.683036e+01	-3.671293e+02
1.500000e-07	-4.351965e-09	-1.444573e-08	-3.680370e+01	-3.671546e+02
1.600000e-07	-4.348579e-09	-1.457429e-08	-3.677506e+01	-3.671878e+02
1.700000e-07	-4.345006e-09	-1.430419e-08	-3.674485e+01	-3.672230e+02
1.800000e-07	-4.341301e-09	-1.420494e-08	-3.671351e+01	-3.672532e+02
1.900000e-07	-4.337482e-09	-1.449847e-08	-3.668122e+01	-3.672714e+02
2.000000e-07	-4.333553e-09	-1.456518e-08	-3.664799e+01	-3.672714e+02
2.100000e-07	-4.329530e-09	-1.425893e-08	-3.661397e+01	-3.672484e+02
2.200000e-07	-4.325397e-09	-1.421784e-08	-3.657902e+01	-3.672002e+02
2.300000e-07	-4.321124e-09	-1.446722e-08	-3.654289e+01	-3.671273e+02
2.400000e-07	-4.316681e-09	-1.439948e-08	-3.650531e+01	-3.670326e+02
2.500000e-07	-4.312035e-09	-1.421712e-08	-3.646602e+01	-3.669216e+02
2.600000e-07	-4.307215e-09	-1.441785e-08	-3.642526e+01	-3.668017e+02
2.700000e-07	-4.302242e-09	-1.451775e-08	-3.638320e+01	-3.666811e+02
2.800000e-07	-4.297070e-09	-1.420660e-08	-3.633946e+01	-3.665679e+02
2.900000e-07	-4.291646e-09	-1.414725e-08	-3.629360e+01	-3.664696e+02
3.000000e-07	-4.285995e-09	-1.441753e-08	-3.624580e+01	-3.663919e+02
3.100000e-07	-4.280158e-09	-1.434604e-08	-3.619644e+01	-3.663382e+02
3.200000e-07	-4.274105e-09	-1.413823e-08	-3.614525e+01	-3.663096e+02
3.300000e-07	-4.267834e-09	-1.433582e-08	-3.609221e+01	-3.663045e+02
3.400000e-07	-4.261375e-09	-1.443978e-08	-3.603760e+01	-3.663194e+02
3.500000e-07	-4.254733e-09	-1.412100e-08	-3.598142e+01	-3.663493e+02
3.600000e-07	-4.247854e-09	-1.405895e-08	-3.592326e+01	-3.663881e+02
3.700000e-07	-4.240754e-09	-1.433445e-08	-3.586321e+01	-3.664300e+02
3.800000e-07	-4.233463e-09	-1.426534e-08	-3.580154e+01	-3.664695e+02
3.900000e-07	-4.225965e-09	-1.407415e-08	-3.573814e+01	-3.665024e+02
4.000000e-07	-4.218324e-09	-1.429270e-08	-3.567352e+01	-3.665259e+02
4.100000e-07	-4.210585e-09	-1.438482e-08	-3.560808e+01	-3.665384e+02
4.200000e-07	-4.202734e-09	-1.409184e-08	-3.554168e+01	-3.665397e+02
4.300000e-07	-4.194792e-09	-1.410491e-08	-3.547451e+01	-3.665302e+02
4.400000e-07	-4.186771e-09	-1.430728e-08	-3.540669e+01	-3.665104e+02
4.500000e-07	-4.178623e-09	-1.408599e-08	-3.533778e+01	-3.664806e+02
4.600000e-07	-4.170309e-09	-1.395021e-08	-3.526747e+01	-3.664399e+02
4.700000e-07	-4.161829e-09	-1.422720e-08	-3.519575e+01	-3.663860e+02
4.800000e-07	-4.153154e-09	-1.421412e-08	-3.512239e+01	-3.663153e+02
4.900000e-07	-4.144214e-09	-1.399956e-08	-3.504679e+01	-3.662225e+02
5.000000e-07	-4.134970e-09	-1.420126e-08	-3.496861e+01	-3.661013e+02
5.100000e-07	-4.125398e-09	-1.432972e-08	-3.488767e+01	-3.659447e+02
5.200000e-07	-4.115455e-09	-1.404827e-08	-3.480358e+01	-3.657457e+02
5.300000e-07	-4.105165e-09	-1.404693e-08	-3.471655e+01	-3.654980e+02
5.400000e-07	-4.094575e-09	-1.425216e-08	-3.462700e+01	-3.651966e+02
5.500000e-07	-4.083679e-09	-1.408499e-08	-3.453485e+01	-3.648383e+02
5.600000e-07	-4.072507e-09	-1.395860e-08	-3.444037e+01	-3.644219e+02
5.700000e-07	-4.061100e-09	-1.411656e-08	-3.434391e+01	-3.639486e+02
5.800000e-07	-4.049495e-09	-1.406255e-08	-3.424576e+01	-3.634215e+02
5.900000e-07	-4.037723e-09	-1.391024e-08	-3.414621e+01	-3.628452e+02
6.000000e-07	-4.025801e-09	-1.399092e-08	-3.404539e+01	-3.622256e+02
6.100000e-07	-4.013738e-09	-1.399430e-08	-3.394337e+01	-3.615689e+02
6.200000e-07	-4.001527e-09	-1.385643e-08	-3.384011e+01	-3.608813e+02
6.300000e-07	-3.989154e-09	-1.386072e-08	-3.373547e+01	-3.601684e+02
6.400000e-07	-3.976594e-09	-1.389684e-08	-3.362925e+01	-3.594348e+02
6.500000e-07	-3.963819e-09	-1.382147e-08	-3.352122e+01	-3.586837e+02
6.600000e-07	-3.950840e-09	-1.377466e-08	-3.341146e+01	-3.579174e+02
6.700000e-07	-3.937670e-09	-1.378394e-08	-3.330009e+01	-3.571370e+02
6.800000e-07	-3.924305e-09	-1.375040e-08	-3.318706e+01	-3.563428e+02
6.900000e-07	-3.910766e-09	-1.369823e-08	-3.307256e+01	-3.555346e+02
7.000000e-07	-3.897060e-09	-1.366930e-08	-3.295665e+01	-3.547123e+02
7.100000e-07	-3.883178e-09	-1.364924e-08	-3.283925e+01	-3.538759e+02
7.200000e-07	-3.869096e-09	-1.361852e-08	-3.272017e+01	-3.530258e+02
7.300000e-07	-3.854812e-09	-1.357408e-08	-3.259937e+01	-3.521629e+02
7.400000e-07	-3.840315e-09	-1.354077e-08	-3.247677e+01	-3.512886e+02
7.500000e-07	-3.825563e-09	-1.350988e-08	-3.235202e+01	-3.504045e+02
7.600000e-07	-3.810558e-09	-1.346627e-08	-3.222512e+01	-3.495120e+02
7.700000e-07	-3.795304e-09	-1.343396e-08	-3.209612e+01	-3.486126e+02
7.800000e-07	-3.779768e-09	-1.341530e-08	-3.196474e+01	-3.477070e+02
7.900000e-07	-3.763947e-09	-1.337789e-08	-3.183094e+01	-3.467953e+02
8.000000e-07	-3.747879e-09	-1.333362e-08	-3.169506e+01	-3.458767e+02
8.100000e-07	-3.731596e-09	-1.330778e-08	-3.155735e+01	-3.449500e+02
8.200000e-07	-3.715146e-09	-1.327083e-08	-3.141824e+01	-3.440132e+02
8.300000e-07	-3.698523e-09	-1.321770e-08	-3.127766e+01	-3.430642e+02
8.400000e-07	-3.681752e-09	-1.318054e-08	-3.113583e+01	-3.421009e+02
8.500000e-07	-3.664843e-09	-1.315573e-08	-3.099284e+01	-3.411215e+02
8.600000e-07	-3.647790e-09	-1.311578e-08	-3.084862e+01	-3.401249e+02
8.700000e-07	-3.630623e-09	-1.307368e-08	-3.070345e+01	-3.391108e+02
8.800000e-07	-3.613346e-09	-1.304479e-08	-3.055734e+01	-3.380798e+02
8.900000e-07	-3.595943e-09	-1.300284e-08	-3.041017e+01	-3.370330e+02
9.000000e-07	-3.578389e-09	-1.294971e-08	-3.026172e+01	-3.359726e+02
9.100000e-07	-3.560714e-09	-1.290857e-08	-3.011224e+01	-3.349006e+02
9.200000e-07	-3.542914e-09	-1.287400e-08	-2.996171e+01	-3.338193e+02
9.300000e-07	-3.524939e-09	-1.283409e-08	-2.980969e+01	-3.327308e+02
9.400000e-07	-3.506782e-09	-1.280109e-08	-2.965615e+01	-3.316363e+02
9.500000e-07	-3.488465e-09	-1.277330e-08	-2.950125e+01	-3.305367e+02
9.600000e-07	-3.469951e-09	-1.272347e-08	-2.934467e+01	-3.294317e+02
9.700000e-07	-3.451196e-09	-1.266160e-08	-2.918607e+01	-3.283208e+02
9.800000e-07	-3.432208e-09	-1.261169e-08	-2.902549e+01	-3.272026e+02
9.900000e-07	-3.413023e-09	-1.256962e-08	-2.886325e+01	-3.260756e+02
1.000000e-06	-3.393678e-09	-1.252804e-08	-2.869965e+01	-3.249384e+02
1.010000e-06	-3.374193e-09	-1.249443e-08	-2.853487e+01	-3.237898e+02
1.020000e-06	-3.354581e-09	-1.246420e-08	-2.836901e+01	-3.226293e+02
1.030000e-06	-3.334859e-09	-1.241964e-08	-2.820223e+01	-3.214568e+02
1.040000e-06	-3.315056e-09	-1.236696e-08	-2.803476e+01	-3.202731e+02
1.050000e-06	-3.295186e-09	-1.231408e-08	-2.786673e+01	-3.190794e+02
1.060000e-06	-3.275271e-09	-1.225701e-08	-2.769831e+01	-3.178772e+02
1.070000e-06	-3.255297e-09	-1.220456e-08	-2.752939e+01	-3.166682e+02
1.080000e-06	-3.235245e-09	-1.216727e-08	-2.735982e+01	-3.154539e+02
1.090000e-06	-3.215115e-09	-1.213430e-08	-2.718958e+01	-3.142352e+02
1.100000e-06	-3.194893e-09	-1.209520e-08	-2.701856e+01	-3.130123e+02
1.110000e-06	-3.174575e-09	-1.205697e-08	-2.684674e+01	-3.117847e+02
1.120000e-06	-3.154148e-09	-1.201780e-08	-2.667399e+01	-3.105512e+02
1.130000e-06	-3.133567e-09	-1.196617e-08	-2.649994e+01	-3.093099e+02
1.140000e-06	-3.112796e-09	-1.190140e-08	-2.632428e+01	-3.080587e+02
1.150000e-06	-3.091859e-09	-1.183722e-08	-2.614723e+01	-3.067952e+02
1.160000e-06	-3.070769e-09	-1.178434e-08	-2.596887e+01	-3.055176e+02
1.170000e-06	-3.049513e-09	-1.174306e-08	-2.578912e+01	-3.042243e+02
1.180000e-06	-3.028102e-09	-1.170940e-08	-2.560804e+01	-3.029149e+02
1.190000e-06	-3.006530e-09	-1.167621e-08	-2.542562e+01	-3.015896e+02
1.200000e-06	-2.984811e-09	-1.163978e-08	-2.524194e+01	-3.002495e+02
1.210000e-06	-2.962988e-09	-1.159448e-08	-2.505739e+01	-2.988966e+02
1.220000e-06	-2.941084e-09	-1.153424e-08	-2.487216e+01	-2.975332e+02
1.230000e-06	-2.919073e-09	-1.146215e-08	-2.468601e+01	-2.961619e+02
1.240000e-06	-2.896942e-09	-1.139296e-08	-2.449886e+01	-2.947851e+02
1.250000e-06	-2.874689e-09	-1.134078e-08	-2.431067e+01	-2.934047e+02
1.260000e-06	-2.852312e-09	-1.130085e-08	-2.412143e+01	-2.920219e+02
1.270000e-06	-2.829804e-09	-1.126058e-08	-2.393108e+01	-2.906371e+02
1.280000e-06	-2.807135e-09	-1.121729e-08	-2.373937e+01	-2.892497e+02
1.290000e-06	-2.784337e-09	-1.117050e-08	-2.354658e+01	-2.878585e+02
1.300000e-06	-2.761420e-09	-1.111610e-08	-2.335277e+01	-2.864615e+02
1.310000e-06	-2.738379e-09	-1.105549e-08	-2.315791e+01	-2.850566e+02
1.320000e-06	-2.715200e-09	-1.099352e-08	-2.296190e+01	-2.836417e+02
1.330000e-06	-2.691865e-09	-1.093197e-08	-2.276456e+01	-2.822150e+02
1.340000e-06	-2.668414e-09	-1.087345e-08	-2.256624e+01	-2.807752e+02
1.350000e-06	-2.644855e-09	-1.082060e-08	-2.236700e+01	-2.793219e+02
1.360000e-06	-2.621197e-09	-1.077076e-08	-2.216693e+01	-2.778553e+02
1.370000e-06	-2.597468e-09	-1.071903e-08	-2.196626e+01	-2.763763e+02
1.380000e-06	-2.573663e-09	-1.066536e-08	-2.176494e+01	-2.748866e+02
1.390000e-06	-2.549781e-09	-1.060771e-08	-2.156298e+01	-2.733879e+02
1.400000e-06	-2.525837e-09	-1.054266e-08	-2.136049e+01	-2.718820e+02
1.410000e-06	-2.501827e-09	-1.047888e-08	-2.115744e+01	-2.703705e+02
1.420000e-06	-2.477725e-09	-1.042286e-08	-2.095362e+01	-2.688545e+02
1.430000e-06	-2.453549e-09	-1.036684e-08	-2.074917e+01	-2.673345e+02
1.440000e-06	-2.429304e-09	-1.030597e-08	-2.054413e+01	-2.658102e+02
1.450000e-06	-2.404969e-09	-1.024407e-08	-2.033833e+01	-2.642810e+02
1.460000e-06	-2.380542e-09	-1.018262e-08	-2.013175e+01	-2.627456e+02
1.470000e-06	-2.356019e-09	-1.012303e-08	-1.992437e+01	-2.612024e+02
1.480000e-06	-2.331394e-09	-1.006603e-08	-1.971612e+01	-2.596499e+02
1.490000e-06	-2.306636e-09	-1.000751e-08	-1.950674e+01	-2.580867e+02
1.500000e-06	-2.281711e-09	-9.948849e-09	-1.929596e+01	-2.565117e+02
1.510000e-06	-2.256627e-09	-9.892948e-09	-1.908383e+01	-2.549244e+02
1.520000e-06	-2.231403e-09	-9.832059e-09	-1.887052e+01	-2.533251e+02
1.530000e-06	-2.206026e-09	-9.761866e-09	-1.865591e+01	-2.517141e+02
1.540000e-06	-2.180464e-09	-9.691037e-09	-1.843973e+01	-2.500927e+02
1.550000e-06	-2.154714e-09	-9.624528e-09	-1.822197e+01	-2.484621e+02
1.560000e-06	-2.128779e-09	-9.559851e-09	-1.800264e+01	-2.468236e+02
1.570000e-06	-2.102645e-09	-9.499867e-09	-1.778164e+01	-2.451784e+02
1.580000e-06	-2.076331e-09	-9.445194e-09	-1.755910e+01	-2.435275e+02
1.590000e-06	-2.049828e-09	-9.386625e-09	-1.733498e+01	-2.418714e+02
1.600000e-06	-2.023146e-09	-9.322682e-09	-1.710933e+01	-2.402101e+02
1.610000e-06	-1.996327e-09	-9.258986e-09	-1.688253e+01	-2.385431e+02
1.620000e-06	-1.969375e-09	-9.192333e-09	-1.665460e+01	-2.368699e+02
1.630000e-06	-1.942296e-09	-9.121036e-09	-1.642560e+01	-2.351892e+02
1.640000e-06	-1.915099e-09	-9.051354e-09	-1.619560e+01	-2.335001e+02
1.650000e-06	-1.887787e-09	-8.983349e-09	-1.596462e+01	-2.318017e+02
1.660000e-06	-1.860355e-09	-8.915494e-09	-1.573264e+01	-2.300931e+02
1.670000e-06	-1.832826e-09	-8.852335e-09	-1.549983e+01	-2.283739e+02
1.680000e-06	-1.805242e-09	-8.794111e-09	-1.526656e+01	-2.266441e+02
1.690000e-06	-1.777613e-09	-8.733514e-09	-1.503291e+01	-2.249040e+02
1.700000e-06	-1.749930e-09	-8.666913e-09	-1.479880e+01	-2.231541e+02
1.710000e-06	-1.722176e-09	-8.601288e-09	-1.456409e+01	-2.213952e+02
1.720000e-06	-1.694373e-09	-8.536442e-09	-1.432896e+01	-2.196282e+02
1.730000e-06	-1.666545e-09	-8.462610e-09	-1.409362e+01	-2.178537e+02
1.740000e-06	-1.638681e-09	-8.383109e-09	-1.385798e+01	-2.160726e+02
1.750000e-06	-1.610780e-09	-8.310882e-09	-1.362203e+01	-2.142851e+02
1.760000e-06	-1.582840e-09	-8.246923e-09	-1.338575e+01	-2.124916e+02
1.770000e-06	-1.554873e-09	-8.183781e-09	-1.314924e+01	-2.106920e+02
1.780000e-06	-1.526883e-09	-8.120433e-09	-1.291252e+01	-2.088859e+02
1.790000e-06	-1.498855e-09	-8.053993e-09	-1.267550e+01	-2.070732e+02
1.800000e-06	-1.470795e-09	-7.982370e-09	-1.243820e+01	-2.052534e+02
1.810000e-06	-1.442702e-09	-7.911049e-09	-1.220062e+01	-2.034262e+02
1.820000e-06	-1.414583e-09	-7.841335e-09	-1.196283e+01	-2.015914e+02
1.830000e-06	-1.386435e-09	-7.769869e-09	-1.172479e+01	-1.997489e+02
1.840000e-06	-1.358247e-09	-7.695690e-09	-1.148640e+01	-1.978988e+02
1.850000e-06	-1.330013e-09	-7.621295e-09	-1.124763e+01	-1.960415e+02
1.860000e-06	-1.301704e-09	-7.548560e-09	-1.100823e+01	-1.941772e+02
1.870000e-06	-1.273343e-09	-7.476975e-09	-1.076839e+01	-1.923064e+02
1.880000e-06	-1.244954e-09	-7.405337e-09	-1.052831e+01	-1.904295e+02
1.890000e-06	-1.216512e-09	-7.334949e-09	-1.028778e+01	-1.885469e+02
1.900000e-06	-1.188019e-09	-7.270189e-09	-1.004682e+01	-1.866587e+02
1.910000e-06	-1.159478e-09	-7.206509e-09	-9.805453e+00	-1.847651e+02
1.920000e-06	-1.130884e-09	-7.133820e-09	-9.563641e+00	-1.828659e+02
1.930000e-06	-1.102236e-09	-7.050706e-09	-9.321367e+00	-1.809609e+02
1.940000e-06	-1.073556e-09	-6.964441e-09	-9.078825e+00	-1.790496e+02
1.950000e-06	-1.044810e-09	-6.882788e-09	-8.835732e+00	-1.771317e+02
1.960000e-06	-1.015975e-09	-6.807913e-09	-8.591874e+00	-1.752065e+02
1.970000e-06	-9.870851e-10	-6.739773e-09	-8.347561e+00	-1.732736e+02
1.980000e-06	-9.581414e-10	-6.675022e-09	-8.102791e+00	-1.713324e+02
1.990000e-06	-9.291302e-10	-6.608967e-09	-7.857448e+00	-1.693824e+02
2.000000e-06	-9.000671e-10	-6.540178e-09	-7.611667e+00	-1.674233e+02
2.010000e-06	-8.709739e-10	-6.464196e-09	-7.365632e+00	-1.654548e+02
2.020000e-06	-8.418359e-10	-6.376238e-09	-7.119218e+00	-1.634766e+02
2.030000e-06	-8.126343e-10	-6.284845e-09	-6.872266e+00	-1.614888e+02
2.040000e-06	-7.833921e-10	-6.204187e-09	-6.624970e+00	-1.594912e+02
2.050000e-06	-7.541171e-10	-6.131863e-09	-6.377397e+00	-1.574842e+02
2.060000e-06	-7.248026e-10	-6.057094e-09	-6.129491e+00	-1.554679e+02
2.070000e-06	-6.954628e-10	-5.978181e-09	-5.881369e+00	-1.534427e+02
2.080000e-06	-6.660886e-10	-5.900135e-09	-5.632957e+00	-1.514090e+02
2.090000e-06	-6.366704e-10	-5.826459e-09	-5.384173e+00	-1.493672e+02
2.100000e-06	-6.072401e-10	-5.750548e-09	-5.135287e+00	-1.473177e+02
2.110000e-06	-5.777825e-10	-5.664179e-09	-4.886170e+00	-1.452608e+02
2.120000e-06	-5.482914e-10	-5.573881e-09	-4.636770e+00	-1.431965e+02
2.130000e-06	-5.187870e-10	-5.492597e-09	-4.387257e+00	-1.411250e+02
2.140000e-06	-4.892548e-10	-5.418219e-09	-4.137509e+00	-1.390460e+02
2.150000e-06	-4.597084e-10	-5.338518e-09	-3.887640e+00	-1.369588e+02
2.160000e-06	-4.301508e-10	-5.251372e-09	-3.637678e+00	-1.348627e+02
2.170000e-06	-4.005751e-10	-5.165121e-09	-3.387562e+00	-1.327568e+02
2.180000e-06	-3.709843e-10	-5.084031e-09	-3.137318e+00	-1.306400e+02
2.190000e-06	-3.413751e-10	-5.002761e-09	-2.886919e+00	-1.285112e+02
2.200000e-06	-3.117394e-10	-4.916411e-09	-2.636295e+00	-1.263696e+02
2.210000e-06	-2.821092e-10	-4.830234e-09	-2.385718e+00	-1.242143e+02
2.220000e-06	-2.524751e-10	-4.751201e-09	-2.135108e+00	-1.220451e+02
2.230000e-06	-2.228107e-10	-4.673804e-09	-1.884242e+00	-1.198620e+02
2.240000e-06	-1.931313e-10	-4.586670e-09	-1.633250e+00	-1.176656e+02
2.250000e-06	-1.634319e-10	-4.488667e-09	-1.382087e+00	-1.154568e+02
2.260000e-06	-1.337112e-10	-4.391226e-09	-1.130745e+00	-1.132368e+02
2.270000e-06	-1.039970e-10	-4.302895e-09	-8.794573e-01	-1.110074e+02
2.280000e-06	-7.430556e-11	-4.221095e-09	-6.283626e-01	-1.087699e+02
2.290000e-06	-4.461877e-11	-4.140255e-09	-3.773072e-01	-1.065261e+02
2.300000e-06	-1.492920e-11	-4.056105e-09	-1.262284e-01	-1.042770e+02
2.310000e-06	1.475584e-11	-3.970282e-09	1.248123e-01	-1.020234e+02
2.320000e-06	4.445805e-11	-3.883571e-09	3.759982e-01	-9.976567e+01
2.330000e-06	7.416169e-11	-3.792595e-09	6.271962e-01	-9.750347e+01
2.340000e-06	1.038382e-10	-3.699642e-09	8.781650e-01	-9.523599e+01
2.350000e-06	1.335072e-10	-3.608701e-09	1.129070e+00	-9.296201e+01
2.360000e-06	1.631746e-10	-3.521960e-09	1.379962e+00	-9.068002e+01
2.370000e-06	1.928399e-10	-3.436268e-09	1.630835e+00	-8.838841e+01
2.380000e-06	2.225187e-10	-3.346823e-09	1.881823e+00	-8.608565e+01
2.390000e-06	2.522009e-10	-3.254768e-09	2.132840e+00	-8.377051e+01
2.400000e-06	2.818590e-10	-3.163117e-09	2.383652e+00	-8.144212e+01
2.410000e-06	3.114874e-10	-3.074391e-09	2.634214e+00	-7.910007e+01
2.420000e-06	3.411041e-10	-2.985357e-09	2.884677e+00	-7.674443e+01
2.430000e-06	3.707340e-10	-2.894537e-09	3.135252e+00	-7.437567e+01
2.440000e-06	4.003569e-10	-2.803966e-09	3.385767e+00	-7.199456e+01
2.450000e-06	4.299420e-10	-2.712187e-09	3.635962e+00	-6.960199e+01
2.460000e-06	4.595087e-10	-2.617320e-09	3.886003e+00	-6.719885e+01
2.470000e-06	4.890651e-10	-2.518046e-09	4.135956e+00	-6.478583e+01
2.480000e-06	5.185908e-10	-2.418823e-09	4.385648e+00	-6.236332e+01
2.490000e-06	5.480868e-10	-2.325338e-09	4.635090e+00	-5.993137e+01
2.500000e-06	5.775420e-10	-2.238069e-09	4.884188e+00	-5.748965e+01
2.510000e-06	6.069623e-10	-2.151091e-09	5.132989e+00	-5.503751e+01
2.520000e-06	6.363520e-10	-2.060370e-09	5.381532e+00	-5.257410e+01
2.530000e-06	6.656950e-10	-1.965936e-09	5.629679e+00	-5.009848e+01
2.540000e-06	6.950185e-10	-1.864829e-09	5.877662e+00	-4.760978e+01
2.550000e-06	7.243300e-10	-1.758900e-09	6.125545e+00	-4.510733e+01
2.560000e-06	7.535905e-10	-1.656172e-09	6.372994e+00	-4.259073e+01
2.570000e-06	7.827909e-10	-1.559134e-09	6.619936e+00	-4.005988e+01
2.580000e-06	8.119526e-10	-1.460770e-09	6.866551e+00	-3.751501e+01
2.590000e-06	8.410882e-10	-1.361733e-09	7.112944e+00	-3.495654e+01
2.600000e-06	8.701840e-10	-1.267865e-09	7.359002e+00	-3.238502e+01
2.610000e-06	8.992184e-10	-1.173990e-09	7.604541e+00	-2.980097e+01
2.620000e-06	9.281914e-10	-1.071957e-09	7.849559e+00	-2.720479e+01
2.630000e-06	9.571127e-10	-9.641395e-10	8.094141e+00	-2.459659e+01
2.640000e-06	9.859841e-10	-8.613835e-10	8.338300e+00	-2.197623e+01
2.650000e-06	1.014830e-09	-7.627111e-10	8.582241e+00	-1.934324e+01
2.660000e-06	1.043644e-09	-6.587716e-10	8.825913e+00	-1.669696e+01
2.670000e-06	1.072374e-09	-5.484901e-10	9.068878e+00	-1.403661e+01
2.680000e-06	1.101029e-09	-4.370045e-10	9.311213e+00	-1.136145e+01
2.690000e-06	1.129634e-09	-3.280950e-10	9.553115e+00	-8.670968e+00
2.700000e-06	1.158198e-09	-2.214691e-10	9.794674e+00	-5.964997e+00
2.710000e-06	1.186712e-09	-1.187096e-10	1.003581e+01	-3.243828e+00
2.720000e-06	1.215170e-09	-2.001159e-11	1.027647e+01	-5.082514e-01
2.730000e-06	1.243576e-09	8.139629e-11	1.051670e+01	2.240479e+00
2.740000e-06	1.271917e-09	1.899856e-10	1.075638e+01	5.000747e+00
2.750000e-06	1.300207e-09	3.030833e-10	1.099562e+01	7.770732e+00
2.760000e-06	1.328452e-09	4.192222e-10	1.123448e+01	1.054861e+01
2.770000e-06	1.356655e-09	5.364116e-10	1.147299e+01	1.333275e+01
2.780000e-06	1.384825e-09	6.490246e-10	1.171121e+01	1.612191e+01
2.790000e-06	1.412959e-09	7.584822e-10	1.194914e+01	1.891534e+01
2.800000e-06	1.441060e-09	8.651803e-10	1.218678e+01	2.171284e+01
2.810000e-06	1.469128e-09	9.669187e-10	1.242415e+01	2.451476e+01
2.820000e-06	1.497173e-09	1.069300e-09	1.266133e+01	2.732185e+01
2.830000e-06	1.525194e-09	1.178077e-09	1.289829e+01	3.013513e+01
2.840000e-06	1.553182e-09	1.292079e-09	1.313498e+01	3.295563e+01
2.850000e-06	1.581144e-09	1.407965e-09	1.337145e+01	3.578422e+01
2.860000e-06	1.609079e-09	1.526686e-09	1.360769e+01	3.862140e+01
2.870000e-06	1.636990e-09	1.648957e-09	1.384373e+01	4.146718e+01
2.880000e-06	1.664874e-09	1.769460e-09	1.407954e+01	4.432100e+01
2.890000e-06	1.692722e-09	1.879094e-09	1.431504e+01	4.718181e+01
2.900000e-06	1.720528e-09	1.977481e-09	1.455019e+01	5.004819e+01
2.910000e-06	1.748302e-09	2.076972e-09	1.478507e+01	5.291850e+01
2.920000e-06	1.776025e-09	2.182620e-09	1.501952e+01	5.579118e+01
2.930000e-06	1.803667e-09	2.290721e-09	1.525329e+01	5.866491e+01
2.940000e-06	1.831233e-09	2.407015e-09	1.548640e+01	6.153885e+01
2.950000e-06	1.858722e-09	2.535442e-09	1.571888e+01	6.441277e+01
2.960000e-06	1.886111e-09	2.663743e-09	1.595050e+01	6.728705e+01
2.970000e-06	1.913375e-09	2.779578e-09	1.618106e+01	7.016266e+01
2.980000e-06	1.940526e-09	2.885693e-09	1.641068e+01	7.304099e+01
2.990000e-06	1.967521e-09	2.989093e-09	1.663897e+01	7.592362e+01
3.000000e-06	1.994357e-09	3.091644e-09	1.686591e+01	7.881207e+01
3.010000e-06	2.021053e-09	3.195063e-09	1.709167e+01	8.170753e+01
3.020000e-06	2.047594e-09	3.304946e-09	1.731613e+01	8.461062e+01
3.030000e-06	2.073949e-09	3.426274e-09	1.753900e+01	8.752131e+01
3.040000e-06	2.100118e-09	3.552500e-09	1.776030e+01	9.043882e+01
3.050000e-06	2.126133e-09	3.670439e-09	1.798031e+01	9.336172e+01
3.060000e-06	2.151973e-09	3.778554e-09	1.819883e+01	9.628809e+01
3.070000e-06	2.177614e-09	3.885806e-09	1.841568e+01	9.921581e+01
3.080000e-06	2.203068e-09	3.996938e-09	1.863094e+01	1.021428e+02
3.090000e-06	2.228352e-09	4.113215e-09	1.884475e+01	1.050673e+02
3.100000e-06	2.253478e-09	4.233113e-09	1.905724e+01	1.079882e+02
3.110000e-06	2.278458e-09	4.349408e-09	1.926849e+01	1.109052e+02
3.120000e-06	2.303277e-09	4.459024e-09	1.947838e+01	1.138188e+02
3.130000e-06	2.327962e-09	4.566533e-09	1.968714e+01	1.167300e+02
3.140000e-06	2.352523e-09	4.676307e-09	1.989484e+01	1.196407e+02
3.150000e-06	2.376941e-09	4.789159e-09	2.010135e+01	1.225529e+02
3.160000e-06	2.401252e-09	4.905232e-09	2.030693e+01	1.254684e+02
3.170000e-06	2.425486e-09	5.026491e-09	2.051188e+01	1.283890e+02
3.180000e-06	2.449651e-09	5.150284e-09	2.071623e+01	1.313153e+02
3.190000e-06	2.473748e-09	5.268173e-09	2.092002e+01	1.342475e+02
3.200000e-06	2.497786e-09	5.375432e-09	2.112330e+01	1.371846e+02
3.210000e-06	2.521768e-09	5.476353e-09	2.132612e+01	1.401247e+02
3.220000e-06	2.545679e-09	5.580669e-09	2.152832e+01	1.430654e+02
3.230000e-06	2.569508e-09	5.694317e-09	2.172985e+01	1.460038e+02
3.240000e-06	2.593263e-09	5.814215e-09	2.193074e+01	1.489367e+02
3.250000e-06	2.616921e-09	5.934820e-09	2.213080e+01	1.518615e+02
3.260000e-06	2.640476e-09	6.056508e-09	2.233001e+01	1.547759e+02
3.270000e-06	2.663916e-09	6.176808e-09	2.252823e+01	1.576787e+02
3.280000e-06	2.687232e-09	6.286757e-09	2.272541e+01	1.605695e+02
3.290000e-06	2.710430e-09	6.386551e-09	2.292159e+01	1.634488e+02
3.300000e-06	2.733486e-09	6.488997e-09	2.311658e+01	1.663178e+02
3.310000e-06	2.756401e-09	6.601990e-09	2.331036e+01	1.691785e+02
3.320000e-06	2.779170e-09	6.718685e-09	2.350292e+01	1.720327e+02
3.330000e-06	2.801814e-09	6.831609e-09	2.369441e+01	1.748823e+02
3.340000e-06	2.824338e-09	6.942563e-09	2.388489e+01	1.777286e+02
3.350000e-06	2.846731e-09	7.056035e-09	2.407427e+01	1.805722e+02
3.360000e-06	2.869010e-09	7.172832e-09	2.426267e+01	1.834126e+02
3.370000e-06	2.891162e-09	7.285822e-09	2.445001e+01	1.862489e+02
3.380000e-06	2.913198e-09	7.392781e-09	2.463636e+01	1.890788e+02
3.390000e-06	2.935130e-09	7.502809e-09	2.482183e+01	1.919001e+02
3.400000e-06	2.956941e-09	7.617145e-09	2.500628e+01	1.947097e+02
3.410000e-06	2.978640e-09	7.725110e-09	2.518979e+01	1.975051e+02
3.420000e-06	3.000229e-09	7.824401e-09	2.537236e+01	2.002839e+02
3.430000e-06	3.021694e-09	7.926664e-09	2.555388e+01	2.030444e+02
3.440000e-06	3.043015e-09	8.037162e-09	2.573419e+01	2.057854e+02
3.450000e-06	3.064170e-09	8.150563e-09	2.591310e+01	2.085070e+02
3.460000e-06	3.085170e-09	8.261244e-09	2.609069e+01	2.112094e+02
3.470000e-06	3.105999e-09	8.368891e-09	2.626684e+01	2.138938e+02
3.480000e-06	3.126653e-09	8.474519e-09	2.644151e+01	2.165612e+02
3.490000e-06	3.147181e-09	8.575826e-09	2.661510e+01	2.192131e+02
3.500000e-06	3.167582e-09	8.672722e-09	2.678763e+01	2.218503e+02
3.510000e-06	3.187864e-09	8.765991e-09	2.695915e+01	2.244732e+02
3.520000e-06	3.208043e-09	8.858570e-09	2.712980e+01	2.270818e+02
3.530000e-06	3.228126e-09	8.956932e-09	2.729964e+01	2.296754e+02
3.540000e-06	3.248145e-09	9.062768e-09	2.746894e+01	2.322527e+02
3.550000e-06	3.268111e-09	9.168654e-09	2.763779e+01	2.348122e+02
3.560000e-06	3.288018e-09	9.268170e-09	2.780614e+01	2.373520e+02
3.570000e-06	3.307861e-09	9.367212e-09	2.797394e+01	2.398705e+02
3.580000e-06	3.327620e-09	9.470495e-09	2.814104e+01	2.423664e+02
3.590000e-06	3.347261e-09	9.569236e-09	2.830714e+01	2.448387e+02
3.600000e-06	3.366763e-09	9.655643e-09	2.847206e+01	2.472869e+02
3.610000e-06	3.386123e-09	9.739338e-09	2.863579e+01	2.497109e+02
3.620000e-06	3.405321e-09	9.830846e-09	2.879815e+01	2.521111e+02
3.630000e-06	3.424351e-09	9.926295e-09	2.895908e+01	2.544879e+02
3.640000e-06	3.443199e-09	1.001981e-08	2.911847e+01	2.568418e+02
3.650000e-06	3.461812e-09	1.011067e-08	2.927588e+01	2.591729e+02
3.660000e-06	3.480208e-09	1.020305e-08	2.943144e+01	2.614810e+02
3.670000e-06	3.498435e-09	1.029780e-08	2.958559e+01	2.637653e+02
3.680000e-06	3.516500e-09	1.038750e-08	2.973836e+01	2.660248e+02
3.690000e-06	3.534370e-09	1.046685e-08	2.988949e+01	2.682579e+02
3.700000e-06	3.552052e-09	1.054160e-08	3.003902e+01	2.704627e+02
3.710000e-06	3.569586e-09	1.062090e-08	3.018730e+01	2.726375e+02
3.720000e-06	3.587012e-09	1.070531e-08	3.033467e+01	2.747809e+02
3.730000e-06	3.604335e-09	1.078935e-08	3.048117e+01	2.768919e+02
3.740000e-06	3.621525e-09	1.086918e-08	3.062654e+01	2.789701e+02
3.750000e-06	3.638595e-09	1.094750e-08	3.077090e+01	2.810159e+02
3.760000e-06	3.655510e-09	1.102855e-08	3.091394e+01	2.830304e+02
3.770000e-06	3.672271e-09	1.110976e-08	3.105569e+01	2.850152e+02
3.780000e-06	3.688918e-09	1.118443e-08	3.119646e+01	2.869724e+02
3.790000e-06	3.705398e-09	1.125110e-08	3.133583e+01	2.889042e+02
3.800000e-06	3.721676e-09	1.131674e-08	3.147349e+01	2.908126e+02
3.810000e-06	3.737753e-09	1.138744e-08	3.160946e+01	2.926989e+02
3.820000e-06	3.753609e-09	1.146125e-08	3.174355e+01	2.945642e+02
3.830000e-06	3.769241e-09	1.153128e-08	3.187574e+01	2.964086e+02
3.840000e-06	3.784624e-09	1.159853e-08	3.200583e+01	2.982315e+02
3.850000e-06	3.799751e-09	1.167116e-08	3.213376e+01	3.000317e+02
3.860000e-06	3.814629e-09	1.174661e-08	3.225958e+01	3.018076e+02
3.870000e-06	3.829263e-09	1.181522e-08	3.238334e+01	3.035575e+02
3.880000e-06	3.843719e-09	1.187754e-08	3.250558e+01	3.052794e+02
3.890000e-06	3.858013e-09	1.194033e-08	3.262647e+01	3.069722e+02
3.900000e-06	3.872149e-09	1.200483e-08	3.274601e+01	3.086349e+02
3.910000e-06	3.886128e-09	1.206761e-08	3.286423e+01	3.102674e+02
3.920000e-06	3.899931e-09	1.212618e-08	3.298096e+01	3.118701e+02
3.930000e-06	3.913562e-09	1.218085e-08	3.309623e+01	3.134440e+02
3.940000e-06	3.927007e-09	1.223500e-08	3.320993e+01	3.149905e+02
3.950000e-06	3.940244e-09	1.229267e-08	3.332188e+01	3.165111e+02
3.960000e-06	3.953282e-09	1.235470e-08	3.343214e+01	3.180074e+02
3.970000e-06	3.966123e-09	1.241840e-08	3.354073e+01	3.194803e+02
3.980000e-06	3.978761e-09	1.247976e-08	3.364761e+01	3.209307e+02
3.990000e-06	3.991214e-09	1.253673e-08	3.375292e+01	3.223586e+02
4.000000e-06	4.003513e-09	1.258995e-08	3.385693e+01	3.237636e+02
4.010000e-06	4.015666e-09	1.263948e-08	3.395971e+01	3.251450e+02
4.020000e-06	4.027675e-09	1.268459e-08	3.406127e+01	3.265015e+02
4.030000e-06	4.039540e-09	1.272780e-08	3.416160e+01	3.278320e+02
4.040000e-06	4.051250e-09	1.277416e-08	3.426063e+01	3.291355e+02
4.050000e-06	4.062769e-09	1.282774e-08	3.435804e+01	3.304113e+02
4.060000e-06	4.074066e-09	1.288737e-08	3.445358e+01	3.316591e+02
4.070000e-06	4.085123e-09	1.294424e-08	3.454709e+01	3.328793e+02
4.080000e-06	4.095903e-09	1.298898e-08	3.463825e+01	3.340726e+02
4.090000e-06	4.106371e-09	1.302413e-08	3.472678e+01	3.352401e+02
4.100000e-06	4.116488e-09	1.306284e-08	3.481233e+01	3.363833e+02
4.110000e-06	4.126290e-09	1.310741e-08	3.489523e+01	3.375034e+02
4.120000e-06	4.135790e-09	1.314819e-08	3.497556e+01	3.386017e+02
4.130000e-06	4.144941e-09	1.318477e-08	3.505296e+01	3.396790e+02
4.140000e-06	4.153804e-09	1.322793e-08	3.512790e+01	3.407358e+02
4.150000e-06	4.162436e-09	1.327760e-08	3.520090e+01	3.417720e+02
4.160000e-06	4.170862e-09	1.331933e-08	3.527216e+01	3.427873e+02
4.170000e-06	4.179125e-09	1.335179e-08	3.534205e+01	3.437812e+02
4.180000e-06	4.187271e-09	1.338532e-08	3.541093e+01	3.447529e+02
4.190000e-06	4.195316e-09	1.342336e-08	3.547897e+01	3.457018e+02
4.200000e-06	4.203252e-09	1.346550e-08	3.554608e+01	3.466274e+02
4.210000e-06	4.211076e-09	1.350554e-08	3.561224e+01	3.475296e+02
4.220000e-06	4.218785e-09	1.353224e-08	3.567743e+01	3.484085e+02
4.230000e-06	4.226347e-09	1.355369e-08	3.574139e+01	3.492648e+02
4.240000e-06	4.233739e-09	1.358843e-08	3.580390e+01	3.500989e+02
4.250000e-06	4.240942e-09	1.362922e-08	3.586481e+01	3.509116e+02
4.260000e-06	4.247941e-09	1.365920e-08	3.592400e+01	3.517036e+02
4.270000e-06	4.254716e-09	1.368245e-08	3.598130e+01	3.524751e+02
4.280000e-06	4.261297e-09	1.370948e-08	3.603695e+01	3.532260e+02
4.290000e-06	4.267692e-09	1.373666e-08	3.609103e+01	3.539561e+02
4.300000e-06	4.273890e-09	1.375885e-08	3.614345e+01	3.546647e+02
4.310000e-06	4.279925e-09	1.378162e-08	3.619448e+01	3.553508e+02
4.320000e-06	4.285797e-09	1.380980e-08	3.624414e+01	3.560136e+02
4.330000e-06	4.291481e-09	1.384106e-08	3.629221e+01	3.566525e+02
4.340000e-06	4.296966e-09	1.386861e-08	3.633860e+01	3.572671e+02
4.350000e-06	4.302246e-09	1.388733e-08	3.638325e+01	3.578577e+02
4.360000e-06	4.307304e-09	1.389776e-08	3.642602e+01	3.584251e+02
4.370000e-06	4.312140e-09	1.390601e-08	3.646692e+01	3.589707e+02
4.380000e-06	4.316787e-09	1.392310e-08	3.650622e+01	3.594963e+02
4.390000e-06	4.321259e-09	1.394988e-08	3.654404e+01	3.600038e+02
4.400000e-06	4.325572e-09	1.397535e-08	3.658051e+01	3.604950e+02
4.410000e-06	4.329754e-09	1.399446e-08	3.661588e+01	3.609713e+02
4.420000e-06	4.333814e-09	1.401067e-08	3.665021e+01	3.614334e+02
4.430000e-06	4.337772e-09	1.402854e-08	3.668369e+01	3.618814e+02
4.440000e-06	4.341634e-09	1.404222e-08	3.671634e+01	3.623141e+02
4.450000e-06	4.345400e-09	1.404236e-08	3.674819e+01	3.627298e+02
4.460000e-06	4.349037e-09	1.403882e-08	3.677895e+01	3.631264e+02
4.470000e-06	4.352492e-09	1.405009e-08	3.680816e+01	3.635011e+02
4.480000e-06	4.355721e-09	1.407629e-08	3.683547e+01	3.638519e+02
4.490000e-06	4.358696e-09	1.410262e-08	3.686063e+01	3.641769e+02
4.500000e-06	4.361395e-09	1.412183e-08	3.688346e+01	3.644756e+02
4.510000e-06	4.363787e-09	1.413591e-08	3.690369e+01	3.647484e+02
4.520000e-06	4.365853e-09	1.414361e-08	3.692116e+01	3.649972e+02
4.530000e-06	4.367570e-09	1.414147e-08	3.693568e+01	3.652251e+02
4.540000e-06	4.368936e-09	1.413042e-08	3.694723e+01	3.654358e+02
4.550000e-06	4.369978e-09	1.412168e-08	3.695604e+01	3.656338e+02
4.560000e-06	4.370752e-09	1.412816e-08	3.696259e+01	3.658234e+02
4.570000e-06	4.371305e-09	1.414951e-08	3.696726e+01	3.660081e+02
4.580000e-06	4.371671e-09	1.417395e-08	3.697036e+01	3.661902e+02
4.590000e-06	4.371906e-09	1.418814e-08	3.697234e+01	3.663707e+02
4.600000e-06	4.372018e-09	1.419205e-08	3.697329e+01	3.665487e+02
4.610000e-06	4.372005e-09	1.419371e-08	3.697318e+01	3.667216e+02
4.620000e-06	4.371881e-09	1.418883e-08	3.697213e+01	3.668856e+02
4.630000e-06	4.371642e-09	1.417642e-08	3.697011e+01	3.670360e+02
4.640000e-06	4.371270e-09	1.417046e-08	3.696696e+01	3.671681e+02
4.650000e-06	4.370729e-09	1.417614e-08	3.696239e+01	3.672774e+02
4.660000e-06	4.370012e-09	1.420177e-08	3.695632e+01	3.673611e+02
4.670000e-06	4.369107e-09	1.425571e-08	3.694867e+01	3.674179e+02
4.680000e-06	4.367972e-09	1.426149e-08	3.693907e+01	3.674487e+02
4.690000e-06	4.366616e-09	1.414564e-08	3.692760e+01	3.674565e+02
4.700000e-06	4.365047e-09	1.410613e-08	3.691434e+01	3.674462e+02
4.710000e-06	4.363256e-09	1.432198e-08	3.689919e+01	3.674243e+02
4.720000e-06	4.361244e-09	1.439885e-08	3.688218e+01	3.673977e+02
4.730000e-06	4.359056e-09	1.411544e-08	3.686367e+01	3.673731e+02
4.740000e-06	4.356725e-09	1.404174e-08	3.684396e+01	3.673564e+02
4.750000e-06	4.354238e-09	1.434335e-08	3.682292e+01	3.673516e+02
4.760000e-06	4.351567e-09	1.439943e-08	3.680033e+01	3.673604e+02
4.770000e-06	4.348702e-09	1.412285e-08	3.677611e+01	3.673819e+02
4.780000e-06	4.345649e-09	1.410956e-08	3.675029e+01	3.674129e+02
4.790000e-06	4.342420e-09	1.438951e-08	3.672298e+01	3.674481e+02
4.800000e-06	4.338998e-09	1.437759e-08	3.669405e+01	3.674809e+02
4.810000e-06	4.335391e-09	1.410788e-08	3.666354e+01	3.675041e+02
4.820000e-06	4.331637e-09	1.415563e-08	3.663179e+01	3.675111e+02
4.830000e-06	4.327753e-09	1.436830e-08	3.659895e+01	3.674966e+02
4.840000e-06	4.323777e-09	1.422500e-08	3.656532e+01	3.674576e+02
4.850000e-06	4.319718e-09	1.403335e-08	3.653100e+01	3.673933e+02
4.860000e-06	4.315564e-09	1.422439e-08	3.649586e+01	3.673060e+02
4.870000e-06	4.311265e-09	1.433605e-08	3.645951e+01	3.672003e+02
4.880000e-06	4.306784e-09	1.405346e-08	3.642161e+01	3.670829e+02
4.890000e-06	4.302096e-09	1.397970e-08	3.638197e+01	3.669619e+02
4.900000e-06	4.297183e-09	1.430446e-08	3.634042e+01	3.668455e+02
4.910000e-06	4.291996e-09	1.434704e-08	3.629656e+01	3.667415e+02
4.920000e-06	4.286458e-09	1.407155e-08	3.624972e+01	3.666562e+02
4.930000e-06	4.280543e-09	1.413388e-08	3.619970e+01	3.665939e+02
4.940000e-06	4.274249e-09	1.433638e-08	3.614647e+01	3.665565e+02
4.950000e-06	4.267613e-09	1.415517e-08	3.609035e+01	3.665433e+02
4.960000e-06	4.260688e-09	1.407266e-08	3.603179e+01	3.665516e+02
4.970000e-06	4.253489e-09	1.441070e-08	3.597091e+01	3.665766e+02
4.980000e-06	4.246036e-09	1.449169e-08	3.590788e+01	3.666128e+02
4.990000e-06	4.238382e-09	1.422495e-08	3.584315e+01	3.666541e+02
5.000000e-06	4.230578e-09	1.429647e-08	3.577715e+01	3.666949e+02
5.010000e-06	4.222660e-09	1.450516e-08	3.571020e+01	3.667305e+02
5.020000e-06	4.214645e-09	1.431126e-08	3.564241e+01	3.667576e+02
5.030000e-06	4.206533e-09	1.423901e-08	3.557380e+01	3.667741e+02
5.040000e-06	4.198322e-09	1.456381e-08	3.550437e+01	3.667795e+02
5.050000e-06	4.189976e-09	1.456711e-08	3.543379e+01	3.667740e+02
5.060000e-06	4.181466e-09	1.432306e-08	3.536182e+01	3.667580e+02
5.070000e-06	4.172798e-09	1.448821e-08	3.528851e+01	3.667319e+02
5.080000e-06	4.163936e-09	1.460118e-08	3.521357e+01	3.666953e+02
5.090000e-06	4.154861e-09	1.429510e-08	3.513682e+01	3.666464e+02
5.100000e-06	4.145559e-09	1.427754e-08	3.505816e+01	3.665820e+02
5.110000e-06	4.136040e-09	1.449998e-08	3.497766e+01	3.664974e+02
5.120000e-06	4.126337e-09	1.429369e-08	3.489560e+01	3.663865e+02
5.130000e-06	4.116468e-09	1.415381e-08	3.481215e+01	3.662427e+02
5.140000e-06	4.106453e-09	1.444116e-08	3.472745e+01	3.660587e+02
5.150000e-06	4.096268e-09	1.440885e-08	3.464132e+01	3.658281e+02
5.160000e-06	4.085908e-09	1.417249e-08	3.455371e+01	3.655453e+02
5.170000e-06	4.075367e-09	1.438438e-08	3.446456e+01	3.652065e+02
5.180000e-06	4.064623e-09	1.449602e-08	3.437370e+01	3.648098e+02
5.190000e-06	4.053670e-09	1.422942e-08	3.428107e+01	3.643556e+02
5.200000e-06	4.042512e-09	1.428702e-08	3.418671e+01	3.638463e+02
5.210000e-06	4.031137e-09	1.445245e-08	3.409052e+01	3.632860e+02
5.220000e-06	4.019568e-09	1.426384e-08	3.399268e+01	3.626804e+02
5.230000e-06	4.007820e-09	1.420321e-08	3.389333e+01	3.620355e+02
5.240000e-06	3.995886e-09	1.430601e-08	3.379240e+01	3.613577e+02
5.250000e-06	3.983792e-09	1.420522e-08	3.369012e+01	3.606527e+02
5.260000e-06	3.971542e-09	1.411662e-08	3.358653e+01	3.599255e+02
5.270000e-06	3.959109e-09	1.416144e-08	3.348138e+01	3.591800e+02
5.280000e-06	3.946460e-09	1.413980e-08	3.337442e+01	3.584186e+02
5.290000e-06	3.933586e-09	1.407797e-08	3.326555e+01	3.576428e+02
5.300000e-06	3.920465e-09	1.405642e-08	3.315458e+01	3.568533e+02
5.310000e-06	3.907060e-09	1.403398e-08	3.304122e+01	3.560498e+02
5.320000e-06	3.893333e-09	1.399906e-08	3.292513e+01	3.552324e+02
5.330000e-06	3.879260e-09	1.393828e-08	3.280612e+01	3.544009e+02
5.340000e-06	3.864870e-09	1.389757e-08	3.268443e+01	3.535555e+02
5.350000e-06	3.850156e-09	1.389544e-08	3.255999e+01	3.526970e+02
5.360000e-06	3.835144e-09	1.384894e-08	3.243304e+01	3.518266e+02
5.370000e-06	3.819913e-09	1.379974e-08	3.230423e+01	3.509458e+02
5.380000e-06	3.804463e-09	1.380317e-08	3.217358e+01	3.500562e+02
5.390000e-06	3.788809e-09	1.377188e-08	3.204119e+01	3.491591e+02
5.400000e-06	3.773007e-09	1.370107e-08	3.190756e+01	3.482556e+02
5.410000e-06	3.757118e-09	1.367313e-08	3.177319e+01	3.473460e+02
5.420000e-06	3.741151e-09	1.364744e-08	3.163815e+01	3.464298e+02
5.430000e-06	3.725089e-09	1.358940e-08	3.150233e+01	3.455060e+02
5.440000e-06	3.708948e-09	1.355226e-08	3.136582e+01	3.445729e+02
5.450000e-06	3.692710e-09	1.352949e-08	3.122850e+01	3.436282e+02
5.460000e-06	3.676349e-09	1.348668e-08	3.109014e+01	3.426700e+02
5.470000e-06	3.659824e-09	1.344032e-08	3.095039e+01	3.416962e+02
5.480000e-06	3.643121e-09	1.341290e-08	3.080913e+01	3.407056e+02
5.490000e-06	3.626236e-09	1.337757e-08	3.066634e+01	3.396976e+02
5.500000e-06	3.609162e-09	1.332599e-08	3.052195e+01	3.386723e+02
5.510000e-06	3.591910e-09	1.328915e-08	3.037605e+01	3.376309e+02
5.520000e-06	3.574470e-09	1.325485e-08	3.022857e+01	3.365750e+02
5.530000e-06	3.556875e-09	1.319889e-08	3.007977e+01	3.355069e+02
5.540000e-06	3.539166e-09	1.314310e-08	2.993001e+01	3.344287e+02
5.550000e-06	3.521321e-09	1.310731e-08	2.977910e+01	3.333426e+02
5.560000e-06	3.503329e-09	1.306694e-08	2.962694e+01	3.322501e+02
5.570000e-06	3.485211e-09	1.301933e-08	2.947372e+01	3.311523e+02
5.580000e-06	3.466953e-09	1.298393e-08	2.931931e+01	3.300492e+02
5.590000e-06	3.448555e-09	1.294861e-08	2.916373e+01	3.289404e+02
5.600000e-06	3.430019e-09	1.290079e-08	2.900697e+01	3.278248e+02
5.610000e-06	3.411324e-09	1.285000e-08	2.884887e+01	3.267010e+02
5.620000e-06	3.392455e-09	1.280379e-08	2.868930e+01	3.255674e+02
5.630000e-06	3.373403e-09	1.274864e-08	2.852818e+01	3.244229e+02
5.640000e-06	3.354175e-09	1.269196e-08	2.836557e+01	3.232665e+02
5.650000e-06	3.334788e-09	1.265284e-08	2.820162e+01	3.220981e+02
5.660000e-06	3.315254e-09	1.261543e-08	2.803643e+01	3.209182e+02
5.670000e-06	3.295605e-09	1.256587e-08	2.787025e+01	3.197278e+02
5.680000e-06	3.275855e-09	1.251446e-08	2.770323e+01	3.185285e+02
5.690000e-06	3.256000e-09	1.246661e-08	2.753532e+01	3.173218e+02
5.700000e-06	3.236077e-09	1.241617e-08	2.736684e+01	3.161092e+02
5.710000e-06	3.216106e-09	1.236686e-08	2.719794e+01	3.148920e+02
5.720000e-06	3.196064e-09	1.231990e-08	2.702845e+01	3.136706e+02
5.730000e-06	3.175959e-09	1.226925e-08	2.685843e+01	3.124447e+02
5.740000e-06	3.155790e-09	1.221824e-08	2.668786e+01	3.112134e+02
5.750000e-06	3.135527e-09	1.217124e-08	2.651650e+01	3.099750e+02
5.760000e-06	3.115155e-09	1.212194e-08	2.634422e+01	3.087274e+02
5.770000e-06	3.094649e-09	1.206344e-08	2.617081e+01	3.074683e+02
5.780000e-06	3.073976e-09	1.200616e-08	2.599598e+01	3.061957e+02
5.790000e-06	3.053107e-09	1.195663e-08	2.581949e+01	3.049080e+02
5.800000e-06	3.031995e-09	1.190950e-08	2.564095e+01	3.036042e+02
5.810000e-06	3.010619e-09	1.186085e-08	2.546018e+01	3.022843e+02
5.820000e-06	2.989012e-09	1.180730e-08	2.527746e+01	3.009492e+02
5.830000e-06	2.967175e-09	1.174774e-08	2.509278e+01	2.996005e+02
5.840000e-06	2.945082e-09	1.168591e-08	2.490595e+01	2.982405e+02
5.850000e-06	2.922740e-09	1.162573e-08	2.471701e+01	2.968717e+02
5.860000e-06	2.900177e-09	1.156093e-08	2.452620e+01	2.954966e+02
5.870000e-06	2.877424e-09	1.149725e-08	2.433378e+01	2.941173e+02
5.880000e-06	2.854479e-09	1.144931e-08	2.413974e+01	2.927353e+02
5.890000e-06	2.831333e-09	1.140937e-08	2.394400e+01	2.913513e+02
5.900000e-06	2.808021e-09	1.136331e-08	2.374685e+01	2.899649e+02
5.910000e-06	2.784557e-09	1.131038e-08	2.354843e+01	2.885752e+02
5.920000e-06	2.760937e-09	1.125363e-08	2.334867e+01	2.871804e+02
5.930000e-06	2.737211e-09	1.119013e-08	2.314803e+01	2.857785e+02
5.940000e-06	2.713419e-09	1.112001e-08	2.294682e+01	2.843673e+02
5.950000e-06	2.689544e-09	1.104966e-08	2.274492e+01	2.829449e+02
5.960000e-06	2.665594e-09	1.098724e-08	2.254237e+01	2.815097e+02
5.970000e-06	2.641582e-09	1.093762e-08	2.233931e+01	2.800611e+02
5.980000e-06	2.617524e-09	1.089756e-08	2.213586e+01	2.785991e+02
5.990000e-06	2.593398e-09	1.085895e-08	2.193182e+01	2.771243e+02
6.000000e-06	2.569194e-09	1.080829e-08	2.172714e+01	2.756382e+02
6.010000e-06	2.544914e-09	1.074210e-08	2.152180e+01	2.741425e+02
6.020000e-06	2.520555e-09	1.067352e-08	2.131581e+01	2.726389e+02
6.030000e-06	2.496137e-09	1.060224e-08	2.110930e+01	2.711292e+02
6.040000e-06	2.471618e-09	1.052465e-08	2.090195e+01	2.696146e+02
6.050000e-06	2.446992e-09	1.045952e-08	2.069370e+01	2.680960e+02
6.060000e-06	2.422272e-09	1.041580e-08	2.048464e+01	2.665732e+02
6.070000e-06	2.397436e-09	1.037535e-08	2.027461e+01	2.650459e+02
6.080000e-06	2.372476e-09	1.032502e-08	2.006353e+01	2.635127e+02
6.090000e-06	2.347368e-09	1.026544e-08	1.985120e+01	2.619724e+02
6.100000e-06	2.322127e-09	1.019647e-08	1.963774e+01	2.604233e+02
6.110000e-06	2.296770e-09	1.012456e-08	1.942330e+01	2.588639e+02
6.120000e-06	2.271330e-09	1.005856e-08	1.920816e+01	2.572931e+02
6.130000e-06	2.245817e-09	9.994549e-09	1.899239e+01	2.557101e+02
6.140000e-06	2.220194e-09	9.930754e-09	1.877571e+01	2.541150e+02
6.150000e-06	2.194470e-09	9.871614e-09	1.855817e+01	2.525080e+02
6.160000e-06	2.168661e-09	9.813022e-09	1.833991e+01	2.508901e+02
6.170000e-06	2.142766e-09	9.751650e-09	1.812092e+01	2.492626e+02
6.180000e-06	2.116770e-09	9.689778e-09	1.790107e+01	2.476267e+02
6.190000e-06	2.090672e-09	9.625349e-09	1.768036e+01	2.459837e+02
6.200000e-06	2.064471e-09	9.555989e-09	1.745878e+01	2.443347e+02
6.210000e-06	2.038180e-09	9.486053e-09	1.723644e+01	2.426804e+02
6.220000e-06	2.011829e-09	9.416512e-09	1.701360e+01	2.410209e+02
6.230000e-06	1.985391e-09	9.344586e-09	1.679002e+01	2.393560e+02
6.240000e-06	1.958854e-09	9.276345e-09	1.656560e+01	2.376850e+02
6.250000e-06	1.932219e-09	9.217066e-09	1.634036e+01	2.360070e+02
6.260000e-06	1.905474e-09	9.163334e-09	1.611418e+01	2.343210e+02
6.270000e-06	1.878640e-09	9.105573e-09	1.588724e+01	2.326260e+02
6.280000e-06	1.851703e-09	9.035086e-09	1.565945e+01	2.309210e+02
6.290000e-06	1.824644e-09	8.957919e-09	1.543062e+01	2.292056e+02
6.300000e-06	1.797495e-09	8.881252e-09	1.520103e+01	2.274795e+02
6.310000e-06	1.770284e-09	8.803263e-09	1.497091e+01	2.257429e+02
6.320000e-06	1.743001e-09	8.727250e-09	1.474017e+01	2.239964e+02
6.330000e-06	1.715618e-09	8.660583e-09	1.450861e+01	2.222406e+02
6.340000e-06	1.688146e-09	8.602957e-09	1.427628e+01	2.204763e+02
6.350000e-06	1.660609e-09	8.545249e-09	1.404340e+01	2.187043e+02
6.360000e-06	1.632996e-09	8.476211e-09	1.380989e+01	2.169254e+02
6.370000e-06	1.605313e-09	8.396110e-09	1.357577e+01	2.151401e+02
6.380000e-06	1.577583e-09	8.315177e-09	1.334127e+01	2.133487e+02
6.390000e-06	1.549802e-09	8.236829e-09	1.310633e+01	2.115511e+02
6.400000e-06	1.521973e-09	8.164204e-09	1.287099e+01	2.097473e+02
6.410000e-06	1.494110e-09	8.098700e-09	1.263536e+01	2.079370e+02
6.420000e-06	1.466209e-09	8.034206e-09	1.239940e+01	2.061197e+02
6.430000e-06	1.438269e-09	7.966888e-09	1.216312e+01	2.042951e+02
6.440000e-06	1.410287e-09	7.896135e-09	1.192647e+01	2.024630e+02
6.450000e-06	1.382270e-09	7.819867e-09	1.168954e+01	2.006232e+02
6.460000e-06	1.354244e-09	7.735673e-09	1.145253e+01	1.987758e+02
6.470000e-06	1.326206e-09	7.652286e-09	1.121541e+01	1.969210e+02
6.480000e-06	1.298132e-09	7.579572e-09	1.097800e+01	1.950591e+02
6.490000e-06	1.270029e-09	7.513587e-09	1.074034e+01	1.931906e+02
6.500000e-06	1.241909e-09	7.445223e-09	1.050253e+01	1.913159e+02
6.510000e-06	1.213749e-09	7.372368e-09	1.026438e+01	1.894352e+02
6.520000e-06	1.185546e-09	7.298742e-09	1.002588e+01	1.875490e+02
6.530000e-06	1.157333e-09	7.223585e-09	9.787290e+00	1.856573e+02
6.540000e-06	1.129100e-09	7.144211e-09	9.548526e+00	1.837601e+02
6.550000e-06	1.100828e-09	7.062695e-09	9.309436e+00	1.818571e+02
6.560000e-06	1.072522e-09	6.985762e-09	9.070052e+00	1.799481e+02
6.570000e-06	1.044181e-09	6.913963e-09	8.830379e+00	1.780326e+02
6.580000e-06	1.015800e-09	6.842290e-09	8.590368e+00	1.761101e+02
6.590000e-06	9.873853e-10	6.769368e-09	8.350071e+00	1.741799e+02
6.600000e-06	9.589309e-10	6.694855e-09	8.109437e+00	1.722416e+02
6.610000e-06	9.304195e-10	6.619439e-09	7.868322e+00	1.702948e+02
6.620000e-06	9.018453e-10	6.545470e-09	7.626676e+00	1.683388e+02
6.630000e-06	8.732304e-10	6.472238e-09	7.384685e+00	1.663736e+02
6.640000e-06	8.445882e-10	6.393407e-09	7.142463e+00	1.643987e+02
6.650000e-06	8.159071e-10	6.307685e-09	6.899914e+00	1.624142e+02
6.660000e-06	7.871745e-10	6.222362e-09	6.656929e+00	1.604200e+02
6.670000e-06	7.583853e-10	6.141275e-09	6.413464e+00	1.584162e+02
6.680000e-06	7.295398e-10	6.063180e-09	6.169524e+00	1.564031e+02
6.690000e-06	7.006577e-10	5.987596e-09	5.925274e+00	1.543809e+02
6.700000e-06	6.717636e-10	5.915794e-09	5.680924e+00	1.523501e+02
6.710000e-06	6.428442e-10	5.847284e-09	5.436358e+00	1.503111e+02
6.720000e-06	6.138752e-10	5.775177e-09	5.191374e+00	1.482643e+02
6.730000e-06	5.848643e-10	5.691312e-09	4.946035e+00	1.462099e+02
6.740000e-06	5.558179e-10	5.596468e-09	4.700397e+00	1.441483e+02
6.750000e-06	5.267085e-10	5.501480e-09	4.454225e+00	1.420794e+02
6.760000e-06	4.975328e-10	5.416695e-09	4.207493e+00	1.400030e+02
6.770000e-06	4.683179e-10	5.339039e-09	3.960430e+00	1.379188e+02
6.780000e-06	4.390649e-10	5.260810e-09	3.713045e+00	1.358259e+02
6.790000e-06	4.097648e-10	5.186172e-09	3.465260e+00	1.337235e+02
6.800000e-06	3.804329e-10	5.117840e-09	3.217207e+00	1.316105e+02
6.810000e-06	3.511194e-10	5.043002e-09	2.969309e+00	1.294860e+02
6.820000e-06	3.218213e-10	4.953602e-09	2.721542e+00	1.273488e+02
6.830000e-06	2.924811e-10	4.859902e-09	2.473419e+00	1.251983e+02
6.840000e-06	2.631013e-10	4.770809e-09	2.224960e+00	1.230338e+02
6.850000e-06	2.336808e-10	4.684280e-09	1.976158e+00	1.208555e+02
6.860000e-06	2.042132e-10	4.598245e-09	1.726957e+00	1.186635e+02
6.870000e-06	1.747241e-10	4.513340e-09	1.477575e+00	1.164589e+02
6.880000e-06	1.452299e-10	4.430546e-09	1.228149e+00	1.142427e+02
6.890000e-06	1.157143e-10	4.348351e-09	9.785426e-01	1.120164e+02
6.900000e-06	8.619712e-11	4.262921e-09	7.289225e-01	1.097816e+02
6.910000e-06	5.671830e-11	4.172208e-09	4.796271e-01	1.075399e+02
6.920000e-06	2.723241e-11	4.080723e-09	2.302720e-01	1.052926e+02
6.930000e-06	-2.285834e-12	3.993881e-09	-1.935687e-02	1.030406e+02
6.940000e-06	-3.180738e-11	3.907770e-09	-2.690140e-01	1.007843e+02
6.950000e-06	-6.130995e-11	3.816046e-09	-5.185105e-01	9.852378e+01
6.960000e-06	-9.078134e-11	3.721497e-09	-7.677425e-01	9.625825e+01
6.970000e-06	-1.202282e-10	3.631280e-09	-1.016767e+00	9.398666e+01
6.980000e-06	-1.496536e-10	3.544651e-09	-1.265610e+00	9.170758e+01
6.990000e-06	-1.790779e-10	3.457570e-09	-1.514445e+00	8.941941e+01
7.000000e-06	-2.085195e-10	3.372107e-09	-1.763426e+00	8.712061e+01
7.010000e-06	-2.379496e-10	3.288149e-09	-2.012309e+00	8.480982e+01
7.020000e-06	-2.673403e-10	3.197609e-09	-2.260860e+00	8.248605e+01
7.030000e-06	-2.967091e-10	3.098033e-09	-2.509224e+00	8.014872e+01
7.040000e-06	-3.260682e-10	2.996895e-09	-2.757508e+00	7.779775e+01
7.050000e-06	-3.554102e-10	2.899845e-09	-3.005646e+00	7.543348e+01
7.060000e-06	-3.847287e-10	2.807302e-09	-3.253585e+00	7.305658e+01
7.070000e-06	-4.140216e-10	2.719418e-09	-3.501308e+00	7.066791e+01
7.080000e-06	-4.432532e-10	2.635133e-09	-3.748514e+00	6.826838e+01
7.090000e-06	-4.724035e-10	2.548783e-09	-3.995031e+00	6.585873e+01
7.100000e-06	-5.015226e-10	2.454238e-09	-4.241285e+00	6.343949e+01
7.110000e-06	-5.306073e-10	2.351352e-09	-4.487247e+00	6.101081e+01
7.120000e-06	-5.596596e-10	2.246374e-09	-4.732936e+00	5.857249e+01
7.130000e-06	-5.886805e-10	2.145105e-09	-4.978360e+00	5.612398e+01
7.140000e-06	-6.176289e-10	2.046761e-09	-5.223170e+00	5.366450e+01
7.150000e-06	-6.465451e-10	1.949642e-09	-5.467707e+00	5.119313e+01
7.160000e-06	-6.754291e-10	1.856060e-09	-5.711973e+00	4.870898e+01
7.170000e-06	-7.042510e-10	1.764147e-09	-5.955713e+00	4.621129e+01
7.180000e-06	-7.330324e-10	1.668012e-09	-6.199111e+00	4.369956e+01
7.190000e-06	-7.617656e-10	1.566176e-09	-6.442102e+00	4.117362e+01
7.200000e-06	-7.904412e-10	1.461292e-09	-6.684605e+00	3.863355e+01
7.210000e-06	-8.190821e-10	1.358004e-09	-6.926815e+00	3.607974e+01
7.220000e-06	-8.476688e-10	1.261599e-09	-7.168567e+00	3.351269e+01
7.230000e-06	-8.761952e-10	1.169046e-09	-7.409810e+00	3.093294e+01
7.240000e-06	-9.047123e-10	1.071111e-09	-7.650974e+00	2.834092e+01
7.250000e-06	-9.332010e-10	9.674278e-10	-7.891897e+00	2.573687e+01
7.260000e-06	-9.616360e-10	8.614396e-10	-8.132366e+00	2.312070e+01
7.270000e-06	-9.900270e-10	7.536287e-10	-8.372464e+00	2.049208e+01
7.280000e-06	-1.018377e-09	6.465134e-10	-8.612218e+00	1.785040e+01
7.290000e-06	-1.046681e-09	5.435529e-10	-8.851575e+00	1.519489e+01
7.300000e-06	-1.074941e-09	4.456046e-10	-9.090563e+00	1.252482e+01
7.310000e-06	-1.103178e-09	3.514356e-10	-9.329358e+00	9.839574e+00
7.320000e-06	-1.131390e-09	2.564109e-10	-9.567945e+00	7.138867e+00
7.330000e-06	-1.159573e-09	1.536944e-10	-9.806281e+00	4.422836e+00
7.340000e-06	-1.187727e-09	4.165430e-11	-1.004438e+01	1.692104e+00
7.350000e-06	-1.215851e-09	-7.409641e-11	-1.028222e+01	-1.052224e+00
7.360000e-06	-1.243952e-09	-1.872335e-10	-1.051986e+01	-3.808643e+00
7.370000e-06	-1.272025e-09	-2.969915e-10	-1.075727e+01	-6.575389e+00
7.380000e-06	-1.300068e-09	-4.026670e-10	-1.099442e+01	-9.350626e+00
7.390000e-06	-1.328096e-09	-5.030356e-10	-1.123146e+01	-1.213265e+01
7.400000e-06	-1.356101e-09	-6.028315e-10	-1.146829e+01	-1.492007e+01
7.410000e-06	-1.384073e-09	-7.052810e-10	-1.170484e+01	-1.771197e+01
7.420000e-06	-1.412007e-09	-8.088858e-10	-1.194107e+01	-2.050798e+01
7.430000e-06	-1.439916e-09	-9.180054e-10	-1.217710e+01	-2.330825e+01
7.440000e-06	-1.467811e-09	-1.035380e-09	-1.241300e+01	-2.611343e+01
7.450000e-06	-1.495669e-09	-1.152157e-09	-1.264859e+01	-2.892444e+01
7.460000e-06	-1.523477e-09	-1.263417e-09	-1.288376e+01	-3.174235e+01
7.470000e-06	-1.551237e-09	-1.372933e-09	-1.311851e+01	-3.456808e+01
7.480000e-06	-1.578946e-09	-1.480615e-09	-1.335285e+01	-3.740227e+01
7.490000e-06	-1.606613e-09	-1.584462e-09	-1.358682e+01	-4.024509e+01
7.500000e-06	-1.634227e-09	-1.689144e-09	-1.382035e+01	-4.309619e+01
7.510000e-06	-1.661771e-09	-1.799365e-09	-1.405329e+01	-4.595466e+01
7.520000e-06	-1.689236e-09	-1.912530e-09	-1.428555e+01	-4.881921e+01
7.530000e-06	-1.716613e-09	-2.027432e-09	-1.451707e+01	-5.168824e+01
7.540000e-06	-1.743904e-09	-2.144261e-09	-1.474787e+01	-5.456016e+01
7.550000e-06	-1.771098e-09	-2.256800e-09	-1.497784e+01	-5.743353e+01
7.560000e-06	-1.798186e-09	-2.364690e-09	-1.520692e+01	-6.030737e+01
7.570000e-06	-1.825158e-09	-2.475979e-09	-1.543501e+01	-6.318120e+01
7.580000e-06	-1.852020e-09	-2.590713e-09	-1.566218e+01	-6.605522e+01
7.590000e-06	-1.878796e-09	-2.701317e-09	-1.588862e+01	-6.893020e+01
7.600000e-06	-1.905488e-09	-2.809954e-09	-1.611434e+01	-7.180741e+01
7.610000e-06	-1.932086e-09	-2.923648e-09	-1.633928e+01	-7.468838e+01
7.620000e-06	-1.958582e-09	-3.038664e-09	-1.656335e+01	-7.757466e+01
7.630000e-06	-1.984966e-09	-3.150527e-09	-1.678647e+01	-8.046758e+01
7.640000e-06	-2.011265e-09	-3.262674e-09	-1.700888e+01	-8.336797e+01
7.650000e-06	-2.037496e-09	-3.377713e-09	-1.723071e+01	-8.627603e+01
7.660000e-06	-2.063629e-09	-3.493726e-09	-1.745172e+01	-8.919121e+01
7.670000e-06	-2.089669e-09	-3.609299e-09	-1.767193e+01	-9.211230e+01
7.680000e-06	-2.115622e-09	-3.725532e-09	-1.789141e+01	-9.503755e+01
7.690000e-06	-2.141494e-09	-3.844388e-09	-1.811020e+01	-9.796485e+01
7.700000e-06	-2.167286e-09	-3.961075e-09	-1.832832e+01	-1.008921e+02
7.710000e-06	-2.193003e-09	-4.069334e-09	-1.854580e+01	-1.038174e+02
7.720000e-06	-2.218617e-09	-4.176102e-09	-1.876242e+01	-1.067395e+02
7.730000e-06	-2.244117e-09	-4.290785e-09	-1.897806e+01	-1.096577e+02
7.740000e-06	-2.269523e-09	-4.411005e-09	-1.919292e+01	-1.125722e+02
7.750000e-06	-2.294811e-09	-4.528186e-09	-1.940677e+01	-1.154840e+02
7.760000e-06	-2.319942e-09	-4.640877e-09	-1.961930e+01	-1.183947e+02
7.770000e-06	-2.344956e-09	-4.754664e-09	-1.983084e+01	-1.213061e+02
7.780000e-06	-2.369855e-09	-4.872248e-09	-2.004140e+01	-1.242203e+02
7.790000e-06	-2.394611e-09	-4.989264e-09	-2.025076e+01	-1.271390e+02
7.800000e-06	-2.419260e-09	-5.098022e-09	-2.045922e+01	-1.300632e+02
7.810000e-06	-2.443813e-09	-5.202578e-09	-2.066686e+01	-1.329934e+02
7.820000e-06	-2.468274e-09	-5.316193e-09	-2.087372e+01	-1.359289e+02
7.830000e-06	-2.492637e-09	-5.440852e-09	-2.107975e+01	-1.388681e+02
7.840000e-06	-2.516903e-09	-5.562140e-09	-2.128496e+01	-1.418088e+02
7.850000e-06	-2.541099e-09	-5.671808e-09	-2.148959e+01	-1.447481e+02
7.860000e-06	-2.565240e-09	-5.780166e-09	-2.169374e+01	-1.476830e+02
7.870000e-06	-2.589334e-09	-5.895935e-09	-2.189750e+01	-1.506106e+02
7.880000e-06	-2.613375e-09	-6.016150e-09	-2.210081e+01	-1.535286e+02
7.890000e-06	-2.637357e-09	-6.131413e-09	-2.230362e+01	-1.564353e+02
7.900000e-06	-2.661283e-09	-6.238863e-09	-2.250596e+01	-1.593300e+02
7.910000e-06	-2.685143e-09	-6.346780e-09	-2.270774e+01	-1.622130e+02
7.920000e-06	-2.708939e-09	-6.461674e-09	-2.290898e+01	-1.650852e+02
7.930000e-06	-2.732662e-09	-6.579123e-09	-2.310960e+01	-1.679484e+02
7.940000e-06	-2.756277e-09	-6.689794e-09	-2.330930e+01	-1.708046e+02
7.950000e-06	-2.779763e-09	-6.793877e-09	-2.350792e+01	-1.736555e+02
7.960000e-06	-2.803126e-09	-6.903517e-09	-2.370550e+01	-1.765026e+02
7.970000e-06	-2.826321e-09	-7.026533e-09	-2.390165e+01	-1.793470e+02
7.980000e-06	-2.849321e-09	-7.148384e-09	-2.409616e+01	-1.821884e+02
7.990000e-06	-2.872113e-09	-7.252849e-09	-2.428890e+01	-1.850261e+02
8.000000e-06	-2.894657e-09	-7.349866e-09	-2.447956e+01	-1.878583e+02
8.010000e-06	-2.916958e-09	-7.455898e-09	-2.466815e+01	-1.906825e+02
8.020000e-06	-2.939031e-09	-7.568661e-09	-2.485481e+01	-1.934962e+02
8.030000e-06	-2.960881e-09	-7.678082e-09	-2.503960e+01	-1.962965e+02
8.040000e-06	-2.982486e-09	-7.784996e-09	-2.522230e+01	-1.990810e+02
8.050000e-06	-3.003861e-09	-7.895572e-09	-2.540307e+01	-2.018476e+02
8.060000e-06	-3.025030e-09	-8.011851e-09	-2.558208e+01	-2.045951e+02
8.070000e-06	-3.045987e-09	-8.126625e-09	-2.575932e+01	-2.073230e+02
8.080000e-06	-3.066737e-09	-8.229578e-09	-2.593479e+01	-2.100317e+02
8.090000e-06	-3.087306e-09	-8.323144e-09	-2.610874e+01	-2.127219e+02
8.100000e-06	-3.107744e-09	-8.420796e-09	-2.628158e+01	-2.153947e+02
8.110000e-06	-3.128067e-09	-8.530250e-09	-2.645345e+01	-2.180516e+02
8.120000e-06	-3.148286e-09	-8.640047e-09	-2.662444e+01	-2.206935e+02
8.130000e-06	-3.168438e-09	-8.739063e-09	-2.679486e+01	-2.233210e+02
8.140000e-06	-3.188525e-09	-8.836329e-09	-2.696473e+01	-2.259343e+02
8.150000e-06	-3.208539e-09	-8.941746e-09	-2.713398e+01	-2.285329e+02
8.160000e-06	-3.228487e-09	-9.049481e-09	-2.730268e+01	-2.311157e+02
8.170000e-06	-3.248362e-09	-9.150317e-09	-2.747076e+01	-2.336812e+02
8.180000e-06	-3.268147e-09	-9.247394e-09	-2.763808e+01	-2.362276e+02
8.190000e-06	-3.287830e-09	-9.348702e-09	-2.780453e+01	-2.387533e+02
8.200000e-06	-3.307401e-09	-9.452869e-09	-2.797005e+01	-2.412568e+02
8.210000e-06	-3.326829e-09	-9.551508e-09	-2.813435e+01	-2.437370e+02
8.220000e-06	-3.346092e-09	-9.641386e-09	-2.829725e+01	-2.461931e+02
8.230000e-06	-3.365170e-09	-9.730035e-09	-2.845859e+01	-2.486251e+02
8.240000e-06	-3.384065e-09	-9.826517e-09	-2.861838e+01	-2.510332e+02
8.250000e-06	-3.402797e-09	-9.928611e-09	-2.877679e+01	-2.534176e+02
8.260000e-06	-3.421374e-09	-1.002710e-08	-2.893389e+01	-2.557790e+02
8.270000e-06	-3.439790e-09	-1.012053e-08	-2.908963e+01	-2.581176e+02
8.280000e-06	-3.458066e-09	-1.021104e-08	-2.924419e+01	-2.604332e+02
8.290000e-06	-3.476231e-09	-1.029916e-08	-2.939780e+01	-2.627255e+02
8.300000e-06	-3.494275e-09	-1.038475e-08	-2.955040e+01	-2.649933e+02
8.310000e-06	-3.512181e-09	-1.046798e-08	-2.970182e+01	-2.672352e+02
8.320000e-06	-3.529951e-09	-1.055416e-08	-2.985211e+01	-2.694495e+02
8.330000e-06	-3.547588e-09	-1.064574e-08	-3.000126e+01	-2.716345e+02
8.340000e-06	-3.565067e-09	-1.073682e-08	-3.014907e+01	-2.737885e+02
8.350000e-06	-3.582373e-09	-1.082117e-08	-3.029542e+01	-2.759103e+02
8.360000e-06	-3.599495e-09	-1.090055e-08	-3.044022e+01	-2.779994e+02
8.370000e-06	-3.616437e-09	-1.097821e-08	-3.058350e+01	-2.800559e+02
8.380000e-06	-3.633203e-09	-1.105483e-08	-3.072528e+01	-2.820806e+02
8.390000e-06	-3.649782e-09	-1.113708e-08	-3.086549e+01	-2.840751e+02
8.400000e-06	-3.666211e-09	-1.122528e-08	-3.100443e+01	-2.860413e+02
8.410000e-06	-3.682535e-09	-1.131159e-08	-3.114247e+01	-2.879813e+02
8.420000e-06	-3.698743e-09	-1.139113e-08	-3.127954e+01	-2.898972e+02
8.430000e-06	-3.714845e-09	-1.146204e-08	-3.141571e+01	-2.917906e+02
8.440000e-06	-3.730858e-09	-1.152603e-08	-3.155113e+01	-2.936628e+02
8.450000e-06	-3.746787e-09	-1.158879e-08	-3.168585e+01	-2.955140e+02
8.460000e-06	-3.762617e-09	-1.165539e-08	-3.181971e+01	-2.973441e+02
8.470000e-06	-3.778325e-09	-1.172789e-08	-3.195255e+01	-2.991519e+02
8.480000e-06	-3.793857e-09	-1.180976e-08	-3.208391e+01	-3.009361e+02
8.490000e-06	-3.809183e-09	-1.189660e-08	-3.221352e+01	-3.026947e+02
8.500000e-06	-3.824279e-09	-1.197450e-08	-3.234118e+01	-3.044261e+02
8.510000e-06	-3.839060e-09	-1.203911e-08	-3.246618e+01	-3.061286e+02
8.520000e-06	-3.853522e-09	-1.209453e-08	-3.258848e+01	-3.078014e+02
8.530000e-06	-3.867691e-09	-1.214345e-08	-3.270830e+01	-3.094439e+02
8.540000e-06	-3.881565e-09	-1.219409e-08	-3.282563e+01	-3.110565e+02
8.550000e-06	-3.895093e-09	-1.225493e-08	-3.294003e+01	-3.126398e+02
8.560000e-06	-3.908302e-09	-1.232597e-08	-3.305174e+01	-3.141952e+02
8.570000e-06	-3.921265e-09	-1.240328e-08	-3.316137e+01	-3.157242e+02
8.580000e-06	-3.933995e-09	-1.248075e-08	-3.326902e+01	-3.172283e+02
8.590000e-06	-3.946537e-09	-1.254753e-08	-3.337509e+01	-3.187088e+02
8.600000e-06	-3.958928e-09	-1.259641e-08	-3.347987e+01	-3.201665e+02
8.610000e-06	-3.971160e-09	-1.263615e-08	-3.358332e+01	-3.216018e+02
8.620000e-06	-3.983216e-09	-1.267619e-08	-3.368528e+01	-3.230144e+02
8.630000e-06	-3.995111e-09	-1.272062e-08	-3.378586e+01	-3.244036e+02
8.640000e-06	-4.006847e-09	-1.277417e-08	-3.388512e+01	-3.257685e+02
8.650000e-06	-4.018405e-09	-1.283782e-08	-3.398286e+01	-3.271077e+02
8.660000e-06	-4.029771e-09	-1.290716e-08	-3.407898e+01	-3.284202e+02
8.670000e-06	-4.040932e-09	-1.297176e-08	-3.417337e+01	-3.297053e+02
8.680000e-06	-4.051879e-09	-1.302610e-08	-3.426594e+01	-3.309624e+02
8.690000e-06	-4.062652e-09	-1.306925e-08	-3.435705e+01	-3.321918e+02
8.700000e-06	-4.073247e-09	-1.310493e-08	-3.444665e+01	-3.333939e+02
8.710000e-06	-4.083636e-09	-1.314000e-08	-3.453451e+01	-3.345699e+02
8.720000e-06	-4.093864e-09	-1.317752e-08	-3.462100e+01	-3.357210e+02
8.730000e-06	-4.103945e-09	-1.322114e-08	-3.470626e+01	-3.368486e+02
8.740000e-06	-4.113879e-09	-1.327140e-08	-3.479027e+01	-3.379540e+02
8.750000e-06	-4.123656e-09	-1.332205e-08	-3.487295e+01	-3.390381e+02
8.760000e-06	-4.133253e-09	-1.336776e-08	-3.495410e+01	-3.401015e+02
8.770000e-06	-4.142635e-09	-1.340906e-08	-3.503345e+01	-3.411444e+02
8.780000e-06	-4.151785e-09	-1.344698e-08	-3.511083e+01	-3.421667e+02
8.790000e-06	-4.160710e-09	-1.348332e-08	-3.518630e+01	-3.431677e+02
8.800000e-06	-4.169434e-09	-1.352068e-08	-3.526008e+01	-3.441467e+02
8.810000e-06	-4.177987e-09	-1.355958e-08	-3.533241e+01	-3.451032e+02
8.820000e-06	-4.186385e-09	-1.359642e-08	-3.540344e+01	-3.460365e+02
8.830000e-06	-4.194663e-09	-1.362863e-08	-3.547344e+01	-3.469465e+02
8.840000e-06	-4.202835e-09	-1.366110e-08	-3.554255e+01	-3.478332e+02
8.850000e-06	-4.210910e-09	-1.369708e-08	-3.561084e+01	-3.486969e+02
8.860000e-06	-4.218899e-09	-1.373732e-08	-3.567840e+01	-3.495383e+02
8.870000e-06	-4.226786e-09	-1.377748e-08	-3.574510e+01	-3.503580e+02
8.880000e-06	-4.234555e-09	-1.381328e-08	-3.581080e+01	-3.511567e+02
8.890000e-06	-4.242162e-09	-1.384926e-08	-3.587513e+01	-3.519349e+02
8.900000e-06	-4.249546e-09	-1.388200e-08	-3.593758e+01	-3.526926e+02
8.910000e-06	-4.256713e-09	-1.390331e-08	-3.599818e+01	-3.534296e+02
8.920000e-06	-4.263651e-09	-1.391894e-08	-3.605685e+01	-3.541452e+02
8.930000e-06	-4.270292e-09	-1.394295e-08	-3.611302e+01	-3.548388e+02
8.940000e-06	-4.276601e-09	-1.397961e-08	-3.616637e+01	-3.555093e+02
8.950000e-06	-4.282577e-09	-1.401896e-08	-3.621691e+01	-3.561562e+02
8.960000e-06	-4.288213e-09	-1.405121e-08	-3.626457e+01	-3.567788e+02
8.970000e-06	-4.293509e-09	-1.407814e-08	-3.630936e+01	-3.573773e+02
8.980000e-06	-4.298501e-09	-1.410340e-08	-3.635157e+01	-3.579523e+02
8.990000e-06	-4.303244e-09	-1.412371e-08	-3.639168e+01	-3.585051e+02
9.000000e-06	-4.307789e-09	-1.413581e-08	-3.643012e+01	-3.590372e+02
9.010000e-06	-4.312156e-09	-1.414611e-08	-3.646705e+01	-3.595505e+02
9.020000e-06	-4.316380e-09	-1.416451e-08	-3.650277e+01	-3.600469e+02
9.030000e-06	-4.320506e-09	-1.419331e-08	-3.653767e+01	-3.605280e+02
9.040000e-06	-4.324540e-09	-1.422881e-08	-3.657178e+01	-3.609947e+02
9.050000e-06	-4.328469e-09	-1.425970e-08	-3.660501e+01	-3.614472e+02
9.060000e-06	-4.332293e-09	-1.427828e-08	-3.663735e+01	-3.618850e+02
9.070000e-06	-4.335992e-09	-1.428893e-08	-3.666863e+01	-3.623064e+02
9.080000e-06	-4.339514e-09	-1.429898e-08	-3.669841e+01	-3.627094e+02
9.090000e-06	-4.342805e-09	-1.430970e-08	-3.672625e+01	-3.630915e+02
9.100000e-06	-4.345866e-09	-1.431995e-08	-3.675213e+01	-3.634504e+02
9.110000e-06	-4.348715e-09	-1.433669e-08	-3.677622e+01	-3.637840e+02
9.120000e-06	-4.351373e-09	-1.436223e-08	-3.679870e+01	-3.640915e+02
9.130000e-06	-4.353854e-09	-1.438652e-08	-3.681969e+01	-3.643728e+02
9.140000e-06	-4.356166e-09	-1.439773e-08	-3.683924e+01	-3.646295e+02
9.150000e-06	-4.358326e-09	-1.439776e-08	-3.685750e+01	-3.648640e+02
9.160000e-06	-4.360332e-09	-1.439760e-08	-3.687447e+01	-3.650801e+02
9.170000e-06	-4.362212e-09	-1.440303e-08	-3.689037e+01	-3.652819e+02
9.180000e-06	-4.363922e-09	-1.441552e-08	-3.690482e+01	-3.654739e+02
9.190000e-06	-4.365280e-09	-1.442679e-08	-3.691631e+01	-3.656598e+02
9.200000e-06	-4.366367e-09	-1.443732e-08	-3.692550e+01	-3.658425e+02
9.210000e-06	-4.367335e-09	-1.445575e-08	-3.693369e+01	-3.660234e+02
9.220000e-06	-4.368139e-09	-1.447141e-08	-3.694048e+01	-3.662022e+02
9.230000e-06	-4.368751e-09	-1.447178e-08	-3.694567e+01	-3.663769e+02
9.240000e-06	-4.369184e-09	-1.446391e-08	-3.694932e+01	-3.665440e+02
