# Temperatura_=_20.0
# Concentracion g/m^3_=_10770.0
# C_Vs_to_Am_M_A/Vsm_=_25649819763.59163
# pendiente_HvsI_1/m_=_3716.3
# ordenada_HvsI_A/m_=_1297.0
# frecuencia_Hz_=_108105.67313984838
# Promedio de 29 ciclos

Tiempo_(s)	Campo_(V.s)	Magnetizacion_(V.s)	Campo_(kA/m)	Magnetizacion_(A/m)
0.000000e+00	-3.924905e-09	-1.042018e-08	-3.325106e+01	-2.638321e+02
1.000000e-08	-3.925128e-09	-1.041359e-08	-3.325295e+01	-2.637957e+02
2.000000e-08	-3.925251e-09	-1.040645e-08	-3.325399e+01	-2.637533e+02
3.000000e-08	-3.925268e-09	-1.039255e-08	-3.325414e+01	-2.637203e+02
4.000000e-08	-3.925198e-09	-1.040459e-08	-3.325354e+01	-2.637120e+02
5.000000e-08	-3.925009e-09	-1.046637e-08	-3.325195e+01	-2.637417e+02
6.000000e-08	-3.924624e-09	-1.048156e-08	-3.324868e+01	-2.638191e+02
7.000000e-08	-3.924025e-09	-1.033075e-08	-3.324361e+01	-2.639483e+02
8.000000e-08	-3.923189e-09	-1.021311e-08	-3.323653e+01	-2.641275e+02
9.000000e-08	-3.922122e-09	-1.036505e-08	-3.322749e+01	-2.643483e+02
1.000000e-07	-3.920808e-09	-1.040424e-08	-3.321636e+01	-2.645966e+02
1.100000e-07	-3.919198e-09	-1.010928e-08	-3.320272e+01	-2.648538e+02
1.200000e-07	-3.917275e-09	-1.018672e-08	-3.318643e+01	-2.650988e+02
1.300000e-07	-3.915075e-09	-1.058693e-08	-3.316779e+01	-2.653102e+02
1.400000e-07	-3.912625e-09	-1.042969e-08	-3.314703e+01	-2.654686e+02
1.500000e-07	-3.909868e-09	-1.019940e-08	-3.312368e+01	-2.655590e+02
1.600000e-07	-3.906820e-09	-1.055273e-08	-3.309786e+01	-2.655722e+02
1.700000e-07	-3.903551e-09	-1.062721e-08	-3.307016e+01	-2.655064e+02
1.800000e-07	-3.900103e-09	-1.007793e-08	-3.304095e+01	-2.653666e+02
1.900000e-07	-3.896506e-09	-9.925223e-09	-3.301048e+01	-2.651646e+02
2.000000e-07	-3.892781e-09	-1.036777e-08	-3.297892e+01	-2.649174e+02
2.100000e-07	-3.888958e-09	-1.046399e-08	-3.294653e+01	-2.646448e+02
2.200000e-07	-3.885068e-09	-1.021333e-08	-3.291357e+01	-2.643674e+02
2.300000e-07	-3.881088e-09	-1.034727e-08	-3.287986e+01	-2.641038e+02
2.400000e-07	-3.877015e-09	-1.050689e-08	-3.284535e+01	-2.638689e+02
2.500000e-07	-3.872836e-09	-1.019435e-08	-3.280995e+01	-2.636719e+02
2.600000e-07	-3.868523e-09	-9.999722e-09	-3.277341e+01	-2.635153e+02
2.700000e-07	-3.864055e-09	-1.029342e-08	-3.273556e+01	-2.633956e+02
2.800000e-07	-3.859403e-09	-1.043108e-08	-3.269615e+01	-2.633031e+02
2.900000e-07	-3.854560e-09	-1.016418e-08	-3.265512e+01	-2.632245e+02
3.000000e-07	-3.849526e-09	-1.014315e-08	-3.261247e+01	-2.631440e+02
3.100000e-07	-3.844286e-09	-1.038441e-08	-3.256808e+01	-2.630463e+02
3.200000e-07	-3.838853e-09	-1.026081e-08	-3.252206e+01	-2.629184e+02
3.300000e-07	-3.833233e-09	-9.977084e-09	-3.247444e+01	-2.627514e+02
3.400000e-07	-3.827447e-09	-1.013878e-08	-3.242542e+01	-2.625421e+02
3.500000e-07	-3.821505e-09	-1.034390e-08	-3.237508e+01	-2.622927e+02
3.600000e-07	-3.815395e-09	-1.008019e-08	-3.232332e+01	-2.620110e+02
3.700000e-07	-3.809124e-09	-9.932680e-09	-3.227019e+01	-2.617091e+02
3.800000e-07	-3.802681e-09	-1.021664e-08	-3.221561e+01	-2.614014e+02
3.900000e-07	-3.796068e-09	-1.024786e-08	-3.215959e+01	-2.611028e+02
4.000000e-07	-3.789254e-09	-9.951436e-09	-3.210186e+01	-2.608264e+02
4.100000e-07	-3.782238e-09	-1.002314e-08	-3.204242e+01	-2.605813e+02
4.200000e-07	-3.775059e-09	-1.022358e-08	-3.198161e+01	-2.603718e+02
4.300000e-07	-3.767724e-09	-9.998356e-09	-3.191946e+01	-2.601959e+02
4.400000e-07	-3.760227e-09	-9.867312e-09	-3.185595e+01	-2.600460e+02
4.500000e-07	-3.752592e-09	-1.008872e-08	-3.179127e+01	-2.599091e+02
4.600000e-07	-3.744853e-09	-1.004528e-08	-3.172570e+01	-2.597686e+02
4.700000e-07	-3.737014e-09	-9.822065e-09	-3.165930e+01	-2.596060e+02
4.800000e-07	-3.729097e-09	-9.957641e-09	-3.159223e+01	-2.594034e+02
4.900000e-07	-3.721095e-09	-1.005419e-08	-3.152443e+01	-2.591449e+02
5.000000e-07	-3.712981e-09	-9.823785e-09	-3.145569e+01	-2.588192e+02
5.100000e-07	-3.704749e-09	-9.812209e-09	-3.138595e+01	-2.584199e+02
5.200000e-07	-3.696379e-09	-9.983114e-09	-3.131504e+01	-2.579467e+02
5.300000e-07	-3.687800e-09	-9.855906e-09	-3.124236e+01	-2.574048e+02
5.400000e-07	-3.678976e-09	-9.718598e-09	-3.116761e+01	-2.568042e+02
5.500000e-07	-3.669891e-09	-9.850716e-09	-3.109064e+01	-2.561583e+02
5.600000e-07	-3.660499e-09	-9.840790e-09	-3.101108e+01	-2.554824e+02
5.700000e-07	-3.650798e-09	-9.680151e-09	-3.092889e+01	-2.547912e+02
5.800000e-07	-3.640793e-09	-9.727207e-09	-3.084413e+01	-2.540980e+02
5.900000e-07	-3.630514e-09	-9.782271e-09	-3.075705e+01	-2.534127e+02
6.000000e-07	-3.619976e-09	-9.667675e-09	-3.066777e+01	-2.527412e+02
6.100000e-07	-3.609173e-09	-9.641139e-09	-3.057625e+01	-2.520851e+02
6.200000e-07	-3.598144e-09	-9.691431e-09	-3.048282e+01	-2.514423e+02
6.300000e-07	-3.586931e-09	-9.612899e-09	-3.038783e+01	-2.508071e+02
6.400000e-07	-3.575517e-09	-9.548717e-09	-3.029112e+01	-2.501721e+02
6.500000e-07	-3.563918e-09	-9.586129e-09	-3.019286e+01	-2.495289e+02
6.600000e-07	-3.552198e-09	-9.556227e-09	-3.009357e+01	-2.488699e+02
6.700000e-07	-3.540354e-09	-9.488581e-09	-2.999323e+01	-2.481889e+02
6.800000e-07	-3.528361e-09	-9.494627e-09	-2.989163e+01	-2.474823e+02
6.900000e-07	-3.516227e-09	-9.492204e-09	-2.978883e+01	-2.467491e+02
7.000000e-07	-3.503957e-09	-9.435826e-09	-2.968488e+01	-2.459909e+02
7.100000e-07	-3.491521e-09	-9.408254e-09	-2.957953e+01	-2.452116e+02
7.200000e-07	-3.478915e-09	-9.397946e-09	-2.947273e+01	-2.444166e+02
7.300000e-07	-3.466116e-09	-9.356722e-09	-2.936430e+01	-2.436115e+02
7.400000e-07	-3.453112e-09	-9.321300e-09	-2.925413e+01	-2.428019e+02
7.500000e-07	-3.439917e-09	-9.302952e-09	-2.914235e+01	-2.419919e+02
7.600000e-07	-3.426545e-09	-9.276852e-09	-2.902906e+01	-2.411841e+02
7.700000e-07	-3.413011e-09	-9.245042e-09	-2.891441e+01	-2.403791e+02
7.800000e-07	-3.399325e-09	-9.223499e-09	-2.879847e+01	-2.395756e+02
7.900000e-07	-3.385491e-09	-9.199724e-09	-2.868126e+01	-2.387708e+02
8.000000e-07	-3.371497e-09	-9.162602e-09	-2.856271e+01	-2.379609e+02
8.100000e-07	-3.357352e-09	-9.125142e-09	-2.844287e+01	-2.371420e+02
8.200000e-07	-3.343052e-09	-9.090915e-09	-2.832173e+01	-2.363103e+02
8.300000e-07	-3.328596e-09	-9.055282e-09	-2.819926e+01	-2.354631e+02
8.400000e-07	-3.313939e-09	-9.022824e-09	-2.807509e+01	-2.345991e+02
8.500000e-07	-3.299035e-09	-9.004534e-09	-2.794882e+01	-2.337183e+02
8.600000e-07	-3.283941e-09	-8.984597e-09	-2.782095e+01	-2.328218e+02
8.700000e-07	-3.268653e-09	-8.950815e-09	-2.769143e+01	-2.319120e+02
8.800000e-07	-3.253146e-09	-8.915787e-09	-2.756007e+01	-2.309918e+02
8.900000e-07	-3.237403e-09	-8.882402e-09	-2.742670e+01	-2.300638e+02
9.000000e-07	-3.221410e-09	-8.844151e-09	-2.729121e+01	-2.291303e+02
9.100000e-07	-3.205235e-09	-8.803614e-09	-2.715418e+01	-2.281928e+02
9.200000e-07	-3.188891e-09	-8.769873e-09	-2.701571e+01	-2.272516e+02
9.300000e-07	-3.172359e-09	-8.740903e-09	-2.687565e+01	-2.263060e+02
9.400000e-07	-3.155660e-09	-8.712615e-09	-2.673418e+01	-2.253543e+02
9.500000e-07	-3.138827e-09	-8.677157e-09	-2.659158e+01	-2.243944e+02
9.600000e-07	-3.121880e-09	-8.634770e-09	-2.644801e+01	-2.234239e+02
9.700000e-07	-3.104817e-09	-8.596721e-09	-2.630345e+01	-2.224411e+02
9.800000e-07	-3.087625e-09	-8.561236e-09	-2.615780e+01	-2.214445e+02
9.900000e-07	-3.070340e-09	-8.527561e-09	-2.601136e+01	-2.204341e+02
1.000000e-06	-3.052957e-09	-8.493820e-09	-2.586410e+01	-2.194106e+02
1.010000e-06	-3.035458e-09	-8.454892e-09	-2.571585e+01	-2.183758e+02
1.020000e-06	-3.017879e-09	-8.412985e-09	-2.556693e+01	-2.173323e+02
1.030000e-06	-3.000196e-09	-8.375737e-09	-2.541712e+01	-2.162829e+02
1.040000e-06	-2.982403e-09	-8.338839e-09	-2.526638e+01	-2.152303e+02
1.050000e-06	-2.964499e-09	-8.295043e-09	-2.511470e+01	-2.141769e+02
1.060000e-06	-2.946465e-09	-8.255133e-09	-2.496192e+01	-2.131240e+02
1.070000e-06	-2.928317e-09	-8.217973e-09	-2.480817e+01	-2.120718e+02
1.080000e-06	-2.910004e-09	-8.178202e-09	-2.465303e+01	-2.110196e+02
1.090000e-06	-2.891505e-09	-8.136776e-09	-2.449631e+01	-2.099653e+02
1.100000e-06	-2.872865e-09	-8.092304e-09	-2.433840e+01	-2.089065e+02
1.110000e-06	-2.854059e-09	-8.049090e-09	-2.417907e+01	-2.078403e+02
1.120000e-06	-2.835071e-09	-8.012192e-09	-2.401821e+01	-2.067639e+02
1.130000e-06	-2.815933e-09	-7.977733e-09	-2.385608e+01	-2.056751e+02
1.140000e-06	-2.796662e-09	-7.934790e-09	-2.369282e+01	-2.045724e+02
1.150000e-06	-2.777256e-09	-7.883791e-09	-2.352841e+01	-2.034556e+02
1.160000e-06	-2.757718e-09	-7.834145e-09	-2.336289e+01	-2.023254e+02
1.170000e-06	-2.738089e-09	-7.791689e-09	-2.319660e+01	-2.011834e+02
1.180000e-06	-2.718389e-09	-7.754597e-09	-2.302970e+01	-2.000319e+02
1.190000e-06	-2.698616e-09	-7.713450e-09	-2.286219e+01	-1.988737e+02
1.200000e-06	-2.678782e-09	-7.666481e-09	-2.269416e+01	-1.977111e+02
1.210000e-06	-2.658901e-09	-7.622666e-09	-2.252573e+01	-1.965462e+02
1.220000e-06	-2.638972e-09	-7.584970e-09	-2.235690e+01	-1.953802e+02
1.230000e-06	-2.619003e-09	-7.541856e-09	-2.218772e+01	-1.942134e+02
1.240000e-06	-2.598987e-09	-7.489683e-09	-2.201815e+01	-1.930450e+02
1.250000e-06	-2.578915e-09	-7.437122e-09	-2.184810e+01	-1.918736e+02
1.260000e-06	-2.558772e-09	-7.391725e-09	-2.167746e+01	-1.906970e+02
1.270000e-06	-2.538546e-09	-7.352739e-09	-2.150610e+01	-1.895128e+02
1.280000e-06	-2.518226e-09	-7.310446e-09	-2.133396e+01	-1.883189e+02
1.290000e-06	-2.497804e-09	-7.261546e-09	-2.116095e+01	-1.871134e+02
1.300000e-06	-2.477281e-09	-7.212893e-09	-2.098708e+01	-1.858952e+02
1.310000e-06	-2.456632e-09	-7.171762e-09	-2.081214e+01	-1.846643e+02
1.320000e-06	-2.435854e-09	-7.127226e-09	-2.063611e+01	-1.834213e+02
1.330000e-06	-2.414944e-09	-7.071321e-09	-2.045897e+01	-1.821676e+02
1.340000e-06	-2.393895e-09	-7.015242e-09	-2.028065e+01	-1.809052e+02
1.350000e-06	-2.372718e-09	-6.967751e-09	-2.010124e+01	-1.796362e+02
1.360000e-06	-2.351409e-09	-6.927070e-09	-1.992072e+01	-1.783627e+02
1.370000e-06	-2.329973e-09	-6.884049e-09	-1.973911e+01	-1.770864e+02
1.380000e-06	-2.308431e-09	-6.837626e-09	-1.955661e+01	-1.758082e+02
1.390000e-06	-2.286784e-09	-6.788798e-09	-1.937322e+01	-1.745286e+02
1.400000e-06	-2.265047e-09	-6.742924e-09	-1.918907e+01	-1.732472e+02
1.410000e-06	-2.243234e-09	-6.695999e-09	-1.900428e+01	-1.719630e+02
1.420000e-06	-2.221348e-09	-6.637573e-09	-1.881887e+01	-1.706748e+02
1.430000e-06	-2.199385e-09	-6.580960e-09	-1.863280e+01	-1.693812e+02
1.440000e-06	-2.177331e-09	-6.531817e-09	-1.844596e+01	-1.680807e+02
1.450000e-06	-2.155190e-09	-6.484963e-09	-1.825839e+01	-1.667726e+02
1.460000e-06	-2.132988e-09	-6.435335e-09	-1.807029e+01	-1.654564e+02
1.470000e-06	-2.110707e-09	-6.387114e-09	-1.788153e+01	-1.641322e+02
1.480000e-06	-2.088315e-09	-6.343124e-09	-1.769183e+01	-1.628008e+02
1.490000e-06	-2.065813e-09	-6.297378e-09	-1.750120e+01	-1.614633e+02
1.500000e-06	-2.043217e-09	-6.252211e-09	-1.730977e+01	-1.601209e+02
1.510000e-06	-2.020548e-09	-6.198594e-09	-1.711772e+01	-1.587750e+02
1.520000e-06	-1.997776e-09	-6.135665e-09	-1.692480e+01	-1.574265e+02
1.530000e-06	-1.974875e-09	-6.075736e-09	-1.673079e+01	-1.560761e+02
1.540000e-06	-1.951832e-09	-6.024620e-09	-1.653558e+01	-1.547237e+02
1.550000e-06	-1.928699e-09	-5.976745e-09	-1.633960e+01	-1.533688e+02
1.560000e-06	-1.905491e-09	-5.928154e-09	-1.614298e+01	-1.520104e+02
1.570000e-06	-1.882165e-09	-5.882356e-09	-1.594537e+01	-1.506470e+02
1.580000e-06	-1.858745e-09	-5.834334e-09	-1.574696e+01	-1.492772e+02
1.590000e-06	-1.835248e-09	-5.785086e-09	-1.554790e+01	-1.478995e+02
1.600000e-06	-1.811675e-09	-5.731798e-09	-1.534819e+01	-1.465127e+02
1.610000e-06	-1.788037e-09	-5.671862e-09	-1.514793e+01	-1.451159e+02
1.620000e-06	-1.764362e-09	-5.610997e-09	-1.494736e+01	-1.437091e+02
1.630000e-06	-1.740635e-09	-5.556538e-09	-1.474635e+01	-1.422923e+02
1.640000e-06	-1.716864e-09	-5.507837e-09	-1.454497e+01	-1.408664e+02
1.650000e-06	-1.693050e-09	-5.454007e-09	-1.434322e+01	-1.394325e+02
1.660000e-06	-1.669176e-09	-5.397136e-09	-1.414096e+01	-1.379917e+02
1.670000e-06	-1.645264e-09	-5.343364e-09	-1.393839e+01	-1.365452e+02
1.680000e-06	-1.621335e-09	-5.293955e-09	-1.373566e+01	-1.350939e+02
1.690000e-06	-1.597369e-09	-5.238991e-09	-1.353262e+01	-1.336387e+02
1.700000e-06	-1.573355e-09	-5.177449e-09	-1.332918e+01	-1.321798e+02
1.710000e-06	-1.549298e-09	-5.117450e-09	-1.312537e+01	-1.307171e+02
1.720000e-06	-1.525181e-09	-5.057086e-09	-1.292106e+01	-1.292504e+02
1.730000e-06	-1.501007e-09	-4.998476e-09	-1.271626e+01	-1.277793e+02
1.740000e-06	-1.476807e-09	-4.941378e-09	-1.251125e+01	-1.263032e+02
1.750000e-06	-1.452556e-09	-4.885587e-09	-1.230580e+01	-1.248217e+02
1.760000e-06	-1.428244e-09	-4.833362e-09	-1.209983e+01	-1.233346e+02
1.770000e-06	-1.403875e-09	-4.783232e-09	-1.189338e+01	-1.218421e+02
1.780000e-06	-1.379430e-09	-4.725507e-09	-1.168628e+01	-1.203445e+02
1.790000e-06	-1.354927e-09	-4.658791e-09	-1.147870e+01	-1.188423e+02
1.800000e-06	-1.330356e-09	-4.598794e-09	-1.127054e+01	-1.173360e+02
1.810000e-06	-1.305711e-09	-4.544875e-09	-1.106175e+01	-1.158263e+02
1.820000e-06	-1.280992e-09	-4.487374e-09	-1.085234e+01	-1.143135e+02
1.830000e-06	-1.256187e-09	-4.426494e-09	-1.064220e+01	-1.127979e+02
1.840000e-06	-1.231301e-09	-4.367394e-09	-1.043137e+01	-1.112792e+02
1.850000e-06	-1.206360e-09	-4.309189e-09	-1.022007e+01	-1.097570e+02
1.860000e-06	-1.181342e-09	-4.246750e-09	-1.000812e+01	-1.082303e+02
1.870000e-06	-1.156219e-09	-4.184810e-09	-9.795285e+00	-1.066984e+02
1.880000e-06	-1.130997e-09	-4.127768e-09	-9.581608e+00	-1.051603e+02
1.890000e-06	-1.105708e-09	-4.073486e-09	-9.367368e+00	-1.036150e+02
1.900000e-06	-1.080362e-09	-4.017107e-09	-9.152639e+00	-1.020622e+02
1.910000e-06	-1.054951e-09	-3.956396e-09	-8.937369e+00	-1.005015e+02
1.920000e-06	-1.029461e-09	-3.889620e-09	-8.721417e+00	-9.893322e+01
1.930000e-06	-1.003872e-09	-3.821932e-09	-8.504631e+00	-9.735798e+01
1.940000e-06	-9.781941e-10	-3.760446e-09	-8.287095e+00	-9.577675e+01
1.950000e-06	-9.524163e-10	-3.699507e-09	-8.068712e+00	-9.419065e+01
1.960000e-06	-9.265747e-10	-3.638014e-09	-7.849787e+00	-9.260089e+01
1.970000e-06	-9.006510e-10	-3.578984e-09	-7.630167e+00	-9.100852e+01
1.980000e-06	-8.746177e-10	-3.521405e-09	-7.409619e+00	-8.941434e+01
1.990000e-06	-8.485113e-10	-3.461111e-09	-7.188451e+00	-8.781876e+01
2.000000e-06	-8.223294e-10	-3.398103e-09	-6.966643e+00	-8.622183e+01
2.010000e-06	-7.960664e-10	-3.335047e-09	-6.744148e+00	-8.462318e+01
2.020000e-06	-7.697564e-10	-3.272445e-09	-6.521256e+00	-8.302218e+01
2.030000e-06	-7.433941e-10	-3.213746e-09	-6.297920e+00	-8.141800e+01
2.040000e-06	-7.169375e-10	-3.156630e-09	-6.073785e+00	-7.980982e+01
2.050000e-06	-6.904067e-10	-3.094573e-09	-5.849022e+00	-7.819695e+01
2.060000e-06	-6.638419e-10	-3.025266e-09	-5.623971e+00	-7.657894e+01
2.070000e-06	-6.372468e-10	-2.956804e-09	-5.398662e+00	-7.495569e+01
2.080000e-06	-6.105889e-10	-2.896558e-09	-5.172822e+00	-7.332743e+01
2.090000e-06	-5.838635e-10	-2.840739e-09	-4.946410e+00	-7.169467e+01
2.100000e-06	-5.571106e-10	-2.782331e-09	-4.719765e+00	-7.005815e+01
2.110000e-06	-5.303260e-10	-2.720638e-09	-4.492852e+00	-6.841865e+01
2.120000e-06	-5.035081e-10	-2.660581e-09	-4.265656e+00	-6.677686e+01
2.130000e-06	-4.766598e-10	-2.597788e-09	-4.038203e+00	-6.513327e+01
2.140000e-06	-4.497759e-10	-2.525785e-09	-3.810448e+00	-6.348804e+01
2.150000e-06	-4.228546e-10	-2.449597e-09	-3.582377e+00	-6.184099e+01
2.160000e-06	-3.958796e-10	-2.381349e-09	-3.353850e+00	-6.019158e+01
2.170000e-06	-3.688969e-10	-2.324869e-09	-3.125259e+00	-5.853902e+01
2.180000e-06	-3.418987e-10	-2.270656e-09	-2.896535e+00	-5.688237e+01
2.190000e-06	-3.148554e-10	-2.212008e-09	-2.667431e+00	-5.522073e+01
2.200000e-06	-2.877833e-10	-2.145369e-09	-2.438082e+00	-5.355333e+01
2.210000e-06	-2.606909e-10	-2.074967e-09	-2.208560e+00	-5.187971e+01
2.220000e-06	-2.335805e-10	-2.006514e-09	-1.978887e+00	-5.019980e+01
2.230000e-06	-2.064424e-10	-1.937471e-09	-1.748978e+00	-4.851391e+01
2.240000e-06	-1.793117e-10	-1.866920e-09	-1.519133e+00	-4.682273e+01
2.250000e-06	-1.521738e-10	-1.800271e-09	-1.289226e+00	-4.512719e+01
2.260000e-06	-1.250058e-10	-1.742388e-09	-1.059064e+00	-4.342837e+01
2.270000e-06	-9.784296e-11	-1.685891e-09	-8.289459e-01	-4.172731e+01
2.280000e-06	-7.068760e-11	-1.621280e-09	-5.988913e-01	-4.002484e+01
2.290000e-06	-4.352531e-11	-1.550393e-09	-3.687778e-01	-3.832149e+01
2.300000e-06	-1.636162e-11	-1.480505e-09	-1.386524e-01	-3.661739e+01
2.310000e-06	1.080788e-11	-1.413300e-09	9.152239e-02	-3.491225e+01
2.320000e-06	3.798021e-11	-1.345052e-09	3.217213e-01	-3.320545e+01
2.330000e-06	6.514785e-11	-1.275203e-09	5.518802e-01	-3.149610e+01
2.340000e-06	9.231287e-11	-1.207148e-09	7.820168e-01	-2.978320e+01
2.350000e-06	1.194634e-10	-1.141935e-09	1.012031e+00	-2.806580e+01
2.360000e-06	1.466007e-10	-1.076401e-09	1.241932e+00	-2.634311e+01
2.370000e-06	1.737412e-10	-1.008198e-09	1.471862e+00	-2.461465e+01
2.380000e-06	2.008620e-10	-9.389827e-10	1.701624e+00	-2.288025e+01
2.390000e-06	2.279657e-10	-8.716867e-10	1.931241e+00	-2.114009e+01
2.400000e-06	2.550765e-10	-8.065502e-10	2.160919e+00	-1.939458e+01
2.410000e-06	2.821587e-10	-7.377851e-10	2.390354e+00	-1.764429e+01
2.420000e-06	3.092187e-10	-6.635422e-10	2.619601e+00	-1.588979e+01
2.430000e-06	3.362768e-10	-5.884480e-10	2.848832e+00	-1.413150e+01
2.440000e-06	3.633232e-10	-5.173713e-10	3.077964e+00	-1.236962e+01
2.450000e-06	3.903279e-10	-4.504581e-10	3.306742e+00	-1.060403e+01
2.460000e-06	4.172767e-10	-3.847652e-10	3.535047e+00	-8.834318e+00
2.470000e-06	4.442087e-10	-3.170007e-10	3.763209e+00	-7.059802e+00
2.480000e-06	4.711121e-10	-2.455837e-10	3.991130e+00	-5.279687e+00
2.490000e-06	4.979471e-10	-1.777138e-10	4.218471e+00	-3.493196e+00
2.500000e-06	5.247599e-10	-1.116133e-10	4.445624e+00	-1.699739e+00
2.510000e-06	5.515253e-10	-3.678075e-11	4.672375e+00	1.009428e-01
2.520000e-06	5.782168e-10	4.161906e-11	4.898501e+00	1.908671e+00
2.530000e-06	6.048721e-10	1.127302e-10	5.124320e+00	3.722794e+00
2.540000e-06	6.314924e-10	1.778864e-10	5.349841e+00	5.542223e+00
2.550000e-06	6.580659e-10	2.473910e-10	5.574966e+00	7.365543e+00
2.560000e-06	6.845942e-10	3.239027e-10	5.799708e+00	9.191185e+00
2.570000e-06	7.110764e-10	4.000646e-10	6.024059e+00	1.101763e+01
2.580000e-06	7.374915e-10	4.697339e-10	6.247843e+00	1.284361e+01
2.590000e-06	7.638220e-10	5.358763e-10	6.470909e+00	1.466833e+01
2.600000e-06	7.900701e-10	6.050032e-10	6.693277e+00	1.649153e+01
2.610000e-06	8.162676e-10	6.784226e-10	6.915217e+00	1.831361e+01
2.620000e-06	8.423927e-10	7.530953e-10	7.136543e+00	2.013551e+01
2.630000e-06	8.684006e-10	8.259295e-10	7.356876e+00	2.195867e+01
2.640000e-06	8.943439e-10	8.984024e-10	7.576663e+00	2.378473e+01
2.650000e-06	9.202509e-10	9.730907e-10	7.796141e+00	2.561538e+01
2.660000e-06	9.460798e-10	1.048996e-09	8.014959e+00	2.745205e+01
2.670000e-06	9.718365e-10	1.119756e-09	8.233164e+00	2.929574e+01
2.680000e-06	9.975080e-10	1.185686e-09	8.450648e+00	3.114679e+01
2.690000e-06	1.023076e-09	1.255821e-09	8.667257e+00	3.300488e+01
2.700000e-06	1.048578e-09	1.331715e-09	8.883299e+00	3.486899e+01
2.710000e-06	1.073995e-09	1.406253e-09	9.098629e+00	3.673753e+01
2.720000e-06	1.099297e-09	1.478355e-09	9.312983e+00	3.860856e+01
2.730000e-06	1.124520e-09	1.552009e-09	9.526665e+00	4.047998e+01
2.740000e-06	1.149638e-09	1.624586e-09	9.739461e+00	4.234980e+01
2.750000e-06	1.174670e-09	1.696121e-09	9.951529e+00	4.421642e+01
2.760000e-06	1.199645e-09	1.771579e-09	1.016311e+01	4.607872e+01
2.770000e-06	1.224521e-09	1.847893e-09	1.037386e+01	4.793623e+01
2.780000e-06	1.249286e-09	1.919627e-09	1.058366e+01	4.978912e+01
2.790000e-06	1.273982e-09	1.989063e-09	1.079288e+01	5.163808e+01
2.800000e-06	1.298635e-09	2.061792e-09	1.100173e+01	5.348420e+01
2.810000e-06	1.323193e-09	2.136210e-09	1.120978e+01	5.532877e+01
2.820000e-06	1.347676e-09	2.208432e-09	1.141720e+01	5.717298e+01
2.830000e-06	1.372124e-09	2.279529e-09	1.162432e+01	5.901783e+01
2.840000e-06	1.396494e-09	2.351469e-09	1.183078e+01	6.086384e+01
2.850000e-06	1.420791e-09	2.425493e-09	1.203662e+01	6.271109e+01
2.860000e-06	1.445038e-09	2.497800e-09	1.224204e+01	6.455910e+01
2.870000e-06	1.469226e-09	2.565125e-09	1.244695e+01	6.640698e+01
2.880000e-06	1.493367e-09	2.632041e-09	1.265147e+01	6.825355e+01
2.890000e-06	1.517466e-09	2.705263e-09	1.285563e+01	7.009750e+01
2.900000e-06	1.541524e-09	2.784276e-09	1.305945e+01	7.193758e+01
2.910000e-06	1.565549e-09	2.864176e-09	1.326298e+01	7.377280e+01
2.920000e-06	1.589529e-09	2.940050e-09	1.346614e+01	7.560251e+01
2.930000e-06	1.613464e-09	3.008504e-09	1.366892e+01	7.742649e+01
2.940000e-06	1.637356e-09	3.075008e-09	1.387132e+01	7.924493e+01
2.950000e-06	1.661203e-09	3.144253e-09	1.407335e+01	8.105833e+01
2.960000e-06	1.685031e-09	3.210856e-09	1.427522e+01	8.286737e+01
2.970000e-06	1.708834e-09	3.275835e-09	1.447688e+01	8.467282e+01
2.980000e-06	1.732560e-09	3.351391e-09	1.467788e+01	8.647528e+01
2.990000e-06	1.756215e-09	3.436171e-09	1.487828e+01	8.827512e+01
3.000000e-06	1.779821e-09	3.513413e-09	1.507826e+01	9.007242e+01
3.010000e-06	1.803352e-09	3.579570e-09	1.527761e+01	9.186688e+01
3.020000e-06	1.826822e-09	3.644280e-09	1.547644e+01	9.365792e+01
3.030000e-06	1.850223e-09	3.709177e-09	1.567469e+01	9.544477e+01
3.040000e-06	1.873525e-09	3.771152e-09	1.587210e+01	9.722661e+01
3.050000e-06	1.896730e-09	3.835341e-09	1.606869e+01	9.900268e+01
3.060000e-06	1.919830e-09	3.907140e-09	1.626439e+01	1.007725e+02
3.070000e-06	1.942826e-09	3.986007e-09	1.645921e+01	1.025357e+02
3.080000e-06	1.965723e-09	4.066331e-09	1.665319e+01	1.042925e+02
3.090000e-06	1.988521e-09	4.140868e-09	1.684633e+01	1.060433e+02
3.100000e-06	2.011194e-09	4.205943e-09	1.703841e+01	1.077886e+02
3.110000e-06	2.033741e-09	4.263012e-09	1.722942e+01	1.095292e+02
3.120000e-06	2.056187e-09	4.321444e-09	1.741958e+01	1.112657e+02
3.130000e-06	2.078548e-09	4.384618e-09	1.760902e+01	1.129985e+02
3.140000e-06	2.100844e-09	4.450668e-09	1.779791e+01	1.147278e+02
3.150000e-06	2.123048e-09	4.523779e-09	1.798602e+01	1.164532e+02
3.160000e-06	2.145160e-09	4.604184e-09	1.817335e+01	1.181741e+02
3.170000e-06	2.167197e-09	4.681889e-09	1.836004e+01	1.198895e+02
3.180000e-06	2.189174e-09	4.751239e-09	1.854622e+01	1.215983e+02
3.190000e-06	2.211085e-09	4.813108e-09	1.873185e+01	1.232994e+02
3.200000e-06	2.232902e-09	4.866458e-09	1.891668e+01	1.249918e+02
3.210000e-06	2.254616e-09	4.920238e-09	1.910064e+01	1.266748e+02
3.220000e-06	2.276236e-09	4.984528e-09	1.928380e+01	1.283482e+02
3.230000e-06	2.297793e-09	5.055208e-09	1.946643e+01	1.300122e+02
3.240000e-06	2.319279e-09	5.126619e-09	1.964845e+01	1.316676e+02
3.250000e-06	2.340660e-09	5.202394e-09	1.982959e+01	1.333153e+02
3.260000e-06	2.361911e-09	5.280937e-09	2.000962e+01	1.349565e+02
3.270000e-06	2.383042e-09	5.350202e-09	2.018864e+01	1.365923e+02
3.280000e-06	2.404053e-09	5.404548e-09	2.036664e+01	1.382236e+02
3.290000e-06	2.424911e-09	5.450892e-09	2.054335e+01	1.398510e+02
3.300000e-06	2.445610e-09	5.504254e-09	2.071871e+01	1.414744e+02
3.310000e-06	2.466192e-09	5.569292e-09	2.089308e+01	1.430931e+02
3.320000e-06	2.486671e-09	5.636874e-09	2.106657e+01	1.447062e+02
3.330000e-06	2.507048e-09	5.706347e-09	2.123920e+01	1.463121e+02
3.340000e-06	2.527329e-09	5.778111e-09	2.141102e+01	1.479092e+02
3.350000e-06	2.547529e-09	5.847864e-09	2.158215e+01	1.494958e+02
3.360000e-06	2.567646e-09	5.908492e-09	2.175258e+01	1.510705e+02
3.370000e-06	2.587693e-09	5.956663e-09	2.192241e+01	1.526325e+02
3.380000e-06	2.607699e-09	6.003710e-09	2.209190e+01	1.541814e+02
3.390000e-06	2.627656e-09	6.060713e-09	2.226097e+01	1.557174e+02
3.400000e-06	2.647565e-09	6.128321e-09	2.242964e+01	1.572414e+02
3.410000e-06	2.667430e-09	6.193456e-09	2.259793e+01	1.587546e+02
3.420000e-06	2.687246e-09	6.253054e-09	2.276580e+01	1.602586e+02
3.430000e-06	2.707001e-09	6.317542e-09	2.293317e+01	1.617549e+02
3.440000e-06	2.726683e-09	6.383570e-09	2.309991e+01	1.632450e+02
3.450000e-06	2.746279e-09	6.441024e-09	2.326592e+01	1.647299e+02
3.460000e-06	2.765755e-09	6.486189e-09	2.343092e+01	1.662102e+02
3.470000e-06	2.785094e-09	6.531175e-09	2.359476e+01	1.676857e+02
3.480000e-06	2.804321e-09	6.586842e-09	2.375765e+01	1.691560e+02
3.490000e-06	2.823426e-09	6.649516e-09	2.391950e+01	1.706202e+02
3.500000e-06	2.842369e-09	6.712237e-09	2.407999e+01	1.720772e+02
3.510000e-06	2.861159e-09	6.771639e-09	2.423916e+01	1.735257e+02
3.520000e-06	2.879751e-09	6.830254e-09	2.439667e+01	1.749646e+02
3.530000e-06	2.898120e-09	6.886860e-09	2.455230e+01	1.763933e+02
3.540000e-06	2.916326e-09	6.939855e-09	2.470653e+01	1.778112e+02
3.550000e-06	2.934398e-09	6.988042e-09	2.485964e+01	1.792183e+02
3.560000e-06	2.952325e-09	7.039396e-09	2.501151e+01	1.806150e+02
3.570000e-06	2.970106e-09	7.099349e-09	2.516215e+01	1.820018e+02
3.580000e-06	2.987771e-09	7.157447e-09	2.531181e+01	1.833794e+02
3.590000e-06	3.005317e-09	7.209027e-09	2.546045e+01	1.847482e+02
3.600000e-06	3.022737e-09	7.259014e-09	2.560803e+01	1.861086e+02
3.610000e-06	3.040080e-09	7.311715e-09	2.575495e+01	1.874607e+02
3.620000e-06	3.057340e-09	7.362944e-09	2.590118e+01	1.888043e+02
3.630000e-06	3.074474e-09	7.412453e-09	2.604634e+01	1.901389e+02
3.640000e-06	3.091496e-09	7.464165e-09	2.619055e+01	1.914637e+02
3.650000e-06	3.108415e-09	7.517937e-09	2.633388e+01	1.927780e+02
3.660000e-06	3.125236e-09	7.571655e-09	2.647639e+01	1.940813e+02
3.670000e-06	3.141938e-09	7.621867e-09	2.661788e+01	1.953731e+02
3.680000e-06	3.158523e-09	7.670017e-09	2.675838e+01	1.966535e+02
3.690000e-06	3.174986e-09	7.716441e-09	2.689786e+01	1.979228e+02
3.700000e-06	3.191260e-09	7.763726e-09	2.703573e+01	1.991820e+02
3.710000e-06	3.207334e-09	7.813169e-09	2.717191e+01	2.004318e+02
3.720000e-06	3.223216e-09	7.860518e-09	2.730646e+01	2.016734e+02
3.730000e-06	3.238886e-09	7.905108e-09	2.743921e+01	2.029078e+02
3.740000e-06	3.254327e-09	7.951163e-09	2.757003e+01	2.041356e+02
3.750000e-06	3.269509e-09	8.003302e-09	2.769864e+01	2.053570e+02
3.760000e-06	3.284503e-09	8.054559e-09	2.782567e+01	2.065718e+02
3.770000e-06	3.299322e-09	8.099676e-09	2.795121e+01	2.077790e+02
3.780000e-06	3.313906e-09	8.144084e-09	2.807477e+01	2.089775e+02
3.790000e-06	3.328332e-09	8.194500e-09	2.819698e+01	2.101657e+02
3.800000e-06	3.342619e-09	8.245756e-09	2.831801e+01	2.113422e+02
3.810000e-06	3.356732e-09	8.286281e-09	2.843757e+01	2.125056e+02
3.820000e-06	3.370686e-09	8.323392e-09	2.855579e+01	2.136551e+02
3.830000e-06	3.384516e-09	8.367194e-09	2.867296e+01	2.147903e+02
3.840000e-06	3.398223e-09	8.416031e-09	2.878908e+01	2.159117e+02
3.850000e-06	3.411777e-09	8.461909e-09	2.890391e+01	2.170202e+02
3.860000e-06	3.425179e-09	8.502301e-09	2.901745e+01	2.181173e+02
3.870000e-06	3.438417e-09	8.541858e-09	2.912960e+01	2.192048e+02
3.880000e-06	3.451490e-09	8.580955e-09	2.924036e+01	2.202844e+02
3.890000e-06	3.464399e-09	8.624073e-09	2.934971e+01	2.213575e+02
3.900000e-06	3.477095e-09	8.670766e-09	2.945728e+01	2.224248e+02
3.910000e-06	3.489598e-09	8.714396e-09	2.956320e+01	2.234865e+02
3.920000e-06	3.501963e-09	8.753380e-09	2.966795e+01	2.245418e+02
3.930000e-06	3.514188e-09	8.793569e-09	2.977152e+01	2.255891e+02
3.940000e-06	3.526282e-09	8.832619e-09	2.987398e+01	2.266264e+02
3.950000e-06	3.538244e-09	8.861773e-09	2.997532e+01	2.276513e+02
3.960000e-06	3.550091e-09	8.892486e-09	3.007569e+01	2.286614e+02
3.970000e-06	3.561807e-09	8.934449e-09	3.017494e+01	2.296548e+02
3.980000e-06	3.573349e-09	8.981521e-09	3.027272e+01	2.306301e+02
3.990000e-06	3.584720e-09	9.023720e-09	3.036905e+01	2.315870e+02
4.000000e-06	3.595884e-09	9.058792e-09	3.046364e+01	2.325257e+02
4.010000e-06	3.606827e-09	9.089945e-09	3.055634e+01	2.334478e+02
4.020000e-06	3.617507e-09	9.119424e-09	3.064682e+01	2.343550e+02
4.030000e-06	3.627882e-09	9.149662e-09	3.073472e+01	2.352498e+02
4.040000e-06	3.637968e-09	9.179671e-09	3.082016e+01	2.361343e+02
4.050000e-06	3.647788e-09	9.214156e-09	3.090335e+01	2.370104e+02
4.060000e-06	3.657321e-09	9.253215e-09	3.098412e+01	2.378791e+02
4.070000e-06	3.666557e-09	9.290871e-09	3.106237e+01	2.387406e+02
4.080000e-06	3.675537e-09	9.323094e-09	3.113844e+01	2.395941e+02
4.090000e-06	3.684294e-09	9.349596e-09	3.121263e+01	2.404379e+02
4.100000e-06	3.692842e-09	9.376644e-09	3.128505e+01	2.412699e+02
4.110000e-06	3.701199e-09	9.404321e-09	3.135584e+01	2.420873e+02
4.120000e-06	3.709425e-09	9.432950e-09	3.142554e+01	2.428877e+02
4.130000e-06	3.717547e-09	9.462280e-09	3.149435e+01	2.436693e+02
4.140000e-06	3.725568e-09	9.490943e-09	3.156229e+01	2.444309e+02
4.150000e-06	3.733500e-09	9.522877e-09	3.162950e+01	2.451723e+02
4.160000e-06	3.741331e-09	9.556029e-09	3.169584e+01	2.458945e+02
4.170000e-06	3.749071e-09	9.583085e-09	3.176141e+01	2.465992e+02
4.180000e-06	3.756706e-09	9.603512e-09	3.182610e+01	2.472886e+02
4.190000e-06	3.764215e-09	9.623316e-09	3.188971e+01	2.479652e+02
4.200000e-06	3.771557e-09	9.644827e-09	3.195191e+01	2.486312e+02
4.210000e-06	3.778703e-09	9.667043e-09	3.201245e+01	2.492881e+02
4.220000e-06	3.785691e-09	9.690975e-09	3.207165e+01	2.499363e+02
4.230000e-06	3.792509e-09	9.717021e-09	3.212941e+01	2.505754e+02
4.240000e-06	3.799140e-09	9.744267e-09	3.218559e+01	2.512036e+02
4.250000e-06	3.805588e-09	9.770298e-09	3.224021e+01	2.518186e+02
4.260000e-06	3.811855e-09	9.789494e-09	3.229331e+01	2.524174e+02
4.270000e-06	3.817973e-09	9.805550e-09	3.234514e+01	2.529971e+02
4.280000e-06	3.823957e-09	9.825616e-09	3.239584e+01	2.535554e+02
4.290000e-06	3.829787e-09	9.845300e-09	3.244523e+01	2.540910e+02
4.300000e-06	3.835445e-09	9.861578e-09	3.249316e+01	2.546037e+02
4.310000e-06	3.840930e-09	9.878165e-09	3.253963e+01	2.550947e+02
4.320000e-06	3.846250e-09	9.897624e-09	3.258469e+01	2.555666e+02
4.330000e-06	3.851384e-09	9.916736e-09	3.262819e+01	2.560225e+02
4.340000e-06	3.856309e-09	9.932495e-09	3.266992e+01	2.564664e+02
4.350000e-06	3.861023e-09	9.947072e-09	3.270985e+01	2.569019e+02
4.360000e-06	3.865546e-09	9.962306e-09	3.274817e+01	2.573319e+02
4.370000e-06	3.869922e-09	9.978377e-09	3.278524e+01	2.577579e+02
4.380000e-06	3.874179e-09	9.992767e-09	3.282131e+01	2.581802e+02
4.390000e-06	3.878332e-09	1.000392e-08	3.285649e+01	2.585974e+02
4.400000e-06	3.882402e-09	1.001401e-08	3.289097e+01	2.590065e+02
4.410000e-06	3.886382e-09	1.002420e-08	3.292470e+01	2.594038e+02
4.420000e-06	3.890267e-09	1.003588e-08	3.295761e+01	2.597852e+02
4.430000e-06	3.894068e-09	1.005199e-08	3.298981e+01	2.601468e+02
4.440000e-06	3.897755e-09	1.007034e-08	3.302104e+01	2.604858e+02
4.450000e-06	3.901290e-09	1.008430e-08	3.305099e+01	2.608009e+02
4.460000e-06	3.904681e-09	1.009484e-08	3.307972e+01	2.610927e+02
4.470000e-06	3.907879e-09	1.010469e-08	3.310681e+01	2.613636e+02
4.480000e-06	3.910836e-09	1.011118e-08	3.313186e+01	2.616172e+02
4.490000e-06	3.913544e-09	1.011248e-08	3.315481e+01	2.618584e+02
4.500000e-06	3.915975e-09	1.011309e-08	3.317540e+01	2.620920e+02
4.510000e-06	3.918132e-09	1.012227e-08	3.319367e+01	2.623219e+02
4.520000e-06	3.919970e-09	1.013953e-08	3.320925e+01	2.625505e+02
4.530000e-06	3.921491e-09	1.015293e-08	3.322213e+01	2.627779e+02
4.540000e-06	3.922722e-09	1.015644e-08	3.323256e+01	2.630018e+02
4.550000e-06	3.923672e-09	1.015758e-08	3.324061e+01	2.632172e+02
4.560000e-06	3.924395e-09	1.016223e-08	3.324673e+01	2.634175e+02
4.570000e-06	3.924924e-09	1.016521e-08	3.325122e+01	2.635949e+02
4.580000e-06	3.925285e-09	1.016446e-08	3.325428e+01	2.637420e+02
4.590000e-06	3.925498e-09	1.016516e-08	3.325608e+01	2.638528e+02
4.600000e-06	3.925596e-09	1.016646e-08	3.325691e+01	2.639240e+02
4.610000e-06	3.925594e-09	1.016821e-08	3.325690e+01	2.639561e+02
4.620000e-06	3.925497e-09	1.017530e-08	3.325608e+01	2.639537e+02
4.630000e-06	3.925303e-09	1.017761e-08	3.325443e+01	2.639257e+02
4.640000e-06	3.924998e-09	1.017234e-08	3.325185e+01	2.638845e+02
4.650000e-06	3.924568e-09	1.017206e-08	3.324821e+01	2.638449e+02
4.660000e-06	3.923990e-09	1.015105e-08	3.324331e+01	2.638226e+02
4.670000e-06	3.923241e-09	1.008609e-08	3.323696e+01	2.638322e+02
4.680000e-06	3.922283e-09	1.009699e-08	3.322885e+01	2.638853e+02
4.690000e-06	3.921124e-09	1.027839e-08	3.321903e+01	2.639888e+02
4.700000e-06	3.919740e-09	1.033322e-08	3.320730e+01	2.641440e+02
4.710000e-06	3.918145e-09	1.014084e-08	3.319379e+01	2.643457e+02
4.720000e-06	3.916401e-09	1.024776e-08	3.317902e+01	2.645825e+02
4.730000e-06	3.914481e-09	1.055376e-08	3.316275e+01	2.648378e+02
4.740000e-06	3.912402e-09	1.033982e-08	3.314514e+01	2.650916e+02
4.750000e-06	3.910216e-09	1.010534e-08	3.312662e+01	2.653221e+02
4.760000e-06	3.907902e-09	1.047977e-08	3.310702e+01	2.655088e+02
4.770000e-06	3.905434e-09	1.063258e-08	3.308611e+01	2.656343e+02
4.780000e-06	3.902802e-09	1.017037e-08	3.306381e+01	2.656862e+02
4.790000e-06	3.899984e-09	1.004068e-08	3.303993e+01	2.656592e+02
4.800000e-06	3.896962e-09	1.046947e-08	3.301433e+01	2.655547e+02
4.810000e-06	3.893743e-09	1.054806e-08	3.298707e+01	2.653816e+02
4.820000e-06	3.890350e-09	1.024796e-08	3.295832e+01	2.651544e+02
4.830000e-06	3.886785e-09	1.035205e-08	3.292812e+01	2.648917e+02
4.840000e-06	3.883079e-09	1.054432e-08	3.289672e+01	2.646141e+02
4.850000e-06	3.879265e-09	1.023064e-08	3.286441e+01	2.643416e+02
4.860000e-06	3.875346e-09	1.002083e-08	3.283121e+01	2.640910e+02
4.870000e-06	3.871338e-09	1.041224e-08	3.279726e+01	2.638744e+02
4.880000e-06	3.867259e-09	1.063074e-08	3.276270e+01	2.636979e+02
4.890000e-06	3.863104e-09	1.017357e-08	3.272750e+01	2.635608e+02
4.900000e-06	3.858837e-09	9.952267e-09	3.269135e+01	2.634563e+02
4.910000e-06	3.854441e-09	1.039741e-08	3.265411e+01	2.633727e+02
4.920000e-06	3.849873e-09	1.056376e-08	3.261541e+01	2.632952e+02
4.930000e-06	3.845079e-09	1.014171e-08	3.257480e+01	2.632078e+02
4.940000e-06	3.840040e-09	1.004610e-08	3.253210e+01	2.630963e+02
4.950000e-06	3.834743e-09	1.044851e-08	3.248723e+01	2.629494e+02
4.960000e-06	3.829133e-09	1.044865e-08	3.243970e+01	2.627612e+02
4.970000e-06	3.823177e-09	1.015344e-08	3.238925e+01	2.625310e+02
4.980000e-06	3.816901e-09	1.034047e-08	3.233608e+01	2.622640e+02
4.990000e-06	3.810308e-09	1.048541e-08	3.228023e+01	2.619704e+02
5.000000e-06	3.803410e-09	1.004998e-08	3.222179e+01	2.616638e+02
5.010000e-06	3.796255e-09	9.971580e-09	3.216117e+01	2.613589e+02
5.020000e-06	3.788883e-09	1.051700e-08	3.209872e+01	2.610700e+02
5.030000e-06	3.781332e-09	1.058305e-08	3.203475e+01	2.608084e+02
5.040000e-06	3.773635e-09	1.018226e-08	3.196954e+01	2.605811e+02
5.050000e-06	3.765817e-09	1.025139e-08	3.190330e+01	2.603890e+02
5.060000e-06	3.757892e-09	1.035375e-08	3.183617e+01	2.602274e+02
5.070000e-06	3.749878e-09	9.919248e-09	3.176828e+01	2.600858e+02
5.080000e-06	3.741787e-09	9.898751e-09	3.169973e+01	2.599491e+02
5.090000e-06	3.733601e-09	1.045518e-08	3.163038e+01	2.597996e+02
5.100000e-06	3.725314e-09	1.047944e-08	3.156017e+01	2.596188e+02
5.110000e-06	3.716901e-09	1.024323e-08	3.148890e+01	2.593897e+02
5.120000e-06	3.708338e-09	1.052341e-08	3.141636e+01	2.590984e+02
5.130000e-06	3.699578e-09	1.054793e-08	3.134214e+01	2.587359e+02
5.140000e-06	3.690633e-09	1.004212e-08	3.126636e+01	2.582990e+02
5.150000e-06	3.681525e-09	1.003983e-08	3.118920e+01	2.577901e+02
5.160000e-06	3.672220e-09	1.031675e-08	3.111037e+01	2.572172e+02
5.170000e-06	3.662718e-09	1.007542e-08	3.102987e+01	2.565920e+02
5.180000e-06	3.653055e-09	9.982252e-09	3.094801e+01	2.559292e+02
5.190000e-06	3.643250e-09	1.029451e-08	3.086495e+01	2.552439e+02
5.200000e-06	3.633294e-09	1.018804e-08	3.078059e+01	2.545503e+02
5.210000e-06	3.623230e-09	9.920736e-09	3.069534e+01	2.538601e+02
5.220000e-06	3.613043e-09	1.008372e-08	3.060904e+01	2.531813e+02
5.230000e-06	3.602696e-09	1.012705e-08	3.052138e+01	2.525176e+02
5.240000e-06	3.592202e-09	9.902088e-09	3.043248e+01	2.518687e+02
5.250000e-06	3.581551e-09	9.933735e-09	3.034225e+01	2.512304e+02
5.260000e-06	3.570727e-09	1.001721e-08	3.025054e+01	2.505963e+02
5.270000e-06	3.559720e-09	9.886157e-09	3.015729e+01	2.499581e+02
5.280000e-06	3.548524e-09	9.833560e-09	3.006244e+01	2.493077e+02
5.290000e-06	3.537148e-09	9.877059e-09	2.996607e+01	2.486382e+02
5.300000e-06	3.525606e-09	9.819412e-09	2.986829e+01	2.479445e+02
5.310000e-06	3.513914e-09	9.763873e-09	2.976924e+01	2.472244e+02
5.320000e-06	3.502065e-09	9.764234e-09	2.966886e+01	2.464782e+02
5.330000e-06	3.490041e-09	9.728947e-09	2.956699e+01	2.457088e+02
5.340000e-06	3.477867e-09	9.686429e-09	2.946385e+01	2.449209e+02
5.350000e-06	3.465555e-09	9.655861e-09	2.935954e+01	2.441201e+02
5.360000e-06	3.453058e-09	9.630051e-09	2.925368e+01	2.433121e+02
5.370000e-06	3.440363e-09	9.605187e-09	2.914612e+01	2.425018e+02
5.380000e-06	3.427455e-09	9.554478e-09	2.903677e+01	2.416928e+02
5.390000e-06	3.414299e-09	9.515433e-09	2.892532e+01	2.408864e+02
5.400000e-06	3.400900e-09	9.503841e-09	2.881180e+01	2.400824e+02
5.410000e-06	3.387257e-09	9.461617e-09	2.869623e+01	2.392786e+02
5.420000e-06	3.373361e-09	9.406741e-09	2.857850e+01	2.384717e+02
5.430000e-06	3.359187e-09	9.387215e-09	2.845842e+01	2.376577e+02
5.440000e-06	3.344737e-09	9.352955e-09	2.833600e+01	2.368327e+02
5.450000e-06	3.330025e-09	9.300530e-09	2.821136e+01	2.359934e+02
5.460000e-06	3.315056e-09	9.275248e-09	2.808456e+01	2.351378e+02
5.470000e-06	3.299873e-09	9.246668e-09	2.795593e+01	2.342652e+02
5.480000e-06	3.284500e-09	9.204876e-09	2.782569e+01	2.333762e+02
5.490000e-06	3.268949e-09	9.175307e-09	2.769394e+01	2.324727e+02
5.500000e-06	3.253272e-09	9.142903e-09	2.756113e+01	2.315573e+02
5.510000e-06	3.237499e-09	9.093211e-09	2.742751e+01	2.306328e+02
5.520000e-06	3.221627e-09	9.042292e-09	2.729304e+01	2.297019e+02
5.530000e-06	3.205665e-09	9.000740e-09	2.715781e+01	2.287663e+02
5.540000e-06	3.189630e-09	8.967069e-09	2.702197e+01	2.278269e+02
5.550000e-06	3.173525e-09	8.933341e-09	2.688553e+01	2.268836e+02
5.560000e-06	3.157330e-09	8.900995e-09	2.674833e+01	2.259351e+02
5.570000e-06	3.141056e-09	8.868812e-09	2.661045e+01	2.249795e+02
5.580000e-06	3.124691e-09	8.822586e-09	2.647181e+01	2.240145e+02
5.590000e-06	3.108185e-09	8.774889e-09	2.633198e+01	2.230379e+02
5.600000e-06	3.091527e-09	8.732141e-09	2.619086e+01	2.220482e+02
5.610000e-06	3.074715e-09	8.680520e-09	2.604843e+01	2.210446e+02
5.620000e-06	3.057727e-09	8.629054e-09	2.590451e+01	2.200273e+02
5.630000e-06	3.040576e-09	8.595523e-09	2.575921e+01	2.189978e+02
5.640000e-06	3.023273e-09	8.568093e-09	2.561262e+01	2.179583e+02
5.650000e-06	3.005824e-09	8.528599e-09	2.546480e+01	2.169114e+02
5.660000e-06	2.988246e-09	8.485351e-09	2.531588e+01	2.158601e+02
5.670000e-06	2.970544e-09	8.443462e-09	2.516592e+01	2.148069e+02
5.680000e-06	2.952730e-09	8.399688e-09	2.501499e+01	2.137537e+02
5.690000e-06	2.934823e-09	8.350698e-09	2.486329e+01	2.127012e+02
5.700000e-06	2.916827e-09	8.299920e-09	2.471084e+01	2.116491e+02
5.710000e-06	2.898726e-09	8.255590e-09	2.455748e+01	2.105961e+02
5.720000e-06	2.880520e-09	8.217065e-09	2.440324e+01	2.095399e+02
5.730000e-06	2.862215e-09	8.185673e-09	2.424817e+01	2.084777e+02
5.740000e-06	2.843796e-09	8.151558e-09	2.409213e+01	2.074066e+02
5.750000e-06	2.825241e-09	8.103239e-09	2.393494e+01	2.063241e+02
5.760000e-06	2.806560e-09	8.050759e-09	2.377667e+01	2.052284e+02
5.770000e-06	2.787740e-09	8.006607e-09	2.361723e+01	2.041185e+02
5.780000e-06	2.768758e-09	7.963744e-09	2.345642e+01	2.029948e+02
5.790000e-06	2.749630e-09	7.914207e-09	2.329437e+01	2.018583e+02
5.800000e-06	2.730359e-09	7.867817e-09	2.313111e+01	2.007112e+02
5.810000e-06	2.710940e-09	7.826829e-09	2.296660e+01	1.995560e+02
5.820000e-06	2.691402e-09	7.783262e-09	2.280108e+01	1.983952e+02
5.830000e-06	2.671746e-09	7.735287e-09	2.263455e+01	1.972312e+02
5.840000e-06	2.651992e-09	7.686666e-09	2.246720e+01	1.960657e+02
5.850000e-06	2.632179e-09	7.636912e-09	2.229935e+01	1.948993e+02
5.860000e-06	2.612300e-09	7.588857e-09	2.213094e+01	1.937318e+02
5.870000e-06	2.592369e-09	7.549585e-09	2.196208e+01	1.925621e+02
5.880000e-06	2.572394e-09	7.510505e-09	2.179286e+01	1.913883e+02
5.890000e-06	2.552374e-09	7.459966e-09	2.162326e+01	1.902081e+02
5.900000e-06	2.532305e-09	7.404014e-09	2.145323e+01	1.890192e+02
5.910000e-06	2.512191e-09	7.353868e-09	2.128283e+01	1.878196e+02
5.920000e-06	2.492032e-09	7.305422e-09	2.111205e+01	1.866077e+02
5.930000e-06	2.471816e-09	7.253934e-09	2.094078e+01	1.853831e+02
5.940000e-06	2.451523e-09	7.204995e-09	2.076887e+01	1.841459e+02
5.950000e-06	2.431134e-09	7.160848e-09	2.059613e+01	1.828973e+02
5.960000e-06	2.410663e-09	7.119109e-09	2.042270e+01	1.816389e+02
5.970000e-06	2.390071e-09	7.070509e-09	2.024826e+01	1.803729e+02
5.980000e-06	2.369326e-09	7.011203e-09	2.007251e+01	1.791014e+02
5.990000e-06	2.348437e-09	6.952396e-09	1.989554e+01	1.778263e+02
6.000000e-06	2.327367e-09	6.903841e-09	1.971704e+01	1.765489e+02
6.010000e-06	2.306106e-09	6.859321e-09	1.953692e+01	1.752700e+02
6.020000e-06	2.284650e-09	6.807607e-09	1.935515e+01	1.739896e+02
6.030000e-06	2.262991e-09	6.752953e-09	1.917166e+01	1.727069e+02
6.040000e-06	2.241150e-09	6.701259e-09	1.898663e+01	1.714208e+02
6.050000e-06	2.219144e-09	6.649322e-09	1.880019e+01	1.701300e+02
6.060000e-06	2.196935e-09	6.594159e-09	1.861205e+01	1.688330e+02
6.070000e-06	2.174531e-09	6.538036e-09	1.842224e+01	1.675288e+02
6.080000e-06	2.151970e-09	6.485364e-09	1.823112e+01	1.662165e+02
6.090000e-06	2.129248e-09	6.436903e-09	1.803862e+01	1.648962e+02
6.100000e-06	2.106373e-09	6.386096e-09	1.784483e+01	1.635682e+02
6.110000e-06	2.083354e-09	6.328177e-09	1.764982e+01	1.622336e+02
6.120000e-06	2.060203e-09	6.272910e-09	1.745369e+01	1.608934e+02
6.130000e-06	2.036927e-09	6.225126e-09	1.725650e+01	1.595491e+02
6.140000e-06	2.013529e-09	6.175876e-09	1.705827e+01	1.582018e+02
6.150000e-06	1.990015e-09	6.120481e-09	1.685906e+01	1.568523e+02
6.160000e-06	1.966410e-09	6.061230e-09	1.665909e+01	1.555009e+02
6.170000e-06	1.942734e-09	6.002412e-09	1.645851e+01	1.541473e+02
6.180000e-06	1.918987e-09	5.946405e-09	1.625733e+01	1.527907e+02
6.190000e-06	1.895177e-09	5.890364e-09	1.605561e+01	1.514300e+02
6.200000e-06	1.871309e-09	5.833161e-09	1.585341e+01	1.500635e+02
6.210000e-06	1.847387e-09	5.778970e-09	1.565075e+01	1.486899e+02
6.220000e-06	1.823421e-09	5.728271e-09	1.544771e+01	1.473076e+02
6.230000e-06	1.799421e-09	5.675164e-09	1.524439e+01	1.459158e+02
6.240000e-06	1.775391e-09	5.618349e-09	1.504081e+01	1.445140e+02
6.250000e-06	1.751327e-09	5.557587e-09	1.483694e+01	1.431020e+02
6.260000e-06	1.727219e-09	5.494170e-09	1.463271e+01	1.416805e+02
6.270000e-06	1.703085e-09	5.439937e-09	1.442824e+01	1.402504e+02
6.280000e-06	1.678920e-09	5.390722e-09	1.422352e+01	1.388128e+02
6.290000e-06	1.654715e-09	5.333903e-09	1.401847e+01	1.373690e+02
6.300000e-06	1.630454e-09	5.277242e-09	1.381292e+01	1.359200e+02
6.310000e-06	1.606128e-09	5.222527e-09	1.360684e+01	1.344667e+02
6.320000e-06	1.581749e-09	5.162470e-09	1.340030e+01	1.330095e+02
6.330000e-06	1.557298e-09	5.098614e-09	1.319316e+01	1.315487e+02
6.340000e-06	1.532803e-09	5.037592e-09	1.298565e+01	1.300841e+02
6.350000e-06	1.508287e-09	4.980347e-09	1.277795e+01	1.286152e+02
6.360000e-06	1.483696e-09	4.926354e-09	1.256962e+01	1.271415e+02
6.370000e-06	1.459025e-09	4.873198e-09	1.236061e+01	1.256627e+02
6.380000e-06	1.434272e-09	4.815729e-09	1.215091e+01	1.241784e+02
6.390000e-06	1.409433e-09	4.754269e-09	1.194048e+01	1.226885e+02
6.400000e-06	1.384531e-09	4.691465e-09	1.172951e+01	1.211934e+02
6.410000e-06	1.359541e-09	4.631597e-09	1.151780e+01	1.196933e+02
6.420000e-06	1.334486e-09	4.573030e-09	1.130554e+01	1.181889e+02
6.430000e-06	1.309373e-09	4.513581e-09	1.109279e+01	1.166808e+02
6.440000e-06	1.284179e-09	4.454751e-09	1.087935e+01	1.151695e+02
6.450000e-06	1.258937e-09	4.398048e-09	1.066550e+01	1.136553e+02
6.460000e-06	1.233614e-09	4.340280e-09	1.045098e+01	1.121382e+02
6.470000e-06	1.208218e-09	4.278253e-09	1.023582e+01	1.106177e+02
6.480000e-06	1.182766e-09	4.214153e-09	1.002019e+01	1.090933e+02
6.490000e-06	1.157260e-09	4.150775e-09	9.804119e+00	1.075642e+02
6.500000e-06	1.131719e-09	4.091875e-09	9.587733e+00	1.060292e+02
6.510000e-06	1.106142e-09	4.036324e-09	9.371050e+00	1.044875e+02
6.520000e-06	1.080515e-09	3.979109e-09	9.153943e+00	1.029385e+02
6.530000e-06	1.054821e-09	3.916972e-09	8.936267e+00	1.013816e+02
6.540000e-06	1.029088e-09	3.852492e-09	8.718263e+00	9.981704e+01
6.550000e-06	1.003305e-09	3.790759e-09	8.499841e+00	9.824513e+01
6.560000e-06	9.774894e-10	3.728867e-09	8.281132e+00	9.666671e+01
6.570000e-06	9.516488e-10	3.663010e-09	8.062215e+00	9.508285e+01
6.580000e-06	9.257781e-10	3.598463e-09	7.843043e+00	9.349474e+01
6.590000e-06	8.998710e-10	3.539470e-09	7.623563e+00	9.190352e+01
6.600000e-06	8.739022e-10	3.483874e-09	7.403561e+00	9.031013e+01
6.610000e-06	8.478980e-10	3.428291e-09	7.183258e+00	8.871518e+01
6.620000e-06	8.218619e-10	3.366189e-09	6.962684e+00	8.711891e+01
6.630000e-06	7.958092e-10	3.294903e-09	6.741970e+00	8.552114e+01
6.640000e-06	7.697402e-10	3.222076e-09	6.521118e+00	8.392136e+01
6.650000e-06	7.436379e-10	3.153688e-09	6.299985e+00	8.231882e+01
6.660000e-06	7.174985e-10	3.088427e-09	6.078537e+00	8.071269e+01
6.670000e-06	6.913265e-10	3.028266e-09	5.856812e+00	7.910218e+01
6.680000e-06	6.651375e-10	2.973233e-09	5.634943e+00	7.748672e+01
6.690000e-06	6.389310e-10	2.915592e-09	5.412927e+00	7.586603e+01
6.700000e-06	6.127182e-10	2.855607e-09	5.190857e+00	7.424018e+01
6.710000e-06	5.864684e-10	2.790818e-09	4.968474e+00	7.260955e+01
6.720000e-06	5.601826e-10	2.715106e-09	4.745785e+00	7.097478e+01
6.730000e-06	5.338884e-10	2.636972e-09	4.523026e+00	6.933665e+01
6.740000e-06	5.075822e-10	2.567154e-09	4.300165e+00	6.769591e+01
6.750000e-06	4.812466e-10	2.507231e-09	4.077054e+00	6.605316e+01
6.760000e-06	4.548885e-10	2.451648e-09	3.853753e+00	6.440872e+01
6.770000e-06	4.285270e-10	2.396397e-09	3.630423e+00	6.276260e+01
6.780000e-06	4.021341e-10	2.340139e-09	3.406827e+00	6.111442e+01
6.790000e-06	3.757095e-10	2.278607e-09	3.182963e+00	5.946349e+01
6.800000e-06	3.492703e-10	2.207926e-09	2.958974e+00	5.780896e+01
6.810000e-06	3.228109e-10	2.132071e-09	2.734815e+00	5.614986e+01
6.820000e-06	2.963418e-10	2.059193e-09	2.510574e+00	5.448535e+01
6.830000e-06	2.698489e-10	1.990441e-09	2.286131e+00	5.281482e+01
6.840000e-06	2.433440e-10	1.926888e-09	2.061587e+00	5.113798e+01
6.850000e-06	2.168443e-10	1.871108e-09	1.837086e+00	4.945496e+01
6.860000e-06	1.903267e-10	1.816651e-09	1.612434e+00	4.776627e+01
6.870000e-06	1.638012e-10	1.752518e-09	1.387715e+00	4.607274e+01
6.880000e-06	1.372745e-10	1.679427e-09	1.162986e+00	4.437540e+01
6.890000e-06	1.107383e-10	1.607158e-09	9.381759e-01	4.267532e+01
6.900000e-06	8.419348e-11	1.538246e-09	7.132933e-01	4.097346e+01
6.910000e-06	5.766757e-11	1.471636e-09	4.885708e-01	3.927049e+01
6.920000e-06	3.114191e-11	1.406648e-09	2.638505e-01	3.756676e+01
6.930000e-06	4.604089e-12	1.343763e-09	3.902705e-02	3.586218e+01
6.940000e-06	-2.192685e-11	1.280458e-09	-1.857381e-01	3.415628e+01
6.950000e-06	-4.843713e-11	1.212987e-09	-4.103281e-01	3.244829e+01
6.960000e-06	-7.493176e-11	1.145624e-09	-6.347853e-01	3.073724e+01
6.970000e-06	-1.014399e-10	1.080668e-09	-8.593567e-01	2.902214e+01
6.980000e-06	-1.279457e-10	1.014361e-09	-1.083910e+00	2.730212e+01
6.990000e-06	-1.544478e-10	9.442409e-10	-1.308430e+00	2.557652e+01
7.000000e-06	-1.809480e-10	8.759291e-10	-1.532935e+00	2.384502e+01
7.010000e-06	-2.074504e-10	8.126470e-10	-1.757459e+00	2.210764e+01
7.020000e-06	-2.339261e-10	7.470683e-10	-1.981755e+00	2.036469e+01
7.030000e-06	-2.603811e-10	6.771930e-10	-2.205878e+00	1.861667e+01
7.040000e-06	-2.868572e-10	6.095579e-10	-2.430178e+00	1.686416e+01
7.050000e-06	-3.133100e-10	5.463449e-10	-2.654281e+00	1.510769e+01
7.060000e-06	-3.397223e-10	4.827822e-10	-2.878041e+00	1.334757e+01
7.070000e-06	-3.661135e-10	4.143400e-10	-3.101624e+00	1.158383e+01
7.080000e-06	-3.924935e-10	3.431514e-10	-3.325110e+00	9.816213e+00
7.090000e-06	-4.188568e-10	2.751672e-10	-3.548455e+00	8.044149e+00
7.100000e-06	-4.451899e-10	2.079159e-10	-3.771544e+00	6.266886e+00
7.110000e-06	-4.715141e-10	1.357346e-10	-3.994557e+00	4.483616e+00
7.120000e-06	-4.978207e-10	6.065419e-11	-4.217422e+00	2.693636e+00
7.130000e-06	-5.240941e-10	-1.229705e-11	-4.440006e+00	8.965080e-01
7.140000e-06	-5.503488e-10	-8.204753e-11	-4.662431e+00	-9.078144e-01
7.150000e-06	-5.765973e-10	-1.488807e-10	-4.884803e+00	-2.718913e+00
7.160000e-06	-6.028267e-10	-2.126787e-10	-5.107014e+00	-4.535905e+00
7.170000e-06	-6.290214e-10	-2.780738e-10	-5.328931e+00	-6.357519e+00
7.180000e-06	-6.551966e-10	-3.447465e-10	-5.550683e+00	-8.182238e+00
7.190000e-06	-6.813478e-10	-4.101362e-10	-5.772232e+00	-1.000849e+01
7.200000e-06	-7.074617e-10	-4.836320e-10	-5.993464e+00	-1.183485e+01
7.210000e-06	-7.335537e-10	-5.693345e-10	-6.214511e+00	-1.366029e+01
7.220000e-06	-7.596275e-10	-6.549584e-10	-6.435403e+00	-1.548425e+01
7.230000e-06	-7.856661e-10	-7.268001e-10	-6.655998e+00	-1.730682e+01
7.240000e-06	-8.116735e-10	-7.861337e-10	-6.876327e+00	-1.912869e+01
7.250000e-06	-8.376573e-10	-8.425440e-10	-7.096458e+00	-2.095105e+01
7.260000e-06	-8.636055e-10	-9.028656e-10	-7.316286e+00	-2.277548e+01
7.270000e-06	-8.895193e-10	-9.710318e-10	-7.535823e+00	-2.460369e+01
7.280000e-06	-9.154000e-10	-1.045207e-09	-7.755080e+00	-2.643725e+01
7.290000e-06	-9.412447e-10	-1.122187e-09	-7.974032e+00	-2.827741e+01
7.300000e-06	-9.670339e-10	-1.202415e-09	-8.192513e+00	-3.012485e+01
7.310000e-06	-9.927813e-10	-1.284830e-09	-8.410640e+00	-3.197957e+01
7.320000e-06	-1.018508e-09	-1.359887e-09	-8.628594e+00	-3.384089e+01
7.330000e-06	-1.044194e-09	-1.424767e-09	-8.846195e+00	-3.570749e+01
7.340000e-06	-1.069810e-09	-1.490358e-09	-9.063217e+00	-3.757757e+01
7.350000e-06	-1.095384e-09	-1.560827e-09	-9.279869e+00	-3.944908e+01
7.360000e-06	-1.120923e-09	-1.632302e-09	-9.496231e+00	-4.131995e+01
7.370000e-06	-1.146405e-09	-1.704082e-09	-9.712111e+00	-4.318835e+01
7.380000e-06	-1.171809e-09	-1.777085e-09	-9.927328e+00	-4.505292e+01
7.390000e-06	-1.197136e-09	-1.849110e-09	-1.014190e+01	-4.691285e+01
7.400000e-06	-1.222416e-09	-1.918652e-09	-1.035606e+01	-4.876800e+01
7.410000e-06	-1.247652e-09	-1.991877e-09	-1.056986e+01	-5.061882e+01
7.420000e-06	-1.272838e-09	-2.071390e-09	-1.078323e+01	-5.246623e+01
7.430000e-06	-1.297938e-09	-2.150634e-09	-1.099587e+01	-5.431145e+01
7.440000e-06	-1.322934e-09	-2.222390e-09	-1.120763e+01	-5.615574e+01
7.450000e-06	-1.347861e-09	-2.286905e-09	-1.141880e+01	-5.800021e+01
7.460000e-06	-1.372729e-09	-2.352109e-09	-1.162948e+01	-5.984565e+01
7.470000e-06	-1.397528e-09	-2.421296e-09	-1.183957e+01	-6.169234e+01
7.480000e-06	-1.422266e-09	-2.493415e-09	-1.204915e+01	-6.354009e+01
7.490000e-06	-1.446937e-09	-2.569044e-09	-1.225816e+01	-6.538820e+01
7.500000e-06	-1.471522e-09	-2.646040e-09	-1.246644e+01	-6.723561e+01
7.510000e-06	-1.496029e-09	-2.719543e-09	-1.267406e+01	-6.908104e+01
7.520000e-06	-1.520481e-09	-2.790253e-09	-1.288121e+01	-7.092319e+01
7.530000e-06	-1.544869e-09	-2.858925e-09	-1.308782e+01	-7.276094e+01
7.540000e-06	-1.569214e-09	-2.922747e-09	-1.329407e+01	-7.459345e+01
7.550000e-06	-1.593527e-09	-2.987143e-09	-1.350005e+01	-7.642028e+01
7.560000e-06	-1.617787e-09	-3.060368e-09	-1.370557e+01	-7.824143e+01
7.570000e-06	-1.641994e-09	-3.140133e-09	-1.391065e+01	-8.005726e+01
7.580000e-06	-1.666166e-09	-3.216999e-09	-1.411543e+01	-8.186838e+01
7.590000e-06	-1.690310e-09	-3.286011e-09	-1.431997e+01	-8.367554e+01
7.600000e-06	-1.714412e-09	-3.347760e-09	-1.452416e+01	-8.547943e+01
7.610000e-06	-1.738476e-09	-3.408502e-09	-1.472803e+01	-8.728057e+01
7.620000e-06	-1.762508e-09	-3.478020e-09	-1.493162e+01	-8.907916e+01
7.630000e-06	-1.786501e-09	-3.556190e-09	-1.513489e+01	-9.087511e+01
7.640000e-06	-1.810467e-09	-3.632440e-09	-1.533792e+01	-9.266796e+01
7.650000e-06	-1.834400e-09	-3.701356e-09	-1.554067e+01	-9.445702e+01
7.660000e-06	-1.858289e-09	-3.767559e-09	-1.574306e+01	-9.624148e+01
7.670000e-06	-1.882129e-09	-3.834375e-09	-1.594503e+01	-9.802053e+01
7.680000e-06	-1.905918e-09	-3.899734e-09	-1.614657e+01	-9.979351e+01
7.690000e-06	-1.929661e-09	-3.962037e-09	-1.634771e+01	-1.015600e+02
7.700000e-06	-1.953322e-09	-4.029012e-09	-1.654816e+01	-1.033200e+02
7.710000e-06	-1.976865e-09	-4.106756e-09	-1.674761e+01	-1.050737e+02
7.720000e-06	-2.000313e-09	-4.184381e-09	-1.694626e+01	-1.068217e+02
7.730000e-06	-2.023671e-09	-4.253526e-09	-1.714415e+01	-1.085646e+02
7.740000e-06	-2.046904e-09	-4.317963e-09	-1.734097e+01	-1.103031e+02
7.750000e-06	-2.069998e-09	-4.381409e-09	-1.753662e+01	-1.120377e+02
7.760000e-06	-2.092952e-09	-4.446132e-09	-1.773109e+01	-1.137688e+02
7.770000e-06	-2.115765e-09	-4.512605e-09	-1.792435e+01	-1.154962e+02
7.780000e-06	-2.138446e-09	-4.578853e-09	-1.811650e+01	-1.172194e+02
7.790000e-06	-2.160951e-09	-4.646293e-09	-1.830716e+01	-1.189377e+02
7.800000e-06	-2.183239e-09	-4.716400e-09	-1.849598e+01	-1.206499e+02
7.810000e-06	-2.205354e-09	-4.782517e-09	-1.868333e+01	-1.223550e+02
7.820000e-06	-2.227285e-09	-4.842354e-09	-1.886913e+01	-1.240518e+02
7.830000e-06	-2.249030e-09	-4.905090e-09	-1.905335e+01	-1.257396e+02
7.840000e-06	-2.270612e-09	-4.974658e-09	-1.923618e+01	-1.274177e+02
7.850000e-06	-2.292016e-09	-5.042909e-09	-1.941752e+01	-1.290864e+02
7.860000e-06	-2.313247e-09	-5.107276e-09	-1.959738e+01	-1.307460e+02
7.870000e-06	-2.334301e-09	-5.171308e-09	-1.977574e+01	-1.323974e+02
7.880000e-06	-2.355181e-09	-5.235109e-09	-1.995264e+01	-1.340417e+02
7.890000e-06	-2.375906e-09	-5.297037e-09	-2.012822e+01	-1.356801e+02
7.900000e-06	-2.396517e-09	-5.356252e-09	-2.030283e+01	-1.373136e+02
7.910000e-06	-2.417014e-09	-5.415554e-09	-2.047648e+01	-1.389430e+02
7.920000e-06	-2.437396e-09	-5.478298e-09	-2.064915e+01	-1.405684e+02
7.930000e-06	-2.457680e-09	-5.545309e-09	-2.082099e+01	-1.421896e+02
7.940000e-06	-2.477905e-09	-5.611935e-09	-2.099233e+01	-1.438057e+02
7.950000e-06	-2.498081e-09	-5.672788e-09	-2.116326e+01	-1.454154e+02
7.960000e-06	-2.518193e-09	-5.732754e-09	-2.133364e+01	-1.470170e+02
7.970000e-06	-2.538255e-09	-5.796822e-09	-2.150361e+01	-1.486090e+02
7.980000e-06	-2.558280e-09	-5.860441e-09	-2.167325e+01	-1.501898e+02
7.990000e-06	-2.578262e-09	-5.919967e-09	-2.184254e+01	-1.517582e+02
8.000000e-06	-2.598193e-09	-5.979944e-09	-2.201139e+01	-1.533136e+02
8.010000e-06	-2.618063e-09	-6.043434e-09	-2.217973e+01	-1.548560e+02
8.020000e-06	-2.637849e-09	-6.105713e-09	-2.234735e+01	-1.563858e+02
8.030000e-06	-2.657550e-09	-6.163756e-09	-2.251426e+01	-1.579042e+02
8.040000e-06	-2.677149e-09	-6.218585e-09	-2.268030e+01	-1.594126e+02
8.050000e-06	-2.696625e-09	-6.275244e-09	-2.284529e+01	-1.609126e+02
8.060000e-06	-2.715995e-09	-6.334891e-09	-2.300939e+01	-1.624056e+02
8.070000e-06	-2.735217e-09	-6.394157e-09	-2.317223e+01	-1.638930e+02
8.080000e-06	-2.754279e-09	-6.452838e-09	-2.333372e+01	-1.653756e+02
8.090000e-06	-2.773212e-09	-6.511813e-09	-2.349412e+01	-1.668535e+02
8.100000e-06	-2.792011e-09	-6.571504e-09	-2.365338e+01	-1.683265e+02
8.110000e-06	-2.810670e-09	-6.631117e-09	-2.381146e+01	-1.697939e+02
8.120000e-06	-2.829183e-09	-6.687538e-09	-2.396830e+01	-1.712546e+02
8.130000e-06	-2.847579e-09	-6.739038e-09	-2.412414e+01	-1.727075e+02
8.140000e-06	-2.865878e-09	-6.790556e-09	-2.427917e+01	-1.741513e+02
8.150000e-06	-2.884056e-09	-6.847729e-09	-2.443317e+01	-1.755852e+02
8.160000e-06	-2.902119e-09	-6.909027e-09	-2.458620e+01	-1.770085e+02
8.170000e-06	-2.920106e-09	-6.969791e-09	-2.473858e+01	-1.784210e+02
8.180000e-06	-2.937998e-09	-7.025520e-09	-2.489016e+01	-1.798229e+02
8.190000e-06	-2.955767e-09	-7.075771e-09	-2.504070e+01	-1.812145e+02
8.200000e-06	-2.973414e-09	-7.124956e-09	-2.519019e+01	-1.825966e+02
8.210000e-06	-2.990925e-09	-7.177222e-09	-2.533855e+01	-1.839697e+02
8.220000e-06	-3.008295e-09	-7.231357e-09	-2.548570e+01	-1.853343e+02
8.230000e-06	-3.025506e-09	-7.283316e-09	-2.563151e+01	-1.866906e+02
8.240000e-06	-3.042582e-09	-7.335913e-09	-2.577618e+01	-1.880385e+02
8.250000e-06	-3.059533e-09	-7.394818e-09	-2.591978e+01	-1.893776e+02
8.260000e-06	-3.076325e-09	-7.454685e-09	-2.606204e+01	-1.907074e+02
8.270000e-06	-3.092970e-09	-7.503741e-09	-2.620305e+01	-1.920270e+02
8.280000e-06	-3.109490e-09	-7.546189e-09	-2.634301e+01	-1.933358e+02
8.290000e-06	-3.125881e-09	-7.595498e-09	-2.648187e+01	-1.946333e+02
8.300000e-06	-3.142162e-09	-7.650742e-09	-2.661980e+01	-1.959194e+02
8.310000e-06	-3.158363e-09	-7.700698e-09	-2.675705e+01	-1.971942e+02
8.320000e-06	-3.174490e-09	-7.744270e-09	-2.689368e+01	-1.984583e+02
8.330000e-06	-3.190535e-09	-7.793031e-09	-2.702961e+01	-1.997126e+02
8.340000e-06	-3.206503e-09	-7.847787e-09	-2.716488e+01	-2.009582e+02
8.350000e-06	-3.222394e-09	-7.899689e-09	-2.729952e+01	-2.021961e+02
8.360000e-06	-3.238177e-09	-7.946580e-09	-2.743323e+01	-2.034272e+02
8.370000e-06	-3.253856e-09	-7.990575e-09	-2.756605e+01	-2.046518e+02
8.380000e-06	-3.269352e-09	-8.040597e-09	-2.769733e+01	-2.058699e+02
8.390000e-06	-3.284629e-09	-8.095146e-09	-2.782676e+01	-2.070811e+02
8.400000e-06	-3.299705e-09	-8.143464e-09	-2.795448e+01	-2.082841e+02
8.410000e-06	-3.314548e-09	-8.184479e-09	-2.808023e+01	-2.094776e+02
8.420000e-06	-3.329137e-09	-8.224316e-09	-2.820382e+01	-2.106601e+02
8.430000e-06	-3.343449e-09	-8.267239e-09	-2.832507e+01	-2.118302e+02
8.440000e-06	-3.357499e-09	-8.309062e-09	-2.844409e+01	-2.129867e+02
8.450000e-06	-3.371251e-09	-8.353864e-09	-2.856060e+01	-2.141290e+02
8.460000e-06	-3.384707e-09	-8.403897e-09	-2.867460e+01	-2.152571e+02
8.470000e-06	-3.397923e-09	-8.451998e-09	-2.878656e+01	-2.163719e+02
8.480000e-06	-3.410927e-09	-8.497219e-09	-2.889673e+01	-2.174745e+02
8.490000e-06	-3.423736e-09	-8.539262e-09	-2.900524e+01	-2.185666e+02
8.500000e-06	-3.436362e-09	-8.578899e-09	-2.911221e+01	-2.196499e+02
8.510000e-06	-3.448831e-09	-8.616894e-09	-2.921785e+01	-2.207261e+02
8.520000e-06	-3.461162e-09	-8.655892e-09	-2.932231e+01	-2.217963e+02
8.530000e-06	-3.473357e-09	-8.699186e-09	-2.942562e+01	-2.228609e+02
8.540000e-06	-3.485423e-09	-8.746561e-09	-2.952784e+01	-2.239195e+02
8.550000e-06	-3.497359e-09	-8.794890e-09	-2.962897e+01	-2.249710e+02
8.560000e-06	-3.509152e-09	-8.837701e-09	-2.972887e+01	-2.260136e+02
8.570000e-06	-3.520812e-09	-8.874210e-09	-2.982766e+01	-2.270450e+02
8.580000e-06	-3.532313e-09	-8.907363e-09	-2.992509e+01	-2.280627e+02
8.590000e-06	-3.543626e-09	-8.942841e-09	-3.002093e+01	-2.290647e+02
8.600000e-06	-3.554763e-09	-8.981572e-09	-3.011528e+01	-2.300491e+02
8.610000e-06	-3.565702e-09	-9.019397e-09	-3.020795e+01	-2.310151e+02
8.620000e-06	-3.576451e-09	-9.058663e-09	-3.029902e+01	-2.319627e+02
8.630000e-06	-3.587030e-09	-9.102638e-09	-3.038865e+01	-2.328929e+02
8.640000e-06	-3.597458e-09	-9.147621e-09	-3.047698e+01	-2.338073e+02
8.650000e-06	-3.607749e-09	-9.186294e-09	-3.056417e+01	-2.347080e+02
8.660000e-06	-3.617903e-09	-9.217876e-09	-3.065019e+01	-2.355974e+02
8.670000e-06	-3.627920e-09	-9.246484e-09	-3.073505e+01	-2.364775e+02
8.680000e-06	-3.637818e-09	-9.277899e-09	-3.081891e+01	-2.373498e+02
8.690000e-06	-3.647599e-09	-9.313956e-09	-3.090177e+01	-2.382149e+02
8.700000e-06	-3.657208e-09	-9.350666e-09	-3.098318e+01	-2.390726e+02
8.710000e-06	-3.666630e-09	-9.385825e-09	-3.106300e+01	-2.399215e+02
8.720000e-06	-3.675866e-09	-9.422366e-09	-3.114125e+01	-2.407596e+02
8.730000e-06	-3.684929e-09	-9.460001e-09	-3.121803e+01	-2.415845e+02
8.740000e-06	-3.693817e-09	-9.490804e-09	-3.129332e+01	-2.423937e+02
8.750000e-06	-3.702508e-09	-9.515163e-09	-3.136695e+01	-2.431848e+02
8.760000e-06	-3.711046e-09	-9.540498e-09	-3.143928e+01	-2.439564e+02
8.770000e-06	-3.719453e-09	-9.572176e-09	-3.151051e+01	-2.447078e+02
8.780000e-06	-3.727744e-09	-9.608448e-09	-3.158075e+01	-2.454394e+02
8.790000e-06	-3.735950e-09	-9.642778e-09	-3.165026e+01	-2.461525e+02
8.800000e-06	-3.744072e-09	-9.672407e-09	-3.171907e+01	-2.468492e+02
8.810000e-06	-3.752108e-09	-9.697133e-09	-3.178716e+01	-2.475320e+02
8.820000e-06	-3.760055e-09	-9.722708e-09	-3.185448e+01	-2.482031e+02
8.830000e-06	-3.767881e-09	-9.753043e-09	-3.192078e+01	-2.488644e+02
8.840000e-06	-3.775583e-09	-9.784629e-09	-3.198603e+01	-2.495169e+02
8.850000e-06	-3.783146e-09	-9.808312e-09	-3.205010e+01	-2.501607e+02
8.860000e-06	-3.790530e-09	-9.826917e-09	-3.211266e+01	-2.507946e+02
8.870000e-06	-3.797712e-09	-9.852367e-09	-3.217350e+01	-2.514165e+02
8.880000e-06	-3.804663e-09	-9.882551e-09	-3.223239e+01	-2.520237e+02
8.890000e-06	-3.811343e-09	-9.910796e-09	-3.228898e+01	-2.526132e+02
8.900000e-06	-3.817730e-09	-9.931744e-09	-3.234310e+01	-2.531824e+02
8.910000e-06	-3.823813e-09	-9.952937e-09	-3.239462e+01	-2.537294e+02
8.920000e-06	-3.829572e-09	-9.979336e-09	-3.244342e+01	-2.542533e+02
8.930000e-06	-3.835050e-09	-9.999938e-09	-3.248983e+01	-2.547549e+02
8.940000e-06	-3.840261e-09	-1.001293e-08	-3.253397e+01	-2.552359e+02
8.950000e-06	-3.845232e-09	-1.002571e-08	-3.257608e+01	-2.556993e+02
8.960000e-06	-3.849982e-09	-1.004762e-08	-3.261633e+01	-2.561488e+02
8.970000e-06	-3.854529e-09	-1.007632e-08	-3.265485e+01	-2.565881e+02
8.980000e-06	-3.858932e-09	-1.010446e-08	-3.269215e+01	-2.570205e+02
8.990000e-06	-3.863222e-09	-1.012592e-08	-3.272849e+01	-2.574484e+02
9.000000e-06	-3.867403e-09	-1.013793e-08	-3.276391e+01	-2.578727e+02
9.010000e-06	-3.871490e-09	-1.014956e-08	-3.279853e+01	-2.582927e+02
9.020000e-06	-3.875496e-09	-1.016164e-08	-3.283248e+01	-2.587062e+02
9.030000e-06	-3.879408e-09	-1.017349e-08	-3.286562e+01	-2.591099e+02
9.040000e-06	-3.883211e-09	-1.018916e-08	-3.289784e+01	-2.594997e+02
9.050000e-06	-3.886876e-09	-1.021178e-08	-3.292888e+01	-2.598715e+02
9.060000e-06	-3.890386e-09	-1.023474e-08	-3.295862e+01	-2.602219e+02
9.070000e-06	-3.893739e-09	-1.025243e-08	-3.298703e+01	-2.605490e+02
9.080000e-06	-3.896896e-09	-1.026813e-08	-3.301377e+01	-2.608522e+02
9.090000e-06	-3.899845e-09	-1.027626e-08	-3.303876e+01	-2.611330e+02
9.100000e-06	-3.902615e-09	-1.027854e-08	-3.306222e+01	-2.613947e+02
9.110000e-06	-3.905206e-09	-1.028320e-08	-3.308418e+01	-2.616415e+02
9.120000e-06	-3.907637e-09	-1.029379e-08	-3.310477e+01	-2.618784e+02
9.130000e-06	-3.909932e-09	-1.030943e-08	-3.312422e+01	-2.621098e+02
9.140000e-06	-3.912095e-09	-1.032882e-08	-3.314254e+01	-2.623390e+02
9.150000e-06	-3.914128e-09	-1.034900e-08	-3.315976e+01	-2.625672e+02
9.160000e-06	-3.916065e-09	-1.036370e-08	-3.317617e+01	-2.627933e+02
9.170000e-06	-3.917831e-09	-1.037089e-08	-3.319114e+01	-2.630137e+02
9.180000e-06	-3.919261e-09	-1.036850e-08	-3.320325e+01	-2.632224e+02
9.190000e-06	-3.920489e-09	-1.036365e-08	-3.321365e+01	-2.634121e+02
9.200000e-06	-3.921663e-09	-1.036680e-08	-3.322359e+01	-2.635750e+02
9.210000e-06	-3.922656e-09	-1.037600e-08	-3.323201e+01	-2.637043e+02
9.220000e-06	-3.923433e-09	-1.039033e-08	-3.323859e+01	-2.637953e+02
9.230000e-06	-3.924066e-09	-1.041136e-08	-3.324396e+01	-2.638464e+02
9.240000e-06	-3.924546e-09	-1.042533e-08	-3.324803e+01	-2.638603e+02
