# Temperatura_=_20.0
# Concentracion g/m^3_=_10770.0
# C_Vs_to_Am_M_A/Vsm_=_116720831517.84952
# pendiente_HvsI_1/m_=_3716.3
# ordenada_HvsI_A/m_=_1297.0
# frecuencia_Hz_=_108123.26233134688
# Promedio de 29 ciclos

Tiempo_(s)	Campo_(V.s)	Magnetizacion_(V.s)	Campo_(kA/m)	Magnetizacion_(A/m)
0.000000e+00	-3.766543e-09	-1.852944e-09	-3.028257e+01	-2.124612e+02
1.000000e-08	-3.766765e-09	-1.854522e-09	-3.028435e+01	-2.123761e+02
2.000000e-08	-3.766901e-09	-1.857709e-09	-3.028544e+01	-2.122880e+02
3.000000e-08	-3.766947e-09	-1.859690e-09	-3.028582e+01	-2.122164e+02
4.000000e-08	-3.766886e-09	-1.857102e-09	-3.028533e+01	-2.121794e+02
5.000000e-08	-3.766670e-09	-1.854374e-09	-3.028359e+01	-2.121916e+02
6.000000e-08	-3.766251e-09	-1.847398e-09	-3.028022e+01	-2.122617e+02
7.000000e-08	-3.765616e-09	-1.841276e-09	-3.027511e+01	-2.123917e+02
8.000000e-08	-3.764733e-09	-1.846881e-09	-3.026801e+01	-2.125764e+02
9.000000e-08	-3.763584e-09	-1.873276e-09	-3.025878e+01	-2.128037e+02
1.000000e-07	-3.762183e-09	-1.886295e-09	-3.024751e+01	-2.130562e+02
1.100000e-07	-3.760525e-09	-1.840240e-09	-3.023418e+01	-2.133131e+02
1.200000e-07	-3.758597e-09	-1.863542e-09	-3.021868e+01	-2.135522e+02
1.300000e-07	-3.756381e-09	-1.926917e-09	-3.020087e+01	-2.137530e+02
1.400000e-07	-3.753895e-09	-1.893711e-09	-3.018088e+01	-2.138984e+02
1.500000e-07	-3.751118e-09	-1.858455e-09	-3.015855e+01	-2.139764e+02
1.600000e-07	-3.748066e-09	-1.901872e-09	-3.013401e+01	-2.139818e+02
1.700000e-07	-3.744814e-09	-1.941002e-09	-3.010787e+01	-2.139156e+02
1.800000e-07	-3.741388e-09	-1.879213e-09	-3.008032e+01	-2.137848e+02
1.900000e-07	-3.737836e-09	-1.836815e-09	-3.005177e+01	-2.136013e+02
2.000000e-07	-3.734188e-09	-1.884794e-09	-3.002244e+01	-2.133798e+02
2.100000e-07	-3.730456e-09	-1.908011e-09	-2.999243e+01	-2.131362e+02
2.200000e-07	-3.726649e-09	-1.862647e-09	-2.996182e+01	-2.128850e+02
2.300000e-07	-3.722765e-09	-1.837103e-09	-2.993060e+01	-2.126382e+02
2.400000e-07	-3.718791e-09	-1.895387e-09	-2.989864e+01	-2.124037e+02
2.500000e-07	-3.714700e-09	-1.912431e-09	-2.986576e+01	-2.121848e+02
2.600000e-07	-3.710484e-09	-1.869741e-09	-2.983186e+01	-2.119803e+02
2.700000e-07	-3.706128e-09	-1.858393e-09	-2.979684e+01	-2.117852e+02
2.800000e-07	-3.701605e-09	-1.873339e-09	-2.976047e+01	-2.115917e+02
2.900000e-07	-3.696894e-09	-1.861643e-09	-2.972260e+01	-2.113907e+02
3.000000e-07	-3.691988e-09	-1.835496e-09	-2.968315e+01	-2.111735e+02
3.100000e-07	-3.686892e-09	-1.859545e-09	-2.964218e+01	-2.109328e+02
3.200000e-07	-3.681603e-09	-1.866859e-09	-2.959966e+01	-2.106641e+02
3.300000e-07	-3.676123e-09	-1.845491e-09	-2.955560e+01	-2.103660e+02
3.400000e-07	-3.670489e-09	-1.843011e-09	-2.951030e+01	-2.100403e+02
3.500000e-07	-3.664711e-09	-1.854944e-09	-2.946385e+01	-2.096914e+02
3.600000e-07	-3.658775e-09	-1.832595e-09	-2.941612e+01	-2.093259e+02
3.700000e-07	-3.652675e-09	-1.798249e-09	-2.936708e+01	-2.089510e+02
3.800000e-07	-3.646413e-09	-1.818456e-09	-2.931673e+01	-2.085738e+02
3.900000e-07	-3.639984e-09	-1.831372e-09	-2.926505e+01	-2.081997e+02
4.000000e-07	-3.633385e-09	-1.810273e-09	-2.921199e+01	-2.078321e+02
4.100000e-07	-3.626602e-09	-1.799718e-09	-2.915745e+01	-2.074717e+02
4.200000e-07	-3.619630e-09	-1.813543e-09	-2.910140e+01	-2.071163e+02
4.300000e-07	-3.612488e-09	-1.803864e-09	-2.904398e+01	-2.067616e+02
4.400000e-07	-3.605199e-09	-1.777978e-09	-2.898538e+01	-2.064014e+02
4.500000e-07	-3.597763e-09	-1.781595e-09	-2.892560e+01	-2.060289e+02
4.600000e-07	-3.590187e-09	-1.782999e-09	-2.886469e+01	-2.056374e+02
4.700000e-07	-3.582527e-09	-1.775127e-09	-2.880310e+01	-2.052212e+02
4.800000e-07	-3.574786e-09	-1.772067e-09	-2.874086e+01	-2.047764e+02
4.900000e-07	-3.566948e-09	-1.772441e-09	-2.867785e+01	-2.043015e+02
5.000000e-07	-3.559020e-09	-1.757685e-09	-2.861411e+01	-2.037971e+02
5.100000e-07	-3.550999e-09	-1.744532e-09	-2.854961e+01	-2.032658e+02
5.200000e-07	-3.542856e-09	-1.747654e-09	-2.848415e+01	-2.027120e+02
5.300000e-07	-3.534555e-09	-1.740004e-09	-2.841741e+01	-2.021409e+02
5.400000e-07	-3.526075e-09	-1.731244e-09	-2.834923e+01	-2.015582e+02
5.500000e-07	-3.517399e-09	-1.730266e-09	-2.827947e+01	-2.009687e+02
5.600000e-07	-3.508479e-09	-1.731040e-09	-2.820776e+01	-2.003767e+02
5.700000e-07	-3.499263e-09	-1.719159e-09	-2.813367e+01	-1.997849e+02
5.800000e-07	-3.489769e-09	-1.706108e-09	-2.805734e+01	-1.991948e+02
5.900000e-07	-3.480006e-09	-1.699632e-09	-2.797884e+01	-1.986064e+02
6.000000e-07	-3.469969e-09	-1.691580e-09	-2.789815e+01	-1.980188e+02
6.100000e-07	-3.459657e-09	-1.690166e-09	-2.781523e+01	-1.974305e+02
6.200000e-07	-3.449084e-09	-1.687854e-09	-2.773023e+01	-1.968398e+02
6.300000e-07	-3.438285e-09	-1.684748e-09	-2.764340e+01	-1.962450e+02
6.400000e-07	-3.427265e-09	-1.679508e-09	-2.755480e+01	-1.956450e+02
6.500000e-07	-3.416059e-09	-1.674845e-09	-2.746471e+01	-1.950393e+02
6.600000e-07	-3.404688e-09	-1.668050e-09	-2.737329e+01	-1.944277e+02
6.700000e-07	-3.393162e-09	-1.658463e-09	-2.728062e+01	-1.938106e+02
6.800000e-07	-3.381494e-09	-1.652508e-09	-2.718682e+01	-1.931884e+02
6.900000e-07	-3.369698e-09	-1.646209e-09	-2.709198e+01	-1.925612e+02
7.000000e-07	-3.357779e-09	-1.644948e-09	-2.699615e+01	-1.919291e+02
7.100000e-07	-3.345717e-09	-1.642431e-09	-2.689917e+01	-1.912913e+02
7.200000e-07	-3.333502e-09	-1.638460e-09	-2.680097e+01	-1.906466e+02
7.300000e-07	-3.321116e-09	-1.632575e-09	-2.670138e+01	-1.899936e+02
7.400000e-07	-3.308560e-09	-1.623335e-09	-2.660044e+01	-1.893303e+02
7.500000e-07	-3.295845e-09	-1.614596e-09	-2.649821e+01	-1.886551e+02
7.600000e-07	-3.282944e-09	-1.608164e-09	-2.639448e+01	-1.879669e+02
7.700000e-07	-3.269880e-09	-1.607005e-09	-2.628945e+01	-1.872654e+02
7.800000e-07	-3.256649e-09	-1.603176e-09	-2.618307e+01	-1.865510e+02
7.900000e-07	-3.243246e-09	-1.599649e-09	-2.607531e+01	-1.858256e+02
8.000000e-07	-3.229698e-09	-1.595072e-09	-2.596639e+01	-1.850918e+02
8.100000e-07	-3.216005e-09	-1.589025e-09	-2.585630e+01	-1.843530e+02
8.200000e-07	-3.202182e-09	-1.583177e-09	-2.574517e+01	-1.836131e+02
8.300000e-07	-3.188247e-09	-1.574199e-09	-2.563313e+01	-1.828760e+02
8.400000e-07	-3.174193e-09	-1.565893e-09	-2.552014e+01	-1.821449e+02
8.500000e-07	-3.159965e-09	-1.558265e-09	-2.540574e+01	-1.814224e+02
8.600000e-07	-3.145534e-09	-1.554578e-09	-2.528973e+01	-1.807098e+02
8.700000e-07	-3.130929e-09	-1.549936e-09	-2.517230e+01	-1.800074e+02
8.800000e-07	-3.116113e-09	-1.543464e-09	-2.505318e+01	-1.793140e+02
8.900000e-07	-3.101094e-09	-1.537928e-09	-2.493243e+01	-1.786274e+02
9.000000e-07	-3.085869e-09	-1.533487e-09	-2.481002e+01	-1.779448e+02
9.100000e-07	-3.070418e-09	-1.531358e-09	-2.468580e+01	-1.772628e+02
9.200000e-07	-3.054739e-09	-1.526307e-09	-2.455975e+01	-1.765783e+02
9.300000e-07	-3.038813e-09	-1.520807e-09	-2.443170e+01	-1.758884e+02
9.400000e-07	-3.022709e-09	-1.514103e-09	-2.430222e+01	-1.751906e+02
9.500000e-07	-3.006467e-09	-1.505590e-09	-2.417164e+01	-1.744835e+02
9.600000e-07	-2.990061e-09	-1.495607e-09	-2.403974e+01	-1.737660e+02
9.700000e-07	-2.973496e-09	-1.485892e-09	-2.390655e+01	-1.730377e+02
9.800000e-07	-2.956811e-09	-1.478532e-09	-2.377241e+01	-1.722984e+02
9.900000e-07	-2.940010e-09	-1.470760e-09	-2.363733e+01	-1.715481e+02
1.000000e-06	-2.923088e-09	-1.463638e-09	-2.350128e+01	-1.707864e+02
1.010000e-06	-2.906066e-09	-1.455672e-09	-2.336443e+01	-1.700124e+02
1.020000e-06	-2.888958e-09	-1.449695e-09	-2.322688e+01	-1.692250e+02
1.030000e-06	-2.871771e-09	-1.444872e-09	-2.308870e+01	-1.684222e+02
1.040000e-06	-2.854484e-09	-1.436710e-09	-2.294971e+01	-1.676020e+02
1.050000e-06	-2.837080e-09	-1.424371e-09	-2.280978e+01	-1.667624e+02
1.060000e-06	-2.819582e-09	-1.411080e-09	-2.266910e+01	-1.659016e+02
1.070000e-06	-2.802002e-09	-1.401559e-09	-2.252776e+01	-1.650182e+02
1.080000e-06	-2.784327e-09	-1.392728e-09	-2.238566e+01	-1.641121e+02
1.090000e-06	-2.766539e-09	-1.384121e-09	-2.224264e+01	-1.631837e+02
1.100000e-06	-2.748617e-09	-1.374151e-09	-2.209856e+01	-1.622350e+02
1.110000e-06	-2.730553e-09	-1.363506e-09	-2.195333e+01	-1.612686e+02
1.120000e-06	-2.712335e-09	-1.354033e-09	-2.180685e+01	-1.602880e+02
1.130000e-06	-2.693957e-09	-1.343614e-09	-2.165909e+01	-1.592970e+02
1.140000e-06	-2.675424e-09	-1.333199e-09	-2.151010e+01	-1.582997e+02
1.150000e-06	-2.656739e-09	-1.322218e-09	-2.135987e+01	-1.572995e+02
1.160000e-06	-2.637899e-09	-1.313989e-09	-2.120839e+01	-1.562995e+02
1.170000e-06	-2.618917e-09	-1.308865e-09	-2.105578e+01	-1.553017e+02
1.180000e-06	-2.599792e-09	-1.302663e-09	-2.090202e+01	-1.543074e+02
1.190000e-06	-2.580524e-09	-1.292841e-09	-2.074711e+01	-1.533170e+02
1.200000e-06	-2.561135e-09	-1.279861e-09	-2.059122e+01	-1.523300e+02
1.210000e-06	-2.541650e-09	-1.269993e-09	-2.043457e+01	-1.513457e+02
1.220000e-06	-2.522089e-09	-1.262821e-09	-2.027730e+01	-1.503631e+02
1.230000e-06	-2.502451e-09	-1.253465e-09	-2.011941e+01	-1.493815e+02
1.240000e-06	-2.482754e-09	-1.241792e-09	-1.996104e+01	-1.484003e+02
1.250000e-06	-2.463016e-09	-1.232451e-09	-1.980236e+01	-1.474195e+02
1.260000e-06	-2.443238e-09	-1.228867e-09	-1.964334e+01	-1.464395e+02
1.270000e-06	-2.423419e-09	-1.226196e-09	-1.948400e+01	-1.454610e+02
1.280000e-06	-2.403568e-09	-1.220316e-09	-1.932440e+01	-1.444851e+02
1.290000e-06	-2.383693e-09	-1.210901e-09	-1.916461e+01	-1.435122e+02
1.300000e-06	-2.363776e-09	-1.200080e-09	-1.900447e+01	-1.425430e+02
1.310000e-06	-2.343801e-09	-1.189039e-09	-1.884388e+01	-1.415772e+02
1.320000e-06	-2.323743e-09	-1.177166e-09	-1.868262e+01	-1.406138e+02
1.330000e-06	-2.303600e-09	-1.167764e-09	-1.852067e+01	-1.396514e+02
1.340000e-06	-2.283374e-09	-1.161830e-09	-1.835805e+01	-1.386878e+02
1.350000e-06	-2.263049e-09	-1.158783e-09	-1.819464e+01	-1.377208e+02
1.360000e-06	-2.242606e-09	-1.157433e-09	-1.803028e+01	-1.367477e+02
1.370000e-06	-2.222030e-09	-1.152927e-09	-1.786486e+01	-1.357667e+02
1.380000e-06	-2.201345e-09	-1.142491e-09	-1.769855e+01	-1.347763e+02
1.390000e-06	-2.180541e-09	-1.128365e-09	-1.753129e+01	-1.337759e+02
1.400000e-06	-2.159589e-09	-1.114654e-09	-1.736284e+01	-1.327660e+02
1.410000e-06	-2.138522e-09	-1.102470e-09	-1.719346e+01	-1.317480e+02
1.420000e-06	-2.117359e-09	-1.093695e-09	-1.702331e+01	-1.307238e+02
1.430000e-06	-2.096078e-09	-1.091546e-09	-1.685222e+01	-1.296962e+02
1.440000e-06	-2.074693e-09	-1.093457e-09	-1.668029e+01	-1.286675e+02
1.450000e-06	-2.053222e-09	-1.093213e-09	-1.650765e+01	-1.276400e+02
1.460000e-06	-2.031667e-09	-1.084479e-09	-1.633436e+01	-1.266152e+02
1.470000e-06	-2.010042e-09	-1.068070e-09	-1.616049e+01	-1.255935e+02
1.480000e-06	-1.988344e-09	-1.050339e-09	-1.598605e+01	-1.245743e+02
1.490000e-06	-1.966572e-09	-1.035434e-09	-1.581100e+01	-1.235558e+02
1.500000e-06	-1.944735e-09	-1.026138e-09	-1.563543e+01	-1.225351e+02
1.510000e-06	-1.922830e-09	-1.021127e-09	-1.545932e+01	-1.215091e+02
1.520000e-06	-1.900849e-09	-1.018502e-09	-1.528259e+01	-1.204740e+02
1.530000e-06	-1.878791e-09	-1.017121e-09	-1.510525e+01	-1.194267e+02
1.540000e-06	-1.856647e-09	-1.012997e-09	-1.492722e+01	-1.183644e+02
1.550000e-06	-1.834417e-09	-1.002818e-09	-1.474849e+01	-1.172855e+02
1.560000e-06	-1.812104e-09	-9.878321e-10	-1.456909e+01	-1.161893e+02
1.570000e-06	-1.789724e-09	-9.728597e-10	-1.438916e+01	-1.150764e+02
1.580000e-06	-1.767253e-09	-9.604001e-10	-1.420850e+01	-1.139486e+02
1.590000e-06	-1.744674e-09	-9.523421e-10	-1.402696e+01	-1.128081e+02
1.600000e-06	-1.721997e-09	-9.461133e-10	-1.384465e+01	-1.116580e+02
1.610000e-06	-1.699209e-09	-9.376080e-10	-1.366144e+01	-1.105011e+02
1.620000e-06	-1.676335e-09	-9.272374e-10	-1.347753e+01	-1.093402e+02
1.630000e-06	-1.653383e-09	-9.158594e-10	-1.329300e+01	-1.081774e+02
1.640000e-06	-1.630348e-09	-9.044645e-10	-1.310780e+01	-1.070141e+02
1.650000e-06	-1.607229e-09	-8.910546e-10	-1.292193e+01	-1.058507e+02
1.660000e-06	-1.584021e-09	-8.769799e-10	-1.273534e+01	-1.046873e+02
1.670000e-06	-1.560759e-09	-8.629801e-10	-1.254831e+01	-1.035231e+02
1.680000e-06	-1.537450e-09	-8.481447e-10	-1.236091e+01	-1.023572e+02
1.690000e-06	-1.514058e-09	-8.353833e-10	-1.217284e+01	-1.011886e+02
1.700000e-06	-1.490596e-09	-8.265736e-10	-1.198421e+01	-1.000165e+02
1.710000e-06	-1.467095e-09	-8.224112e-10	-1.179527e+01	-9.884037e+01
1.720000e-06	-1.443552e-09	-8.171233e-10	-1.160598e+01	-9.766016e+01
1.730000e-06	-1.419964e-09	-8.073210e-10	-1.141634e+01	-9.647611e+01
1.740000e-06	-1.396335e-09	-7.947662e-10	-1.122636e+01	-9.528863e+01
1.750000e-06	-1.372664e-09	-7.796044e-10	-1.103605e+01	-9.409815e+01
1.760000e-06	-1.348944e-09	-7.615797e-10	-1.084534e+01	-9.290487e+01
1.770000e-06	-1.325184e-09	-7.410246e-10	-1.065432e+01	-9.170856e+01
1.780000e-06	-1.301397e-09	-7.254408e-10	-1.046307e+01	-9.050845e+01
1.790000e-06	-1.277580e-09	-7.188446e-10	-1.027159e+01	-8.930322e+01
1.800000e-06	-1.253730e-09	-7.168277e-10	-1.007983e+01	-8.809106e+01
1.810000e-06	-1.229854e-09	-7.136689e-10	-9.887869e+00	-8.686986e+01
1.820000e-06	-1.205950e-09	-7.051227e-10	-9.695689e+00	-8.563754e+01
1.830000e-06	-1.182012e-09	-6.933024e-10	-9.503224e+00	-8.439228e+01
1.840000e-06	-1.158042e-09	-6.793107e-10	-9.310510e+00	-8.313290e+01
1.850000e-06	-1.134044e-09	-6.621417e-10	-9.117571e+00	-8.185905e+01
1.860000e-06	-1.110016e-09	-6.429064e-10	-8.924388e+00	-8.057136e+01
1.870000e-06	-1.085945e-09	-6.268305e-10	-8.730856e+00	-7.927146e+01
1.880000e-06	-1.061831e-09	-6.179317e-10	-8.536986e+00	-7.796185e+01
1.890000e-06	-1.037696e-09	-6.136957e-10	-8.342942e+00	-7.664563e+01
1.900000e-06	-1.013540e-09	-6.085183e-10	-8.148734e+00	-7.532618e+01
1.910000e-06	-9.893315e-10	-5.972706e-10	-7.954097e+00	-7.400674e+01
1.920000e-06	-9.650651e-10	-5.811565e-10	-7.758998e+00	-7.269010e+01
1.930000e-06	-9.407531e-10	-5.638167e-10	-7.563532e+00	-7.137825e+01
1.940000e-06	-9.164133e-10	-5.495015e-10	-7.367842e+00	-7.007216e+01
1.950000e-06	-8.920334e-10	-5.398081e-10	-7.171830e+00	-6.877179e+01
1.960000e-06	-8.675850e-10	-5.339762e-10	-6.975268e+00	-6.747613e+01
1.970000e-06	-8.430625e-10	-5.294704e-10	-6.778110e+00	-6.618339e+01
1.980000e-06	-8.184879e-10	-5.217105e-10	-6.580533e+00	-6.489132e+01
1.990000e-06	-7.938788e-10	-5.107171e-10	-6.382678e+00	-6.359756e+01
2.000000e-06	-7.692125e-10	-4.979836e-10	-6.184364e+00	-6.229991e+01
2.010000e-06	-7.444957e-10	-4.868334e-10	-5.985644e+00	-6.099666e+01
2.020000e-06	-7.197431e-10	-4.785986e-10	-5.786636e+00	-5.968673e+01
2.030000e-06	-6.949380e-10	-4.712870e-10	-5.587206e+00	-5.836968e+01
2.040000e-06	-6.700999e-10	-4.636548e-10	-5.387510e+00	-5.704573e+01
2.050000e-06	-6.452306e-10	-4.546863e-10	-5.187564e+00	-5.571549e+01
2.060000e-06	-6.203034e-10	-4.433239e-10	-4.987152e+00	-5.437985e+01
2.070000e-06	-5.953280e-10	-4.278945e-10	-4.786353e+00	-5.303964e+01
2.080000e-06	-5.702950e-10	-4.117656e-10	-4.585090e+00	-5.169550e+01
2.090000e-06	-5.452183e-10	-3.992915e-10	-4.383477e+00	-5.034775e+01
2.100000e-06	-5.201095e-10	-3.914693e-10	-4.181605e+00	-4.899632e+01
2.110000e-06	-4.949732e-10	-3.862250e-10	-3.979513e+00	-4.764090e+01
2.120000e-06	-4.698199e-10	-3.797961e-10	-3.777283e+00	-4.628105e+01
2.130000e-06	-4.446417e-10	-3.689217e-10	-3.574853e+00	-4.491646e+01
2.140000e-06	-4.194299e-10	-3.535372e-10	-3.372153e+00	-4.354716e+01
2.150000e-06	-3.941743e-10	-3.381965e-10	-3.169101e+00	-4.217375e+01
2.160000e-06	-3.688853e-10	-3.235784e-10	-2.965781e+00	-4.079741e+01
2.170000e-06	-3.435482e-10	-3.084288e-10	-2.762074e+00	-3.941996e+01
2.180000e-06	-3.181742e-10	-2.945644e-10	-2.558070e+00	-3.804363e+01
2.190000e-06	-2.927614e-10	-2.837158e-10	-2.353754e+00	-3.667079e+01
2.200000e-06	-2.673220e-10	-2.754016e-10	-2.149225e+00	-3.530358e+01
2.210000e-06	-2.418906e-10	-2.658175e-10	-1.944760e+00	-3.394346e+01
2.220000e-06	-2.164402e-10	-2.539594e-10	-1.740142e+00	-3.259086e+01
2.230000e-06	-1.909705e-10	-2.412910e-10	-1.535368e+00	-3.124490e+01
2.240000e-06	-1.654820e-10	-2.307523e-10	-1.330444e+00	-2.990328e+01
2.250000e-06	-1.399729e-10	-2.222767e-10	-1.125354e+00	-2.856237e+01
2.260000e-06	-1.144501e-10	-2.116584e-10	-9.201529e-01	-2.721748e+01
2.270000e-06	-8.893836e-11	-1.992750e-10	-7.150417e-01	-2.586337e+01
2.280000e-06	-6.344149e-11	-1.862093e-10	-5.100497e-01	-2.449482e+01
2.290000e-06	-3.793930e-11	-1.735355e-10	-3.050150e-01	-2.310732e+01
2.300000e-06	-1.243860e-11	-1.608789e-10	-9.999233e-02	-2.169768e+01
2.310000e-06	1.307347e-11	-1.487627e-10	1.051215e-01	-2.026451e+01
2.320000e-06	3.859123e-11	-1.377874e-10	3.102808e-01	-1.880855e+01
2.330000e-06	6.411207e-11	-1.259358e-10	5.154651e-01	-1.733262e+01
2.340000e-06	8.960372e-11	-1.132176e-10	7.204149e-01	-1.584146e+01
2.350000e-06	1.150592e-10	-9.984877e-11	9.250738e-01	-1.434118e+01
2.360000e-06	1.405389e-10	-8.570785e-11	1.129927e+00	-1.283856e+01
2.370000e-06	1.660169e-10	-6.998844e-11	1.334767e+00	-1.134023e+01
2.380000e-06	1.914878e-10	-5.327465e-11	1.539549e+00	-9.851886e+00
2.390000e-06	2.169592e-10	-3.718323e-11	1.744336e+00	-8.377534e+00
2.400000e-06	2.423865e-10	-2.149194e-11	1.948768e+00	-6.919005e+00
2.410000e-06	2.677735e-10	-6.030226e-12	2.152877e+00	-5.475709e+00
2.420000e-06	2.931584e-10	6.725453e-12	2.356968e+00	-4.044711e+00
2.430000e-06	3.185308e-10	1.737279e-11	2.560959e+00	-2.621108e+00
2.440000e-06	3.438571e-10	2.991435e-11	2.764579e+00	-1.198666e+00
2.450000e-06	3.691440e-10	4.358621e-11	2.967882e+00	2.293724e-01
2.460000e-06	3.944010e-10	5.792912e-11	3.170946e+00	1.669415e+00
2.470000e-06	4.196156e-10	7.257491e-11	3.373668e+00	3.126696e+00
2.480000e-06	4.447751e-10	8.665204e-11	3.575947e+00	4.604617e+00
2.490000e-06	4.699164e-10	1.005811e-10	3.778079e+00	6.104329e+00
2.500000e-06	4.950237e-10	1.114344e-10	3.979939e+00	7.624620e+00
2.510000e-06	5.200815e-10	1.187114e-10	4.181400e+00	9.162111e+00
2.520000e-06	5.450972e-10	1.268686e-10	4.382524e+00	1.071173e+01
2.530000e-06	5.700571e-10	1.385253e-10	4.583198e+00	1.226740e+01
2.540000e-06	5.949778e-10	1.517796e-10	4.783557e+00	1.382283e+01
2.550000e-06	6.198675e-10	1.666139e-10	4.983667e+00	1.537232e+01
2.560000e-06	6.447180e-10	1.843740e-10	5.183463e+00	1.691147e+01
2.570000e-06	6.695082e-10	2.035030e-10	5.382773e+00	1.843765e+01
2.580000e-06	6.942659e-10	2.213167e-10	5.581821e+00	1.995028e+01
2.590000e-06	7.189892e-10	2.356691e-10	5.780594e+00	2.145076e+01
2.600000e-06	7.436554e-10	2.450282e-10	5.978907e+00	2.294218e+01
2.610000e-06	7.682732e-10	2.497118e-10	6.176832e+00	2.442880e+01
2.620000e-06	7.928397e-10	2.539696e-10	6.374343e+00	2.591544e+01
2.630000e-06	8.173632e-10	2.608179e-10	6.571510e+00	2.740673e+01
2.640000e-06	8.418388e-10	2.717574e-10	6.768290e+00	2.890653e+01
2.650000e-06	8.662555e-10	2.874074e-10	6.964598e+00	3.041741e+01
2.660000e-06	8.906212e-10	3.052143e-10	7.160495e+00	3.194040e+01
2.670000e-06	9.149393e-10	3.222131e-10	7.356009e+00	3.347488e+01
2.680000e-06	9.392202e-10	3.353015e-10	7.551225e+00	3.501878e+01
2.690000e-06	9.634763e-10	3.443488e-10	7.746241e+00	3.656891e+01
2.700000e-06	9.877072e-10	3.525220e-10	7.941055e+00	3.812145e+01
2.710000e-06	1.011904e-09	3.628601e-10	8.135595e+00	3.967247e+01
2.720000e-06	1.036027e-09	3.760072e-10	8.329539e+00	4.121843e+01
2.730000e-06	1.060084e-09	3.895207e-10	8.522955e+00	4.275658e+01
2.740000e-06	1.084125e-09	4.019301e-10	8.716241e+00	4.428526e+01
2.750000e-06	1.108129e-09	4.133070e-10	8.909232e+00	4.580402e+01
2.760000e-06	1.132106e-09	4.243431e-10	9.102006e+00	4.731352e+01
2.770000e-06	1.156076e-09	4.337820e-10	9.294722e+00	4.881538e+01
2.780000e-06	1.180009e-09	4.407241e-10	9.487140e+00	5.031190e+01
2.790000e-06	1.203903e-09	4.485570e-10	9.679249e+00	5.180573e+01
2.800000e-06	1.227776e-09	4.596169e-10	9.871183e+00	5.329953e+01
2.810000e-06	1.251625e-09	4.739453e-10	1.006293e+01	5.479575e+01
2.820000e-06	1.275436e-09	4.892517e-10	1.025436e+01	5.629643e+01
2.830000e-06	1.299216e-09	5.033750e-10	1.044555e+01	5.780307e+01
2.840000e-06	1.322958e-09	5.156682e-10	1.063644e+01	5.931668e+01
2.850000e-06	1.346649e-09	5.273809e-10	1.082691e+01	6.083776e+01
2.860000e-06	1.370301e-09	5.389723e-10	1.101707e+01	6.236642e+01
2.870000e-06	1.393936e-09	5.489281e-10	1.120709e+01	6.390241e+01
2.880000e-06	1.417539e-09	5.587027e-10	1.139686e+01	6.544520e+01
2.890000e-06	1.441087e-09	5.694687e-10	1.158618e+01	6.699399e+01
2.900000e-06	1.464591e-09	5.834841e-10	1.177515e+01	6.854765e+01
2.910000e-06	1.488042e-09	6.004716e-10	1.196369e+01	7.010469e+01
2.920000e-06	1.511408e-09	6.162150e-10	1.215156e+01	7.166321e+01
2.930000e-06	1.534711e-09	6.284083e-10	1.233890e+01	7.322089e+01
2.940000e-06	1.557946e-09	6.379857e-10	1.252571e+01	7.477503e+01
2.950000e-06	1.581100e-09	6.482513e-10	1.271187e+01	7.632275e+01
2.960000e-06	1.604176e-09	6.610182e-10	1.289739e+01	7.786113e+01
2.970000e-06	1.627169e-09	6.755066e-10	1.308226e+01	7.938758e+01
2.980000e-06	1.650089e-09	6.903074e-10	1.326653e+01	8.090014e+01
2.990000e-06	1.672927e-09	7.066206e-10	1.345015e+01	8.239782e+01
3.000000e-06	1.695675e-09	7.230075e-10	1.363304e+01	8.388090e+01
3.010000e-06	1.718310e-09	7.349731e-10	1.381502e+01	8.535100e+01
3.020000e-06	1.740827e-09	7.429796e-10	1.399605e+01	8.681117e+01
3.030000e-06	1.763244e-09	7.509881e-10	1.417628e+01	8.826562e+01
3.040000e-06	1.785600e-09	7.618926e-10	1.435603e+01	8.971936e+01
3.050000e-06	1.807882e-09	7.755421e-10	1.453517e+01	9.117773e+01
3.060000e-06	1.830074e-09	7.898245e-10	1.471359e+01	9.264573e+01
3.070000e-06	1.852210e-09	8.030007e-10	1.489156e+01	9.412742e+01
3.080000e-06	1.874277e-09	8.163264e-10	1.506897e+01	9.562539e+01
3.090000e-06	1.896254e-09	8.306692e-10	1.524567e+01	9.714030e+01
3.100000e-06	1.918151e-09	8.441865e-10	1.542172e+01	9.867074e+01
3.110000e-06	1.939972e-09	8.566145e-10	1.559716e+01	1.002133e+02
3.120000e-06	1.961730e-09	8.688696e-10	1.577209e+01	1.017627e+02
3.130000e-06	1.983442e-09	8.831437e-10	1.594665e+01	1.033127e+02
3.140000e-06	2.005084e-09	8.997681e-10	1.612065e+01	1.048564e+02
3.150000e-06	2.026639e-09	9.146801e-10	1.629395e+01	1.063873e+02
3.160000e-06	2.048106e-09	9.261962e-10	1.646654e+01	1.078999e+02
3.170000e-06	2.069482e-09	9.367189e-10	1.663840e+01	1.093902e+02
3.180000e-06	2.090773e-09	9.489948e-10	1.680958e+01	1.108563e+02
3.190000e-06	2.111966e-09	9.624476e-10	1.697997e+01	1.122983e+02
3.200000e-06	2.133043e-09	9.738856e-10	1.714942e+01	1.137182e+02
3.210000e-06	2.153984e-09	9.841112e-10	1.731779e+01	1.151197e+02
3.220000e-06	2.174804e-09	9.966128e-10	1.748517e+01	1.165072e+02
3.230000e-06	2.195518e-09	1.010202e-09	1.765171e+01	1.178850e+02
3.240000e-06	2.216126e-09	1.022002e-09	1.781740e+01	1.192572e+02
3.250000e-06	2.236621e-09	1.032678e-09	1.798217e+01	1.206263e+02
3.260000e-06	2.256992e-09	1.043440e-09	1.814596e+01	1.219932e+02
3.270000e-06	2.277269e-09	1.053969e-09	1.830898e+01	1.233573e+02
3.280000e-06	2.297458e-09	1.063383e-09	1.847130e+01	1.247159e+02
3.290000e-06	2.317556e-09	1.072462e-09	1.863288e+01	1.260654e+02
3.300000e-06	2.337581e-09	1.081286e-09	1.879389e+01	1.274012e+02
3.310000e-06	2.357549e-09	1.089318e-09	1.895442e+01	1.287190e+02
3.320000e-06	2.377466e-09	1.097978e-09	1.911456e+01	1.300152e+02
3.330000e-06	2.397343e-09	1.107465e-09	1.927437e+01	1.312876e+02
3.340000e-06	2.417181e-09	1.117180e-09	1.943386e+01	1.325357e+02
3.350000e-06	2.436975e-09	1.127536e-09	1.959301e+01	1.337610e+02
3.360000e-06	2.456722e-09	1.139176e-09	1.975177e+01	1.349667e+02
3.370000e-06	2.476423e-09	1.149995e-09	1.991016e+01	1.361573e+02
3.380000e-06	2.496072e-09	1.157861e-09	2.006813e+01	1.373380e+02
3.390000e-06	2.515665e-09	1.164694e-09	2.022566e+01	1.385141e+02
3.400000e-06	2.535175e-09	1.172227e-09	2.038252e+01	1.396899e+02
3.410000e-06	2.554589e-09	1.180512e-09	2.053861e+01	1.408683e+02
3.420000e-06	2.573911e-09	1.188368e-09	2.069396e+01	1.420504e+02
3.430000e-06	2.593109e-09	1.195126e-09	2.084830e+01	1.432352e+02
3.440000e-06	2.612147e-09	1.202800e-09	2.100137e+01	1.444200e+02
3.450000e-06	2.631039e-09	1.212532e-09	2.115326e+01	1.456004e+02
3.460000e-06	2.649799e-09	1.222680e-09	2.130408e+01	1.467713e+02
3.470000e-06	2.668427e-09	1.232196e-09	2.145385e+01	1.479276e+02
3.480000e-06	2.686897e-09	1.241575e-09	2.160235e+01	1.490647e+02
3.490000e-06	2.705159e-09	1.251837e-09	2.174917e+01	1.501797e+02
3.500000e-06	2.723252e-09	1.262226e-09	2.189464e+01	1.512711e+02
3.510000e-06	2.741205e-09	1.269318e-09	2.203897e+01	1.523398e+02
3.520000e-06	2.759009e-09	1.274098e-09	2.218212e+01	1.533884e+02
3.530000e-06	2.776670e-09	1.281392e-09	2.232411e+01	1.544210e+02
3.540000e-06	2.794219e-09	1.291249e-09	2.246520e+01	1.554428e+02
3.550000e-06	2.811672e-09	1.300348e-09	2.260552e+01	1.564591e+02
3.560000e-06	2.829002e-09	1.308438e-09	2.274486e+01	1.574751e+02
3.570000e-06	2.846228e-09	1.317756e-09	2.288335e+01	1.584944e+02
3.580000e-06	2.863366e-09	1.327934e-09	2.302114e+01	1.595195e+02
3.590000e-06	2.880413e-09	1.336296e-09	2.315819e+01	1.605508e+02
3.600000e-06	2.897354e-09	1.342962e-09	2.329439e+01	1.615873e+02
3.610000e-06	2.914195e-09	1.349648e-09	2.342980e+01	1.626264e+02
3.620000e-06	2.930959e-09	1.358308e-09	2.356458e+01	1.636646e+02
3.630000e-06	2.947614e-09	1.369701e-09	2.369848e+01	1.646980e+02
3.640000e-06	2.964126e-09	1.383087e-09	2.383123e+01	1.657231e+02
3.650000e-06	2.980516e-09	1.397794e-09	2.396301e+01	1.667370e+02
3.660000e-06	2.996768e-09	1.411652e-09	2.409367e+01	1.677378e+02
3.670000e-06	3.012848e-09	1.421961e-09	2.422295e+01	1.687248e+02
3.680000e-06	3.028769e-09	1.428466e-09	2.435096e+01	1.696985e+02
3.690000e-06	3.044498e-09	1.432459e-09	2.447742e+01	1.706600e+02
3.700000e-06	3.060004e-09	1.436551e-09	2.460208e+01	1.716108e+02
3.710000e-06	3.075292e-09	1.444647e-09	2.472499e+01	1.725523e+02
3.720000e-06	3.090380e-09	1.457157e-09	2.484630e+01	1.734853e+02
3.730000e-06	3.105263e-09	1.471631e-09	2.496596e+01	1.744098e+02
3.740000e-06	3.119925e-09	1.484849e-09	2.508384e+01	1.753249e+02
3.750000e-06	3.134423e-09	1.496756e-09	2.520040e+01	1.762288e+02
3.760000e-06	3.148757e-09	1.507346e-09	2.531565e+01	1.771190e+02
3.770000e-06	3.162922e-09	1.514434e-09	2.542953e+01	1.779930e+02
3.780000e-06	3.176949e-09	1.518348e-09	2.554230e+01	1.788488e+02
3.790000e-06	3.190831e-09	1.520925e-09	2.565391e+01	1.796851e+02
3.800000e-06	3.204590e-09	1.526447e-09	2.576454e+01	1.805018e+02
3.810000e-06	3.218244e-09	1.534663e-09	2.587432e+01	1.813003e+02
3.820000e-06	3.231763e-09	1.543211e-09	2.598300e+01	1.820835e+02
3.830000e-06	3.245123e-09	1.551961e-09	2.609042e+01	1.828553e+02
3.840000e-06	3.258342e-09	1.560490e-09	2.619670e+01	1.836201e+02
3.850000e-06	3.271400e-09	1.569430e-09	2.630168e+01	1.843823e+02
3.860000e-06	3.284249e-09	1.576688e-09	2.640499e+01	1.851457e+02
3.870000e-06	3.296925e-09	1.581048e-09	2.650690e+01	1.859125e+02
3.880000e-06	3.309456e-09	1.584952e-09	2.660765e+01	1.866832e+02
3.890000e-06	3.321840e-09	1.590937e-09	2.670721e+01	1.874566e+02
3.900000e-06	3.334090e-09	1.599234e-09	2.680570e+01	1.882291e+02
3.910000e-06	3.346203e-09	1.607011e-09	2.690309e+01	1.889959e+02
3.920000e-06	3.358189e-09	1.613876e-09	2.699945e+01	1.897512e+02
3.930000e-06	3.370050e-09	1.621113e-09	2.709482e+01	1.904893e+02
3.940000e-06	3.381787e-09	1.628392e-09	2.718918e+01	1.912050e+02
3.950000e-06	3.393394e-09	1.634228e-09	2.728250e+01	1.918945e+02
3.960000e-06	3.404870e-09	1.638470e-09	2.737476e+01	1.925560e+02
3.970000e-06	3.416169e-09	1.641576e-09	2.746561e+01	1.931900e+02
3.980000e-06	3.427270e-09	1.643177e-09	2.755486e+01	1.937990e+02
3.990000e-06	3.438170e-09	1.644563e-09	2.764249e+01	1.943873e+02
4.000000e-06	3.448834e-09	1.646826e-09	2.772823e+01	1.949601e+02
4.010000e-06	3.459227e-09	1.651514e-09	2.781178e+01	1.955228e+02
4.020000e-06	3.469344e-09	1.658345e-09	2.789313e+01	1.960803e+02
4.030000e-06	3.479201e-09	1.664916e-09	2.797237e+01	1.966359e+02
4.040000e-06	3.488769e-09	1.669080e-09	2.804930e+01	1.971912e+02
4.050000e-06	3.498044e-09	1.670581e-09	2.812387e+01	1.977453e+02
4.060000e-06	3.507066e-09	1.672408e-09	2.819641e+01	1.982957e+02
4.070000e-06	3.515854e-09	1.674998e-09	2.826706e+01	1.988380e+02
4.080000e-06	3.524421e-09	1.677789e-09	2.833594e+01	1.993672e+02
4.090000e-06	3.532822e-09	1.680363e-09	2.840348e+01	1.998784e+02
4.100000e-06	3.541074e-09	1.682184e-09	2.846982e+01	2.003674e+02
4.110000e-06	3.549184e-09	1.684533e-09	2.853503e+01	2.008321e+02
4.120000e-06	3.557180e-09	1.686803e-09	2.859931e+01	2.012723e+02
4.130000e-06	3.565083e-09	1.688696e-09	2.866285e+01	2.016903e+02
4.140000e-06	3.572911e-09	1.691549e-09	2.872579e+01	2.020904e+02
4.150000e-06	3.580654e-09	1.696507e-09	2.878805e+01	2.024784e+02
4.160000e-06	3.588294e-09	1.701787e-09	2.884947e+01	2.028607e+02
4.170000e-06	3.595815e-09	1.706643e-09	2.890994e+01	2.032431e+02
4.180000e-06	3.603213e-09	1.712048e-09	2.896942e+01	2.036301e+02
4.190000e-06	3.610476e-09	1.716750e-09	2.902781e+01	2.040238e+02
4.200000e-06	3.617562e-09	1.720998e-09	2.908478e+01	2.044236e+02
4.210000e-06	3.624476e-09	1.725475e-09	2.914037e+01	2.048260e+02
4.220000e-06	3.631203e-09	1.730185e-09	2.919446e+01	2.052252e+02
4.230000e-06	3.637750e-09	1.734894e-09	2.924709e+01	2.056136e+02
4.240000e-06	3.644144e-09	1.737387e-09	2.929850e+01	2.059830e+02
4.250000e-06	3.650356e-09	1.737807e-09	2.934844e+01	2.063262e+02
4.260000e-06	3.656418e-09	1.739450e-09	2.939718e+01	2.066375e+02
4.270000e-06	3.662361e-09	1.743675e-09	2.944496e+01	2.069144e+02
4.280000e-06	3.668158e-09	1.748912e-09	2.949156e+01	2.071576e+02
4.290000e-06	3.673793e-09	1.753912e-09	2.953687e+01	2.073716e+02
4.300000e-06	3.679274e-09	1.759661e-09	2.958094e+01	2.075638e+02
4.310000e-06	3.684571e-09	1.766140e-09	2.962353e+01	2.077438e+02
4.320000e-06	3.689658e-09	1.770430e-09	2.966442e+01	2.079223e+02
4.330000e-06	3.694563e-09	1.771390e-09	2.970386e+01	2.081093e+02
4.340000e-06	3.699292e-09	1.772283e-09	2.974188e+01	2.083127e+02
4.350000e-06	3.703843e-09	1.775424e-09	2.977847e+01	2.085373e+02
4.360000e-06	3.708229e-09	1.780136e-09	2.981373e+01	2.087839e+02
4.370000e-06	3.712471e-09	1.784386e-09	2.984784e+01	2.090492e+02
4.380000e-06	3.716586e-09	1.786894e-09	2.988092e+01	2.093260e+02
4.390000e-06	3.720594e-09	1.789537e-09	2.991315e+01	2.096043e+02
4.400000e-06	3.724521e-09	1.794201e-09	2.994471e+01	2.098728e+02
4.410000e-06	3.728373e-09	1.799381e-09	2.997568e+01	2.101203e+02
4.420000e-06	3.732147e-09	1.803981e-09	3.000603e+01	2.103376e+02
4.430000e-06	3.735837e-09	1.807789e-09	3.003569e+01	2.105189e+02
4.440000e-06	3.739426e-09	1.810979e-09	3.006455e+01	2.106624e+02
4.450000e-06	3.742901e-09	1.813057e-09	3.009249e+01	2.107714e+02
4.460000e-06	3.746219e-09	1.813045e-09	3.011917e+01	2.108531e+02
4.470000e-06	3.749331e-09	1.812658e-09	3.014419e+01	2.109185e+02
4.480000e-06	3.752238e-09	1.813748e-09	3.016756e+01	2.109800e+02
4.490000e-06	3.754934e-09	1.817227e-09	3.018923e+01	2.110506e+02
4.500000e-06	3.757352e-09	1.821915e-09	3.020867e+01	2.111409e+02
4.510000e-06	3.759432e-09	1.825178e-09	3.022540e+01	2.112585e+02
4.520000e-06	3.761205e-09	1.825345e-09	3.023965e+01	2.114060e+02
4.530000e-06	3.762715e-09	1.823149e-09	3.025179e+01	2.115807e+02
4.540000e-06	3.763968e-09	1.822197e-09	3.026186e+01	2.117750e+02
4.550000e-06	3.764938e-09	1.823646e-09	3.026966e+01	2.119769e+02
4.560000e-06	3.765658e-09	1.825570e-09	3.027546e+01	2.121719e+02
4.570000e-06	3.766174e-09	1.827937e-09	3.027960e+01	2.123450e+02
4.580000e-06	3.766498e-09	1.831712e-09	3.028221e+01	2.124825e+02
4.590000e-06	3.766672e-09	1.834370e-09	3.028360e+01	2.125744e+02
4.600000e-06	3.766719e-09	1.834597e-09	3.028398e+01	2.126161e+02
4.610000e-06	3.766660e-09	1.833055e-09	3.028351e+01	2.126088e+02
4.620000e-06	3.766520e-09	1.830380e-09	3.028238e+01	2.125601e+02
4.630000e-06	3.766300e-09	1.827546e-09	3.028061e+01	2.124832e+02
4.640000e-06	3.765979e-09	1.823449e-09	3.027803e+01	2.123954e+02
4.650000e-06	3.765532e-09	1.820375e-09	3.027444e+01	2.123157e+02
4.660000e-06	3.764949e-09	1.820278e-09	3.026975e+01	2.122633e+02
4.670000e-06	3.764202e-09	1.819820e-09	3.026375e+01	2.122541e+02
4.680000e-06	3.763268e-09	1.823775e-09	3.025624e+01	2.122995e+02
4.690000e-06	3.762142e-09	1.830710e-09	3.024719e+01	2.124045e+02
4.700000e-06	3.760830e-09	1.814668e-09	3.023663e+01	2.125667e+02
4.710000e-06	3.759325e-09	1.787529e-09	3.022453e+01	2.127769e+02
4.720000e-06	3.757626e-09	1.804453e-09	3.021088e+01	2.130200e+02
4.730000e-06	3.755751e-09	1.846067e-09	3.019580e+01	2.132763e+02
4.740000e-06	3.753722e-09	1.816670e-09	3.017949e+01	2.135242e+02
4.750000e-06	3.751563e-09	1.793348e-09	3.016213e+01	2.137423e+02
4.760000e-06	3.749283e-09	1.845185e-09	3.014380e+01	2.139118e+02
4.770000e-06	3.746889e-09	1.843695e-09	3.012456e+01	2.140188e+02
4.780000e-06	3.744350e-09	1.786983e-09	3.010414e+01	2.140550e+02
4.790000e-06	3.741662e-09	1.781674e-09	3.008252e+01	2.140187e+02
4.800000e-06	3.738811e-09	1.825283e-09	3.005960e+01	2.139147e+02
4.810000e-06	3.735758e-09	1.814025e-09	3.003506e+01	2.137527e+02
4.820000e-06	3.732533e-09	1.769501e-09	3.000913e+01	2.135465e+02
4.830000e-06	3.729144e-09	1.789968e-09	2.998188e+01	2.133116e+02
4.840000e-06	3.725589e-09	1.847399e-09	2.995330e+01	2.130630e+02
4.850000e-06	3.721910e-09	1.825693e-09	2.992372e+01	2.128139e+02
4.860000e-06	3.718101e-09	1.756979e-09	2.989309e+01	2.125740e+02
4.870000e-06	3.714156e-09	1.779452e-09	2.986138e+01	2.123485e+02
4.880000e-06	3.710095e-09	1.829323e-09	2.982873e+01	2.121382e+02
4.890000e-06	3.705948e-09	1.808714e-09	2.979539e+01	2.119394e+02
4.900000e-06	3.701730e-09	1.772422e-09	2.976148e+01	2.117456e+02
4.910000e-06	3.697436e-09	1.808297e-09	2.972695e+01	2.115481e+02
4.920000e-06	3.693026e-09	1.832194e-09	2.969150e+01	2.113380e+02
4.930000e-06	3.688470e-09	1.778762e-09	2.965487e+01	2.111074e+02
4.940000e-06	3.683734e-09	1.753648e-09	2.961679e+01	2.108505e+02
4.950000e-06	3.678772e-09	1.788748e-09	2.957690e+01	2.105646e+02
4.960000e-06	3.673600e-09	1.803012e-09	2.953531e+01	2.102503e+02
4.970000e-06	3.668191e-09	1.770612e-09	2.949183e+01	2.099108e+02
4.980000e-06	3.662501e-09	1.779651e-09	2.944608e+01	2.095521e+02
4.990000e-06	3.656513e-09	1.805232e-09	2.939794e+01	2.091809e+02
5.000000e-06	3.650221e-09	1.780752e-09	2.934735e+01	2.088046e+02
5.010000e-06	3.643614e-09	1.763070e-09	2.929423e+01	2.084292e+02
5.020000e-06	3.636736e-09	1.788397e-09	2.923893e+01	2.080590e+02
5.030000e-06	3.629617e-09	1.803006e-09	2.918170e+01	2.076959e+02
5.040000e-06	3.622264e-09	1.779273e-09	2.912258e+01	2.073388e+02
5.050000e-06	3.614731e-09	1.780075e-09	2.906201e+01	2.069842e+02
5.060000e-06	3.607040e-09	1.785979e-09	2.900018e+01	2.066269e+02
5.070000e-06	3.599194e-09	1.755651e-09	2.893710e+01	2.062600e+02
5.080000e-06	3.591222e-09	1.738876e-09	2.887301e+01	2.058769e+02
5.090000e-06	3.583174e-09	1.757964e-09	2.880830e+01	2.054713e+02
5.100000e-06	3.575050e-09	1.773518e-09	2.874298e+01	2.050388e+02
5.110000e-06	3.566832e-09	1.769536e-09	2.867691e+01	2.045767e+02
5.120000e-06	3.558515e-09	1.780585e-09	2.861005e+01	2.040847e+02
5.130000e-06	3.550089e-09	1.782474e-09	2.854230e+01	2.035646e+02
5.140000e-06	3.541530e-09	1.756316e-09	2.847349e+01	2.030202e+02
5.150000e-06	3.532818e-09	1.733098e-09	2.840344e+01	2.024563e+02
5.160000e-06	3.523933e-09	1.723232e-09	2.833201e+01	2.018784e+02
5.170000e-06	3.514876e-09	1.721933e-09	2.825919e+01	2.012916e+02
5.180000e-06	3.505646e-09	1.731623e-09	2.818498e+01	2.007007e+02
5.190000e-06	3.496238e-09	1.751865e-09	2.810935e+01	2.001088e+02
5.200000e-06	3.486667e-09	1.754839e-09	2.803240e+01	1.995179e+02
5.210000e-06	3.476936e-09	1.743720e-09	2.795416e+01	1.989288e+02
5.220000e-06	3.467052e-09	1.728280e-09	2.787469e+01	1.983409e+02
5.230000e-06	3.457044e-09	1.708173e-09	2.779423e+01	1.977529e+02
5.240000e-06	3.446926e-09	1.691082e-09	2.771288e+01	1.971631e+02
5.250000e-06	3.436690e-09	1.682820e-09	2.763058e+01	1.965700e+02
5.260000e-06	3.426319e-09	1.690237e-09	2.754720e+01	1.959722e+02
5.270000e-06	3.415810e-09	1.702700e-09	2.746271e+01	1.953689e+02
5.280000e-06	3.405155e-09	1.710089e-09	2.737705e+01	1.947598e+02
5.290000e-06	3.394336e-09	1.699721e-09	2.729006e+01	1.941451e+02
5.300000e-06	3.383327e-09	1.682663e-09	2.720155e+01	1.935252e+02
5.310000e-06	3.372117e-09	1.669718e-09	2.711142e+01	1.929003e+02
5.320000e-06	3.360753e-09	1.653625e-09	2.702006e+01	1.922704e+02
5.330000e-06	3.349244e-09	1.642698e-09	2.692752e+01	1.916353e+02
5.340000e-06	3.337560e-09	1.638324e-09	2.683359e+01	1.909937e+02
5.350000e-06	3.325707e-09	1.641020e-09	2.673830e+01	1.903444e+02
5.360000e-06	3.313710e-09	1.644866e-09	2.664184e+01	1.896856e+02
5.370000e-06	3.301576e-09	1.645770e-09	2.654428e+01	1.890155e+02
5.380000e-06	3.289301e-09	1.637138e-09	2.644560e+01	1.883328e+02
5.390000e-06	3.276881e-09	1.622402e-09	2.634574e+01	1.876368e+02
5.400000e-06	3.264294e-09	1.613755e-09	2.624454e+01	1.869277e+02
5.410000e-06	3.251531e-09	1.604354e-09	2.614193e+01	1.862067e+02
5.420000e-06	3.238590e-09	1.594577e-09	2.603788e+01	1.854762e+02
5.430000e-06	3.225430e-09	1.586640e-09	2.593208e+01	1.847392e+02
5.440000e-06	3.212038e-09	1.582681e-09	2.582441e+01	1.839996e+02
5.450000e-06	3.198400e-09	1.580907e-09	2.571476e+01	1.832611e+02
5.460000e-06	3.184512e-09	1.578118e-09	2.560310e+01	1.825273e+02
5.470000e-06	3.170393e-09	1.571002e-09	2.548958e+01	1.818012e+02
5.480000e-06	3.156014e-09	1.560925e-09	2.537398e+01	1.810844e+02
5.490000e-06	3.141378e-09	1.554723e-09	2.525631e+01	1.803778e+02
5.500000e-06	3.126479e-09	1.546754e-09	2.513653e+01	1.796806e+02
5.510000e-06	3.111333e-09	1.537680e-09	2.501475e+01	1.789912e+02
5.520000e-06	3.095999e-09	1.529338e-09	2.489147e+01	1.783069e+02
5.530000e-06	3.080490e-09	1.524401e-09	2.476678e+01	1.776247e+02
5.540000e-06	3.064815e-09	1.523078e-09	2.464075e+01	1.769413e+02
5.550000e-06	3.049020e-09	1.520349e-09	2.451376e+01	1.762536e+02
5.560000e-06	3.033121e-09	1.515761e-09	2.438594e+01	1.755592e+02
5.570000e-06	3.017122e-09	1.507821e-09	2.425730e+01	1.748561e+02
5.580000e-06	3.001032e-09	1.498989e-09	2.412794e+01	1.741431e+02
5.590000e-06	2.984879e-09	1.490045e-09	2.399808e+01	1.734195e+02
5.600000e-06	2.968678e-09	1.483516e-09	2.386782e+01	1.726852e+02
5.610000e-06	2.952419e-09	1.479618e-09	2.373710e+01	1.719400e+02
5.620000e-06	2.936077e-09	1.478549e-09	2.360571e+01	1.711835e+02
5.630000e-06	2.919623e-09	1.480981e-09	2.347343e+01	1.704151e+02
5.640000e-06	2.903051e-09	1.480980e-09	2.334019e+01	1.696338e+02
5.650000e-06	2.886367e-09	1.477137e-09	2.320605e+01	1.688378e+02
5.660000e-06	2.869572e-09	1.468676e-09	2.307102e+01	1.680253e+02
5.670000e-06	2.852641e-09	1.458085e-09	2.293490e+01	1.671940e+02
5.680000e-06	2.835553e-09	1.447601e-09	2.279751e+01	1.663422e+02
5.690000e-06	2.818308e-09	1.439124e-09	2.265886e+01	1.654682e+02
5.700000e-06	2.800932e-09	1.434367e-09	2.251916e+01	1.645714e+02
5.710000e-06	2.783420e-09	1.431210e-09	2.237837e+01	1.636521e+02
5.720000e-06	2.765757e-09	1.429021e-09	2.223636e+01	1.627116e+02
5.730000e-06	2.747982e-09	1.424831e-09	2.209345e+01	1.617523e+02
5.740000e-06	2.730099e-09	1.418115e-09	2.194967e+01	1.607774e+02
5.750000e-06	2.712106e-09	1.407908e-09	2.180501e+01	1.597906e+02
5.760000e-06	2.694019e-09	1.394528e-09	2.165960e+01	1.587959e+02
5.770000e-06	2.675851e-09	1.382202e-09	2.151353e+01	1.577969e+02
5.780000e-06	2.657590e-09	1.374280e-09	2.136671e+01	1.567969e+02
5.790000e-06	2.639220e-09	1.371311e-09	2.121902e+01	1.557984e+02
5.800000e-06	2.620748e-09	1.369538e-09	2.107051e+01	1.548029e+02
5.810000e-06	2.602171e-09	1.365848e-09	2.092115e+01	1.538110e+02
5.820000e-06	2.583476e-09	1.356735e-09	2.077084e+01	1.528227e+02
5.830000e-06	2.564652e-09	1.342799e-09	2.061950e+01	1.518373e+02
5.840000e-06	2.545696e-09	1.327549e-09	2.046710e+01	1.508540e+02
5.850000e-06	2.526605e-09	1.314132e-09	2.031361e+01	1.498718e+02
5.860000e-06	2.507393e-09	1.304302e-09	2.015914e+01	1.488901e+02
5.870000e-06	2.488058e-09	1.297927e-09	2.000369e+01	1.479088e+02
5.880000e-06	2.468605e-09	1.294798e-09	1.984729e+01	1.469282e+02
5.890000e-06	2.449049e-09	1.291249e-09	1.969007e+01	1.459488e+02
5.900000e-06	2.429378e-09	1.285631e-09	1.953191e+01	1.449716e+02
5.910000e-06	2.409610e-09	1.276775e-09	1.937298e+01	1.439973e+02
5.920000e-06	2.389760e-09	1.266033e-09	1.921339e+01	1.430266e+02
5.930000e-06	2.369833e-09	1.256162e-09	1.905318e+01	1.420595e+02
5.940000e-06	2.349853e-09	1.246852e-09	1.889254e+01	1.410954e+02
5.950000e-06	2.329818e-09	1.237915e-09	1.873146e+01	1.401329e+02
5.960000e-06	2.309732e-09	1.227277e-09	1.856997e+01	1.391701e+02
5.970000e-06	2.289615e-09	1.216815e-09	1.840823e+01	1.382048e+02
5.980000e-06	2.269455e-09	1.207695e-09	1.824615e+01	1.372345e+02
5.990000e-06	2.249253e-09	1.198778e-09	1.808372e+01	1.362569e+02
6.000000e-06	2.229008e-09	1.189149e-09	1.792096e+01	1.352705e+02
6.010000e-06	2.208717e-09	1.178999e-09	1.775782e+01	1.342742e+02
6.020000e-06	2.188380e-09	1.170468e-09	1.759432e+01	1.332681e+02
6.030000e-06	2.167980e-09	1.161737e-09	1.743030e+01	1.322532e+02
6.040000e-06	2.147499e-09	1.152827e-09	1.726563e+01	1.312314e+02
6.050000e-06	2.126929e-09	1.143908e-09	1.710026e+01	1.302050e+02
6.060000e-06	2.106258e-09	1.135130e-09	1.693406e+01	1.291767e+02
6.070000e-06	2.085472e-09	1.127606e-09	1.676694e+01	1.281487e+02
6.080000e-06	2.064583e-09	1.119899e-09	1.659900e+01	1.271230e+02
6.090000e-06	2.043577e-09	1.111021e-09	1.643011e+01	1.261003e+02
6.100000e-06	2.022433e-09	1.102210e-09	1.626012e+01	1.250804e+02
6.110000e-06	2.001161e-09	1.095287e-09	1.608909e+01	1.240619e+02
6.120000e-06	1.979722e-09	1.086564e-09	1.591672e+01	1.230425e+02
6.130000e-06	1.958105e-09	1.073915e-09	1.574293e+01	1.220191e+02
6.140000e-06	1.936315e-09	1.061471e-09	1.556774e+01	1.209880e+02
6.150000e-06	1.914353e-09	1.051322e-09	1.539117e+01	1.199459e+02
6.160000e-06	1.892252e-09	1.043898e-09	1.521348e+01	1.188899e+02
6.170000e-06	1.869972e-09	1.037830e-09	1.503435e+01	1.178177e+02
6.180000e-06	1.847489e-09	1.030954e-09	1.485359e+01	1.167285e+02
6.190000e-06	1.824842e-09	1.022993e-09	1.467151e+01	1.156223e+02
6.200000e-06	1.802026e-09	1.015766e-09	1.448807e+01	1.145004e+02
6.210000e-06	1.779062e-09	1.007950e-09	1.430345e+01	1.133649e+02
6.220000e-06	1.755964e-09	9.977531e-10	1.411774e+01	1.122187e+02
6.230000e-06	1.732750e-09	9.851379e-10	1.393110e+01	1.110646e+02
6.240000e-06	1.709453e-09	9.717564e-10	1.374380e+01	1.099054e+02
6.250000e-06	1.686033e-09	9.620088e-10	1.355550e+01	1.087436e+02
6.260000e-06	1.662516e-09	9.540609e-10	1.336643e+01	1.075807e+02
6.270000e-06	1.638926e-09	9.469820e-10	1.317677e+01	1.064176e+02
6.280000e-06	1.615252e-09	9.403469e-10	1.298643e+01	1.052544e+02
6.290000e-06	1.591504e-09	9.334656e-10	1.279550e+01	1.040908e+02
6.300000e-06	1.567705e-09	9.279401e-10	1.260416e+01	1.029257e+02
6.310000e-06	1.543861e-09	9.213223e-10	1.241246e+01	1.017582e+02
6.320000e-06	1.519957e-09	9.125237e-10	1.222027e+01	1.005873e+02
6.330000e-06	1.496006e-09	9.022013e-10	1.202771e+01	9.941261e+01
6.340000e-06	1.472018e-09	8.919730e-10	1.183485e+01	9.823377e+01
6.350000e-06	1.447994e-09	8.813251e-10	1.164170e+01	9.705097e+01
6.360000e-06	1.423946e-09	8.705964e-10	1.144835e+01	9.586460e+01
6.370000e-06	1.399860e-09	8.633014e-10	1.125470e+01	9.467517e+01
6.380000e-06	1.375731e-09	8.562660e-10	1.106071e+01	9.348299e+01
6.390000e-06	1.351574e-09	8.476736e-10	1.086649e+01	9.228805e+01
6.400000e-06	1.327398e-09	8.359064e-10	1.067212e+01	9.108981e+01
6.410000e-06	1.303203e-09	8.229344e-10	1.047759e+01	8.988715e+01
6.420000e-06	1.278997e-09	8.123343e-10	1.028298e+01	8.867843e+01
6.430000e-06	1.254761e-09	8.033644e-10	1.008813e+01	8.746160e+01
6.440000e-06	1.230474e-09	7.947912e-10	9.892858e+00	8.623451e+01
6.450000e-06	1.206155e-09	7.840328e-10	9.697337e+00	8.499517e+01
6.460000e-06	1.181819e-09	7.741545e-10	9.501684e+00	8.374208e+01
6.470000e-06	1.157469e-09	7.660838e-10	9.305911e+00	8.247449e+01
6.480000e-06	1.133086e-09	7.577803e-10	9.109875e+00	8.119263e+01
6.490000e-06	1.108658e-09	7.462432e-10	8.913473e+00	7.989770e+01
6.500000e-06	1.084197e-09	7.319201e-10	8.716814e+00	7.859188e+01
6.510000e-06	1.059701e-09	7.200206e-10	8.519867e+00	7.727805e+01
6.520000e-06	1.035160e-09	7.096618e-10	8.322559e+00	7.595954e+01
6.530000e-06	1.010582e-09	6.978605e-10	8.124952e+00	7.463970e+01
6.540000e-06	9.859712e-10	6.838859e-10	7.927086e+00	7.332155e+01
6.550000e-06	9.613189e-10	6.711716e-10	7.728883e+00	7.200745e+01
6.560000e-06	9.366256e-10	6.613889e-10	7.530352e+00	7.069883e+01
6.570000e-06	9.118966e-10	6.513015e-10	7.331534e+00	6.939606e+01
6.580000e-06	8.871117e-10	6.392253e-10	7.132266e+00	6.809853e+01
6.590000e-06	8.622717e-10	6.262761e-10	6.932555e+00	6.680473e+01
6.600000e-06	8.373769e-10	6.144934e-10	6.732404e+00	6.551260e+01
6.610000e-06	8.124314e-10	6.027028e-10	6.531845e+00	6.421977e+01
6.620000e-06	7.874611e-10	5.887356e-10	6.331086e+00	6.292395e+01
6.630000e-06	7.624516e-10	5.727264e-10	6.130013e+00	6.162322e+01
6.640000e-06	7.374095e-10	5.569995e-10	5.928677e+00	6.031623e+01
6.650000e-06	7.123254e-10	5.433328e-10	5.727004e+00	5.900227e+01
6.660000e-06	6.871817e-10	5.305898e-10	5.524852e+00	5.768131e+01
6.670000e-06	6.620149e-10	5.174378e-10	5.322513e+00	5.635381e+01
6.680000e-06	6.368001e-10	5.042371e-10	5.119789e+00	5.502056e+01
6.690000e-06	6.115351e-10	4.923747e-10	4.916661e+00	5.368242e+01
6.700000e-06	5.862534e-10	4.816134e-10	4.713399e+00	5.234011e+01
6.710000e-06	5.609541e-10	4.709950e-10	4.509996e+00	5.099408e+01
6.720000e-06	5.356434e-10	4.600109e-10	4.306501e+00	4.964438e+01
6.730000e-06	5.103231e-10	4.484093e-10	4.102928e+00	4.829076e+01
6.740000e-06	4.850004e-10	4.357025e-10	3.899337e+00	4.693281e+01
6.750000e-06	4.596535e-10	4.216517e-10	3.695551e+00	4.557012e+01
6.760000e-06	4.342699e-10	4.063753e-10	3.491470e+00	4.420256e+01
6.770000e-06	4.088599e-10	3.908286e-10	3.287177e+00	4.283048e+01
6.780000e-06	3.834196e-10	3.774246e-10	3.082640e+00	4.145484e+01
6.790000e-06	3.579521e-10	3.665407e-10	2.877884e+00	4.007723e+01
6.800000e-06	3.324615e-10	3.560437e-10	2.672943e+00	3.869976e+01
6.810000e-06	3.069498e-10	3.439758e-10	2.467832e+00	3.732482e+01
6.820000e-06	2.814081e-10	3.324709e-10	2.262480e+00	3.595472e+01
6.830000e-06	2.558460e-10	3.227435e-10	2.056964e+00	3.459126e+01
6.840000e-06	2.302779e-10	3.130500e-10	1.851400e+00	3.323536e+01
6.850000e-06	2.047014e-10	3.021055e-10	1.645768e+00	3.188673e+01
6.860000e-06	1.791147e-10	2.901386e-10	1.440053e+00	3.054365e+01
6.870000e-06	1.535231e-10	2.784000e-10	1.234300e+00	2.920302e+01
6.880000e-06	1.279201e-10	2.665694e-10	1.028455e+00	2.786054e+01
6.890000e-06	1.023159e-10	2.544959e-10	8.226003e-01	2.651110e+01
6.900000e-06	7.670021e-11	2.413989e-10	6.166528e-01	2.514939e+01
6.910000e-06	5.107787e-11	2.280757e-10	4.106523e-01	2.377051e+01
6.920000e-06	2.547650e-11	2.146609e-10	2.048203e-01	2.237063e+01
6.930000e-06	-1.199462e-13	2.006912e-10	-9.720858e-04	2.094757e+01
6.940000e-06	-2.569828e-11	1.884320e-10	-2.066188e-01	1.950113e+01
6.950000e-06	-5.126860e-11	1.782233e-10	-4.122012e-01	1.803328e+01
6.960000e-06	-7.683571e-11	1.690910e-10	-6.177579e-01	1.654802e+01
6.970000e-06	-1.024147e-10	1.588564e-10	-8.234100e-01	1.505093e+01
6.980000e-06	-1.280229e-10	1.468304e-10	-1.029297e+00	1.354862e+01
6.990000e-06	-1.536109e-10	1.351081e-10	-1.235021e+00	1.204786e+01
7.000000e-06	-1.791667e-10	1.257956e-10	-1.440487e+00	1.055484e+01
7.010000e-06	-2.047234e-10	1.194488e-10	-1.645960e+00	9.074337e+00
7.020000e-06	-2.302572e-10	1.116598e-10	-1.851249e+00	7.609132e+00
7.030000e-06	-2.557858e-10	9.963607e-11	-2.056497e+00	6.159655e+00
7.040000e-06	-2.813068e-10	8.485065e-11	-2.261683e+00	4.723922e+00
7.050000e-06	-3.067697e-10	6.901510e-11	-2.466401e+00	3.297795e+00
7.060000e-06	-3.322310e-10	5.256372e-11	-2.671106e+00	1.875520e+00
7.070000e-06	-3.576897e-10	3.790220e-11	-2.875792e+00	4.504666e-01
7.080000e-06	-3.831315e-10	2.809269e-11	-3.080340e+00	-9.840040e-01
7.090000e-06	-4.085368e-10	2.032898e-11	-3.284596e+00	-2.433689e+00
7.100000e-06	-4.338926e-10	1.170172e-11	-3.488454e+00	-3.902803e+00
7.110000e-06	-4.592567e-10	-1.000258e-12	-3.692379e+00	-5.393456e+00
7.120000e-06	-4.846089e-10	-1.825915e-11	-3.896207e+00	-6.905406e+00
7.130000e-06	-5.099052e-10	-3.564686e-11	-4.099586e+00	-8.436135e+00
7.140000e-06	-5.351582e-10	-4.974081e-11	-4.302617e+00	-9.981213e+00
7.150000e-06	-5.603972e-10	-6.236976e-11	-4.505536e+00	-1.153490e+01
7.160000e-06	-5.856242e-10	-7.559893e-11	-4.708359e+00	-1.309092e+01
7.170000e-06	-6.108146e-10	-8.976360e-11	-4.910886e+00	-1.464325e+01
7.180000e-06	-6.359536e-10	-1.062561e-10	-5.113001e+00	-1.618690e+01
7.190000e-06	-6.610632e-10	-1.217116e-10	-5.314880e+00	-1.771848e+01
7.200000e-06	-6.861398e-10	-1.358484e-10	-5.516492e+00	-1.923655e+01
7.210000e-06	-7.111684e-10	-1.501205e-10	-5.717719e+00	-2.074171e+01
7.220000e-06	-7.361527e-10	-1.632813e-10	-5.918590e+00	-2.223642e+01
7.230000e-06	-7.611025e-10	-1.744200e-10	-6.119184e+00	-2.372450e+01
7.240000e-06	-7.860164e-10	-1.850371e-10	-6.319488e+00	-2.521062e+01
7.250000e-06	-8.108983e-10	-1.991427e-10	-6.519536e+00	-2.669954e+01
7.260000e-06	-8.357418e-10	-2.161287e-10	-6.719275e+00	-2.819550e+01
7.270000e-06	-8.605325e-10	-2.338261e-10	-6.918589e+00	-2.970164e+01
7.280000e-06	-8.853018e-10	-2.490633e-10	-7.117731e+00	-3.121964e+01
7.290000e-06	-9.100134e-10	-2.623209e-10	-7.316410e+00	-3.274954e+01
7.300000e-06	-9.346568e-10	-2.763606e-10	-7.514540e+00	-3.428986e+01
7.310000e-06	-9.592762e-10	-2.898507e-10	-7.712477e+00	-3.583781e+01
7.320000e-06	-9.838499e-10	-3.027007e-10	-7.910047e+00	-3.738981e+01
7.330000e-06	-1.008373e-09	-3.150154e-10	-8.107211e+00	-3.894189e+01
7.340000e-06	-1.032875e-09	-3.298009e-10	-8.304206e+00	-4.049032e+01
7.350000e-06	-1.057340e-09	-3.495729e-10	-8.500901e+00	-4.203199e+01
7.360000e-06	-1.081768e-09	-3.716006e-10	-8.697294e+00	-4.356479e+01
7.370000e-06	-1.106165e-09	-3.902077e-10	-8.893445e+00	-4.508774e+01
7.380000e-06	-1.130521e-09	-4.037515e-10	-9.089265e+00	-4.660106e+01
7.390000e-06	-1.154842e-09	-4.141648e-10	-9.284806e+00	-4.810600e+01
7.400000e-06	-1.179138e-09	-4.216454e-10	-9.480140e+00	-4.960459e+01
7.410000e-06	-1.203405e-09	-4.308420e-10	-9.675245e+00	-5.109937e+01
7.420000e-06	-1.227650e-09	-4.434529e-10	-9.870169e+00	-5.259300e+01
7.430000e-06	-1.251872e-09	-4.585563e-10	-1.006492e+01	-5.408804e+01
7.440000e-06	-1.276067e-09	-4.770790e-10	-1.025944e+01	-5.558671e+01
7.450000e-06	-1.300248e-09	-4.981972e-10	-1.045385e+01	-5.709072e+01
7.460000e-06	-1.324409e-09	-5.188975e-10	-1.064810e+01	-5.860130e+01
7.470000e-06	-1.348536e-09	-5.347547e-10	-1.084208e+01	-6.011914e+01
7.480000e-06	-1.372636e-09	-5.460039e-10	-1.103585e+01	-6.164453e+01
7.490000e-06	-1.396717e-09	-5.550288e-10	-1.122945e+01	-6.317739e+01
7.500000e-06	-1.420763e-09	-5.652734e-10	-1.142278e+01	-6.471730e+01
7.510000e-06	-1.444773e-09	-5.769473e-10	-1.161582e+01	-6.626362e+01
7.520000e-06	-1.468748e-09	-5.893702e-10	-1.180857e+01	-6.781535e+01
7.530000e-06	-1.492676e-09	-6.037733e-10	-1.200095e+01	-6.937118e+01
7.540000e-06	-1.516577e-09	-6.203101e-10	-1.219311e+01	-7.092940e+01
7.550000e-06	-1.540432e-09	-6.374183e-10	-1.238490e+01	-7.248784e+01
7.560000e-06	-1.564231e-09	-6.503677e-10	-1.257624e+01	-7.404397e+01
7.570000e-06	-1.587991e-09	-6.615016e-10	-1.276728e+01	-7.559494e+01
7.580000e-06	-1.611674e-09	-6.755278e-10	-1.295768e+01	-7.713780e+01
7.590000e-06	-1.635247e-09	-6.908152e-10	-1.314720e+01	-7.866976e+01
7.600000e-06	-1.658711e-09	-7.049311e-10	-1.333585e+01	-8.018855e+01
7.610000e-06	-1.682095e-09	-7.175213e-10	-1.352386e+01	-8.169273e+01
7.620000e-06	-1.705388e-09	-7.301583e-10	-1.371113e+01	-8.318201e+01
7.630000e-06	-1.728592e-09	-7.421600e-10	-1.389769e+01	-8.465743e+01
7.640000e-06	-1.751705e-09	-7.524849e-10	-1.408352e+01	-8.612145e+01
7.650000e-06	-1.774665e-09	-7.623592e-10	-1.426811e+01	-8.757784e+01
7.660000e-06	-1.797471e-09	-7.726513e-10	-1.445147e+01	-8.903131e+01
7.670000e-06	-1.820125e-09	-7.843430e-10	-1.463360e+01	-9.048716e+01
7.680000e-06	-1.842633e-09	-7.969103e-10	-1.481456e+01	-9.195058e+01
7.690000e-06	-1.865025e-09	-8.088849e-10	-1.499459e+01	-9.342613e+01
7.700000e-06	-1.887273e-09	-8.204830e-10	-1.517347e+01	-9.491705e+01
7.710000e-06	-1.909335e-09	-8.342534e-10	-1.535084e+01	-9.642487e+01
7.720000e-06	-1.931226e-09	-8.506600e-10	-1.552684e+01	-9.794904e+01
7.730000e-06	-1.952942e-09	-8.665023e-10	-1.570143e+01	-9.948695e+01
7.740000e-06	-1.974459e-09	-8.798559e-10	-1.587443e+01	-1.010341e+02
7.750000e-06	-1.995815e-09	-8.918876e-10	-1.604613e+01	-1.025846e+02
7.760000e-06	-2.017034e-09	-9.033058e-10	-1.621672e+01	-1.041317e+02
7.770000e-06	-2.038108e-09	-9.134476e-10	-1.638616e+01	-1.056687e+02
7.780000e-06	-2.059043e-09	-9.218569e-10	-1.655447e+01	-1.071895e+02
7.790000e-06	-2.079844e-09	-9.301205e-10	-1.672171e+01	-1.086896e+02
7.800000e-06	-2.100530e-09	-9.419070e-10	-1.688802e+01	-1.101660e+02
7.810000e-06	-2.121112e-09	-9.576750e-10	-1.705350e+01	-1.116181e+02
7.820000e-06	-2.141589e-09	-9.754065e-10	-1.721813e+01	-1.130472e+02
7.830000e-06	-2.162005e-09	-9.916460e-10	-1.738228e+01	-1.144562e+02
7.840000e-06	-2.182365e-09	-1.003686e-09	-1.754596e+01	-1.158493e+02
7.850000e-06	-2.202666e-09	-1.014579e-09	-1.770919e+01	-1.172309e+02
7.860000e-06	-2.222927e-09	-1.026602e-09	-1.787208e+01	-1.186054e+02
7.870000e-06	-2.243152e-09	-1.039631e-09	-1.803468e+01	-1.199758e+02
7.880000e-06	-2.263342e-09	-1.054259e-09	-1.819701e+01	-1.213438e+02
7.890000e-06	-2.283486e-09	-1.070597e-09	-1.835897e+01	-1.227094e+02
7.900000e-06	-2.303588e-09	-1.086088e-09	-1.852058e+01	-1.240708e+02
7.910000e-06	-2.323650e-09	-1.097844e-09	-1.868189e+01	-1.254246e+02
7.920000e-06	-2.343664e-09	-1.106709e-09	-1.884279e+01	-1.267667e+02
7.930000e-06	-2.363614e-09	-1.116024e-09	-1.900319e+01	-1.280924e+02
7.940000e-06	-2.383488e-09	-1.129140e-09	-1.916298e+01	-1.293980e+02
7.950000e-06	-2.403294e-09	-1.144684e-09	-1.932222e+01	-1.306805e+02
7.960000e-06	-2.423015e-09	-1.159342e-09	-1.948076e+01	-1.319388e+02
7.970000e-06	-2.442620e-09	-1.174074e-09	-1.963839e+01	-1.331734e+02
7.980000e-06	-2.462106e-09	-1.188782e-09	-1.979506e+01	-1.343870e+02
7.990000e-06	-2.481458e-09	-1.200682e-09	-1.995064e+01	-1.355836e+02
8.000000e-06	-2.500684e-09	-1.208085e-09	-2.010522e+01	-1.367681e+02
8.010000e-06	-2.519778e-09	-1.215189e-09	-2.025873e+01	-1.379459e+02
8.020000e-06	-2.538738e-09	-1.228372e-09	-2.041117e+01	-1.391218e+02
8.030000e-06	-2.557571e-09	-1.245176e-09	-2.056258e+01	-1.402992e+02
8.040000e-06	-2.576281e-09	-1.259651e-09	-2.071301e+01	-1.414802e+02
8.050000e-06	-2.594881e-09	-1.270348e-09	-2.086255e+01	-1.426644e+02
8.060000e-06	-2.613362e-09	-1.279725e-09	-2.101113e+01	-1.438499e+02
8.070000e-06	-2.631733e-09	-1.288105e-09	-2.115884e+01	-1.450329e+02
8.080000e-06	-2.650000e-09	-1.296431e-09	-2.130570e+01	-1.462086e+02
8.090000e-06	-2.668191e-09	-1.306842e-09	-2.145195e+01	-1.473717e+02
8.100000e-06	-2.686306e-09	-1.318673e-09	-2.159760e+01	-1.485174e+02
8.110000e-06	-2.704325e-09	-1.331591e-09	-2.174247e+01	-1.496420e+02
8.120000e-06	-2.722249e-09	-1.343584e-09	-2.188658e+01	-1.507434e+02
8.130000e-06	-2.740083e-09	-1.353699e-09	-2.202996e+01	-1.518215e+02
8.140000e-06	-2.757808e-09	-1.363836e-09	-2.217247e+01	-1.528783e+02
8.150000e-06	-2.775402e-09	-1.374259e-09	-2.231392e+01	-1.539172e+02
8.160000e-06	-2.792855e-09	-1.383612e-09	-2.245424e+01	-1.549431e+02
8.170000e-06	-2.810169e-09	-1.391475e-09	-2.259344e+01	-1.559613e+02
8.180000e-06	-2.827322e-09	-1.399923e-09	-2.273135e+01	-1.569772e+02
8.190000e-06	-2.844319e-09	-1.408477e-09	-2.286801e+01	-1.579950e+02
8.200000e-06	-2.861181e-09	-1.415474e-09	-2.300357e+01	-1.590178e+02
8.210000e-06	-2.877898e-09	-1.422398e-09	-2.313797e+01	-1.600468e+02
8.220000e-06	-2.894496e-09	-1.430697e-09	-2.327142e+01	-1.610815e+02
8.230000e-06	-2.910987e-09	-1.439623e-09	-2.340400e+01	-1.621200e+02
8.240000e-06	-2.927376e-09	-1.447711e-09	-2.353577e+01	-1.631590e+02
8.250000e-06	-2.943688e-09	-1.455098e-09	-2.366692e+01	-1.641949e+02
8.260000e-06	-2.959937e-09	-1.462129e-09	-2.379756e+01	-1.652239e+02
8.270000e-06	-2.976121e-09	-1.469982e-09	-2.392768e+01	-1.662427e+02
8.280000e-06	-2.992235e-09	-1.478323e-09	-2.405723e+01	-1.672491e+02
8.290000e-06	-3.008296e-09	-1.485207e-09	-2.418636e+01	-1.682420e+02
8.300000e-06	-3.024283e-09	-1.492973e-09	-2.431489e+01	-1.692212e+02
8.310000e-06	-3.040160e-09	-1.503190e-09	-2.444255e+01	-1.701878e+02
8.320000e-06	-3.055914e-09	-1.513307e-09	-2.456921e+01	-1.711430e+02
8.330000e-06	-3.071511e-09	-1.519293e-09	-2.469460e+01	-1.720885e+02
8.340000e-06	-3.086912e-09	-1.520661e-09	-2.481842e+01	-1.730252e+02
8.350000e-06	-3.102111e-09	-1.523319e-09	-2.494062e+01	-1.739536e+02
8.360000e-06	-3.117092e-09	-1.530332e-09	-2.506106e+01	-1.748730e+02
8.370000e-06	-3.131840e-09	-1.538673e-09	-2.517964e+01	-1.757821e+02
8.380000e-06	-3.146355e-09	-1.545947e-09	-2.529633e+01	-1.766785e+02
8.390000e-06	-3.160570e-09	-1.555142e-09	-2.541062e+01	-1.775598e+02
8.400000e-06	-3.174487e-09	-1.566197e-09	-2.552251e+01	-1.784237e+02
8.410000e-06	-3.188172e-09	-1.576026e-09	-2.563254e+01	-1.792684e+02
8.420000e-06	-3.201652e-09	-1.582800e-09	-2.574091e+01	-1.800933e+02
8.430000e-06	-3.214908e-09	-1.585702e-09	-2.584749e+01	-1.808993e+02
8.440000e-06	-3.227937e-09	-1.587735e-09	-2.595225e+01	-1.816887e+02
8.450000e-06	-3.240763e-09	-1.591905e-09	-2.605536e+01	-1.824648e+02
8.460000e-06	-3.253417e-09	-1.600277e-09	-2.615711e+01	-1.832320e+02
8.470000e-06	-3.265939e-09	-1.611441e-09	-2.625778e+01	-1.839948e+02
8.480000e-06	-3.278339e-09	-1.621516e-09	-2.635747e+01	-1.847574e+02
8.490000e-06	-3.290620e-09	-1.628963e-09	-2.645621e+01	-1.855225e+02
8.500000e-06	-3.302760e-09	-1.634072e-09	-2.655382e+01	-1.862917e+02
8.510000e-06	-3.314766e-09	-1.638106e-09	-2.665034e+01	-1.870642e+02
8.520000e-06	-3.326645e-09	-1.641778e-09	-2.674584e+01	-1.878375e+02
8.530000e-06	-3.338375e-09	-1.647487e-09	-2.684015e+01	-1.886073e+02
8.540000e-06	-3.349953e-09	-1.657450e-09	-2.693324e+01	-1.893682e+02
8.550000e-06	-3.361358e-09	-1.671089e-09	-2.702494e+01	-1.901142e+02
8.560000e-06	-3.372582e-09	-1.684198e-09	-2.711517e+01	-1.908400e+02
8.570000e-06	-3.383634e-09	-1.691362e-09	-2.720403e+01	-1.915409e+02
8.580000e-06	-3.394507e-09	-1.692731e-09	-2.729145e+01	-1.922145e+02
8.590000e-06	-3.405207e-09	-1.692113e-09	-2.737748e+01	-1.928602e+02
8.600000e-06	-3.415766e-09	-1.694243e-09	-2.746237e+01	-1.934797e+02
8.610000e-06	-3.426188e-09	-1.699191e-09	-2.754616e+01	-1.940766e+02
8.620000e-06	-3.436472e-09	-1.705930e-09	-2.762884e+01	-1.946556e+02
8.630000e-06	-3.446637e-09	-1.715693e-09	-2.771057e+01	-1.952224e+02
8.640000e-06	-3.456693e-09	-1.726900e-09	-2.779142e+01	-1.957820e+02
8.650000e-06	-3.466602e-09	-1.736829e-09	-2.787109e+01	-1.963384e+02
8.660000e-06	-3.476365e-09	-1.742720e-09	-2.794957e+01	-1.968941e+02
8.670000e-06	-3.485985e-09	-1.745231e-09	-2.802692e+01	-1.974491e+02
8.680000e-06	-3.495434e-09	-1.747080e-09	-2.810289e+01	-1.980016e+02
8.690000e-06	-3.504694e-09	-1.751107e-09	-2.817734e+01	-1.985479e+02
8.700000e-06	-3.513786e-09	-1.757965e-09	-2.825043e+01	-1.990832e+02
8.710000e-06	-3.522728e-09	-1.765878e-09	-2.832233e+01	-1.996025e+02
8.720000e-06	-3.531497e-09	-1.774514e-09	-2.839283e+01	-2.001011e+02
8.730000e-06	-3.540098e-09	-1.782375e-09	-2.846198e+01	-2.005761e+02
8.740000e-06	-3.548562e-09	-1.788021e-09	-2.853003e+01	-2.010265e+02
8.750000e-06	-3.556927e-09	-1.791374e-09	-2.859729e+01	-2.014534e+02
8.760000e-06	-3.565220e-09	-1.793499e-09	-2.866396e+01	-2.018605e+02
8.770000e-06	-3.573437e-09	-1.795523e-09	-2.873003e+01	-2.022530e+02
8.780000e-06	-3.581570e-09	-1.798812e-09	-2.879542e+01	-2.026371e+02
8.790000e-06	-3.589617e-09	-1.803472e-09	-2.886011e+01	-2.030190e+02
8.800000e-06	-3.597583e-09	-1.809134e-09	-2.892415e+01	-2.034039e+02
8.810000e-06	-3.605428e-09	-1.814419e-09	-2.898723e+01	-2.037949e+02
8.820000e-06	-3.613116e-09	-1.816611e-09	-2.904904e+01	-2.041925e+02
8.830000e-06	-3.620635e-09	-1.815794e-09	-2.910949e+01	-2.045946e+02
8.840000e-06	-3.627953e-09	-1.814058e-09	-2.916833e+01	-2.049962e+02
8.850000e-06	-3.635058e-09	-1.814209e-09	-2.922545e+01	-2.053902e+02
8.860000e-06	-3.641930e-09	-1.816423e-09	-2.928070e+01	-2.057688e+02
8.870000e-06	-3.648537e-09	-1.818968e-09	-2.933382e+01	-2.061241e+02
8.880000e-06	-3.654838e-09	-1.821688e-09	-2.938448e+01	-2.064497e+02
8.890000e-06	-3.660835e-09	-1.824975e-09	-2.943269e+01	-2.067416e+02
8.900000e-06	-3.666563e-09	-1.827491e-09	-2.947875e+01	-2.069992e+02
8.910000e-06	-3.672025e-09	-1.827802e-09	-2.952266e+01	-2.072253e+02
8.920000e-06	-3.677240e-09	-1.827006e-09	-2.956459e+01	-2.074261e+02
8.930000e-06	-3.682205e-09	-1.826439e-09	-2.960450e+01	-2.076105e+02
8.940000e-06	-3.686956e-09	-1.827114e-09	-2.964270e+01	-2.077888e+02
8.950000e-06	-3.691554e-09	-1.828925e-09	-2.967967e+01	-2.079714e+02
8.960000e-06	-3.696012e-09	-1.830212e-09	-2.971551e+01	-2.081672e+02
8.970000e-06	-3.700347e-09	-1.830021e-09	-2.975036e+01	-2.083825e+02
8.980000e-06	-3.704586e-09	-1.828608e-09	-2.978444e+01	-2.086197e+02
8.990000e-06	-3.708743e-09	-1.827681e-09	-2.981787e+01	-2.088774e+02
9.000000e-06	-3.712824e-09	-1.826737e-09	-2.985068e+01	-2.091498e+02
9.010000e-06	-3.716832e-09	-1.825521e-09	-2.988290e+01	-2.094282e+02
9.020000e-06	-3.720749e-09	-1.826915e-09	-2.991439e+01	-2.097016e+02
9.030000e-06	-3.724539e-09	-1.830795e-09	-2.994486e+01	-2.099588e+02
9.040000e-06	-3.728182e-09	-1.834869e-09	-2.997416e+01	-2.101894e+02
9.050000e-06	-3.731655e-09	-1.837563e-09	-3.000208e+01	-2.103863e+02
9.060000e-06	-3.734921e-09	-1.836968e-09	-3.002833e+01	-2.105458e+02
9.070000e-06	-3.737995e-09	-1.834174e-09	-3.005305e+01	-2.106691e+02
9.080000e-06	-3.740906e-09	-1.832596e-09	-3.007645e+01	-2.107618e+02
9.090000e-06	-3.743650e-09	-1.833215e-09	-3.009852e+01	-2.108333e+02
9.100000e-06	-3.746228e-09	-1.835930e-09	-3.011924e+01	-2.108956e+02
9.110000e-06	-3.748651e-09	-1.838381e-09	-3.013872e+01	-2.109616e+02
9.120000e-06	-3.750949e-09	-1.839076e-09	-3.015720e+01	-2.110431e+02
9.130000e-06	-3.753132e-09	-1.840323e-09	-3.017475e+01	-2.111489e+02
9.140000e-06	-3.755210e-09	-1.840563e-09	-3.019146e+01	-2.112838e+02
9.150000e-06	-3.757160e-09	-1.837249e-09	-3.020713e+01	-2.114474e+02
9.160000e-06	-3.758834e-09	-1.833430e-09	-3.022059e+01	-2.116341e+02
9.170000e-06	-3.760250e-09	-1.834499e-09	-3.023197e+01	-2.118338e+02
9.180000e-06	-3.761572e-09	-1.840922e-09	-3.024260e+01	-2.120328e+02
9.190000e-06	-3.762773e-09	-1.847891e-09	-3.025226e+01	-2.122162e+02
9.200000e-06	-3.763792e-09	-1.850505e-09	-3.026045e+01	-2.123697e+02
9.210000e-06	-3.764624e-09	-1.848743e-09	-3.026714e+01	-2.124815e+02
9.220000e-06	-3.765292e-09	-1.848346e-09	-3.027251e+01	-2.125448e+02
9.230000e-06	-3.765822e-09	-1.851265e-09	-3.027677e+01	-2.125581e+02
9.240000e-06	-3.766229e-09	-1.852897e-09	-3.028004e+01	-2.125265e+02
