# Temperatura_=_20.0
# Concentracion g/m^3_=_10770.0
# C_Vs_to_Am_M_A/Vsm_=_116720831517.84952
# pendiente_HvsI_1/m_=_3716.3
# ordenada_HvsI_A/m_=_1297.0
# frecuencia_Hz_=_108139.38309481241
# Promedio de 27 ciclos

Tiempo_(s)	Campo_(V.s)	Magnetizacion_(V.s)	Campo_(kA/m)	Magnetizacion_(A/m)
0.000000e+00	-4.231604e-09	-2.600828e-09	-3.398586e+01	-2.952120e+02
1.000000e-08	-4.231842e-09	-2.601215e-09	-3.398777e+01	-2.951876e+02
2.000000e-08	-4.231976e-09	-2.599376e-09	-3.398885e+01	-2.951240e+02
3.000000e-08	-4.232019e-09	-2.596464e-09	-3.398919e+01	-2.950254e+02
4.000000e-08	-4.231942e-09	-2.597578e-09	-3.398857e+01	-2.948975e+02
5.000000e-08	-4.231732e-09	-2.604009e-09	-3.398688e+01	-2.947469e+02
6.000000e-08	-4.231359e-09	-2.604209e-09	-3.398389e+01	-2.945805e+02
7.000000e-08	-4.230757e-09	-2.571210e-09	-3.397905e+01	-2.944049e+02
8.000000e-08	-4.229870e-09	-2.546991e-09	-3.397193e+01	-2.942255e+02
9.000000e-08	-4.228654e-09	-2.595174e-09	-3.396216e+01	-2.940467e+02
1.000000e-07	-4.227102e-09	-2.615483e-09	-3.394970e+01	-2.938710e+02
1.100000e-07	-4.225262e-09	-2.542576e-09	-3.393492e+01	-2.936990e+02
1.200000e-07	-4.223150e-09	-2.537602e-09	-3.391795e+01	-2.935301e+02
1.300000e-07	-4.220725e-09	-2.634515e-09	-3.389848e+01	-2.933619e+02
1.400000e-07	-4.217973e-09	-2.633919e-09	-3.387637e+01	-2.931913e+02
1.500000e-07	-4.214934e-09	-2.534377e-09	-3.385197e+01	-2.930148e+02
1.600000e-07	-4.211660e-09	-2.541317e-09	-3.382568e+01	-2.928292e+02
1.700000e-07	-4.208176e-09	-2.609632e-09	-3.379769e+01	-2.926316e+02
1.800000e-07	-4.204530e-09	-2.583999e-09	-3.376841e+01	-2.924203e+02
1.900000e-07	-4.200777e-09	-2.521972e-09	-3.373827e+01	-2.921950e+02
2.000000e-07	-4.196929e-09	-2.543642e-09	-3.370737e+01	-2.919563e+02
2.100000e-07	-4.192993e-09	-2.599696e-09	-3.367575e+01	-2.917061e+02
2.200000e-07	-4.188971e-09	-2.558362e-09	-3.364345e+01	-2.914471e+02
2.300000e-07	-4.184852e-09	-2.520406e-09	-3.361037e+01	-2.911822e+02
2.400000e-07	-4.180616e-09	-2.558748e-09	-3.357635e+01	-2.909143e+02
2.500000e-07	-4.176224e-09	-2.563189e-09	-3.354107e+01	-2.906455e+02
2.600000e-07	-4.171628e-09	-2.528288e-09	-3.350416e+01	-2.903770e+02
2.700000e-07	-4.166796e-09	-2.547252e-09	-3.346535e+01	-2.901087e+02
2.800000e-07	-4.161745e-09	-2.587116e-09	-3.342479e+01	-2.898389e+02
2.900000e-07	-4.156494e-09	-2.536921e-09	-3.338262e+01	-2.895648e+02
3.000000e-07	-4.151045e-09	-2.506215e-09	-3.333885e+01	-2.892823e+02
3.100000e-07	-4.145420e-09	-2.549672e-09	-3.329367e+01	-2.889868e+02
3.200000e-07	-4.139615e-09	-2.539326e-09	-3.324705e+01	-2.886733e+02
3.300000e-07	-4.133621e-09	-2.482595e-09	-3.319891e+01	-2.883374e+02
3.400000e-07	-4.127430e-09	-2.504817e-09	-3.314918e+01	-2.879752e+02
3.500000e-07	-4.121010e-09	-2.565721e-09	-3.309763e+01	-2.875844e+02
3.600000e-07	-4.114363e-09	-2.525082e-09	-3.304424e+01	-2.871640e+02
3.700000e-07	-4.107510e-09	-2.486464e-09	-3.298920e+01	-2.867148e+02
3.800000e-07	-4.100456e-09	-2.516818e-09	-3.293254e+01	-2.862389e+02
3.900000e-07	-4.093211e-09	-2.509950e-09	-3.287436e+01	-2.857400e+02
4.000000e-07	-4.085793e-09	-2.465568e-09	-3.281478e+01	-2.852226e+02
4.100000e-07	-4.078225e-09	-2.473603e-09	-3.275400e+01	-2.846916e+02
4.200000e-07	-4.070533e-09	-2.492118e-09	-3.269222e+01	-2.841520e+02
4.300000e-07	-4.062741e-09	-2.458345e-09	-3.262964e+01	-2.836081e+02
4.400000e-07	-4.054869e-09	-2.463064e-09	-3.256642e+01	-2.830635e+02
4.500000e-07	-4.046914e-09	-2.483913e-09	-3.250253e+01	-2.825206e+02
4.600000e-07	-4.038854e-09	-2.453117e-09	-3.243779e+01	-2.819804e+02
4.700000e-07	-4.030676e-09	-2.427353e-09	-3.237211e+01	-2.814429e+02
4.800000e-07	-4.022349e-09	-2.443166e-09	-3.230523e+01	-2.809067e+02
4.900000e-07	-4.013787e-09	-2.437205e-09	-3.223647e+01	-2.803698e+02
5.000000e-07	-4.004967e-09	-2.404251e-09	-3.216563e+01	-2.798294e+02
5.100000e-07	-3.995886e-09	-2.410675e-09	-3.209270e+01	-2.792828e+02
5.200000e-07	-3.986504e-09	-2.417377e-09	-3.201735e+01	-2.787273e+02
5.300000e-07	-3.976781e-09	-2.404394e-09	-3.193926e+01	-2.781606e+02
5.400000e-07	-3.966740e-09	-2.397829e-09	-3.185861e+01	-2.775809e+02
5.500000e-07	-3.956355e-09	-2.390786e-09	-3.177521e+01	-2.769872e+02
5.600000e-07	-3.945632e-09	-2.376182e-09	-3.168909e+01	-2.763791e+02
5.700000e-07	-3.934639e-09	-2.368429e-09	-3.160080e+01	-2.757566e+02
5.800000e-07	-3.923414e-09	-2.367187e-09	-3.151065e+01	-2.751205e+02
5.900000e-07	-3.912007e-09	-2.352399e-09	-3.141903e+01	-2.744714e+02
6.000000e-07	-3.900418e-09	-2.344828e-09	-3.132595e+01	-2.738104e+02
6.100000e-07	-3.888662e-09	-2.342216e-09	-3.123154e+01	-2.731382e+02
6.200000e-07	-3.876766e-09	-2.337183e-09	-3.113599e+01	-2.724555e+02
6.300000e-07	-3.864719e-09	-2.333945e-09	-3.103924e+01	-2.717626e+02
6.400000e-07	-3.852512e-09	-2.324856e-09	-3.094120e+01	-2.710597e+02
6.500000e-07	-3.840138e-09	-2.316975e-09	-3.084182e+01	-2.703464e+02
6.600000e-07	-3.827581e-09	-2.313285e-09	-3.074097e+01	-2.696223e+02
6.700000e-07	-3.814837e-09	-2.308030e-09	-3.063861e+01	-2.688867e+02
6.800000e-07	-3.801884e-09	-2.292220e-09	-3.053458e+01	-2.681389e+02
6.900000e-07	-3.788723e-09	-2.281225e-09	-3.042888e+01	-2.673780e+02
7.000000e-07	-3.775376e-09	-2.274894e-09	-3.032169e+01	-2.666034e+02
7.100000e-07	-3.761848e-09	-2.264950e-09	-3.021303e+01	-2.658143e+02
7.200000e-07	-3.748151e-09	-2.260782e-09	-3.010303e+01	-2.650104e+02
7.300000e-07	-3.734299e-09	-2.256721e-09	-2.999178e+01	-2.641914e+02
7.400000e-07	-3.720291e-09	-2.251751e-09	-2.987928e+01	-2.633573e+02
7.500000e-07	-3.706100e-09	-2.248167e-09	-2.976530e+01	-2.625088e+02
7.600000e-07	-3.691692e-09	-2.244720e-09	-2.964959e+01	-2.616465e+02
7.700000e-07	-3.677044e-09	-2.232126e-09	-2.953194e+01	-2.607718e+02
7.800000e-07	-3.662154e-09	-2.217809e-09	-2.941235e+01	-2.598863e+02
7.900000e-07	-3.646981e-09	-2.211066e-09	-2.929049e+01	-2.589921e+02
8.000000e-07	-3.631527e-09	-2.204942e-09	-2.916638e+01	-2.580915e+02
8.100000e-07	-3.615845e-09	-2.200070e-09	-2.904043e+01	-2.571871e+02
8.200000e-07	-3.599931e-09	-2.194783e-09	-2.891261e+01	-2.562814e+02
8.300000e-07	-3.583799e-09	-2.190892e-09	-2.878305e+01	-2.553767e+02
8.400000e-07	-3.567505e-09	-2.185094e-09	-2.865219e+01	-2.544750e+02
8.500000e-07	-3.551018e-09	-2.175001e-09	-2.851977e+01	-2.535774e+02
8.600000e-07	-3.534347e-09	-2.160243e-09	-2.838587e+01	-2.526845e+02
8.700000e-07	-3.517543e-09	-2.144065e-09	-2.825092e+01	-2.517958e+02
8.800000e-07	-3.500596e-09	-2.135239e-09	-2.811481e+01	-2.509099e+02
8.900000e-07	-3.483517e-09	-2.131864e-09	-2.797764e+01	-2.500246e+02
9.000000e-07	-3.466320e-09	-2.130893e-09	-2.783952e+01	-2.491370e+02
9.100000e-07	-3.449018e-09	-2.127738e-09	-2.770057e+01	-2.482437e+02
9.200000e-07	-3.431584e-09	-2.123522e-09	-2.756054e+01	-2.473415e+02
9.300000e-07	-3.414023e-09	-2.115466e-09	-2.741950e+01	-2.464271e+02
9.400000e-07	-3.396361e-09	-2.101254e-09	-2.727765e+01	-2.454981e+02
9.500000e-07	-3.378577e-09	-2.087606e-09	-2.713482e+01	-2.445529e+02
9.600000e-07	-3.360643e-09	-2.076080e-09	-2.699079e+01	-2.435906e+02
9.700000e-07	-3.342550e-09	-2.066176e-09	-2.684547e+01	-2.426119e+02
9.800000e-07	-3.324303e-09	-2.055904e-09	-2.669892e+01	-2.416180e+02
9.900000e-07	-3.305871e-09	-2.046243e-09	-2.655089e+01	-2.406109e+02
1.000000e-06	-3.287217e-09	-2.035277e-09	-2.640107e+01	-2.395930e+02
1.010000e-06	-3.268376e-09	-2.022959e-09	-2.624975e+01	-2.385668e+02
1.020000e-06	-3.249363e-09	-2.013036e-09	-2.609705e+01	-2.375342e+02
1.030000e-06	-3.230181e-09	-2.005880e-09	-2.594299e+01	-2.364965e+02
1.040000e-06	-3.210856e-09	-1.999959e-09	-2.578778e+01	-2.354539e+02
1.050000e-06	-3.191387e-09	-1.992115e-09	-2.563142e+01	-2.344055e+02
1.060000e-06	-3.171798e-09	-1.982412e-09	-2.547409e+01	-2.333494e+02
1.070000e-06	-3.152130e-09	-1.970129e-09	-2.531613e+01	-2.322831e+02
1.080000e-06	-3.132394e-09	-1.955614e-09	-2.515762e+01	-2.312035e+02
1.090000e-06	-3.112593e-09	-1.940852e-09	-2.499859e+01	-2.301076e+02
1.100000e-06	-3.092719e-09	-1.928697e-09	-2.483897e+01	-2.289932e+02
1.110000e-06	-3.072794e-09	-1.919478e-09	-2.467895e+01	-2.278587e+02
1.120000e-06	-3.052833e-09	-1.912095e-09	-2.451863e+01	-2.267042e+02
1.130000e-06	-3.032806e-09	-1.904476e-09	-2.435778e+01	-2.255312e+02
1.140000e-06	-3.012688e-09	-1.892303e-09	-2.419621e+01	-2.243427e+02
1.150000e-06	-2.992465e-09	-1.877426e-09	-2.403379e+01	-2.231430e+02
1.160000e-06	-2.972127e-09	-1.862444e-09	-2.387044e+01	-2.219373e+02
1.170000e-06	-2.951652e-09	-1.848820e-09	-2.370600e+01	-2.207311e+02
1.180000e-06	-2.931010e-09	-1.836755e-09	-2.354022e+01	-2.195295e+02
1.190000e-06	-2.910213e-09	-1.826369e-09	-2.337318e+01	-2.183369e+02
1.200000e-06	-2.889256e-09	-1.817582e-09	-2.320487e+01	-2.171562e+02
1.210000e-06	-2.868136e-09	-1.808512e-09	-2.303524e+01	-2.159884e+02
1.220000e-06	-2.846869e-09	-1.797450e-09	-2.286444e+01	-2.148326e+02
1.230000e-06	-2.825454e-09	-1.783515e-09	-2.269245e+01	-2.136860e+02
1.240000e-06	-2.803917e-09	-1.769666e-09	-2.251947e+01	-2.125442e+02
1.250000e-06	-2.782282e-09	-1.757070e-09	-2.234571e+01	-2.114017e+02
1.260000e-06	-2.760544e-09	-1.747172e-09	-2.217112e+01	-2.102526e+02
1.270000e-06	-2.738708e-09	-1.739499e-09	-2.199575e+01	-2.090912e+02
1.280000e-06	-2.716774e-09	-1.731295e-09	-2.181959e+01	-2.079127e+02
1.290000e-06	-2.694730e-09	-1.722558e-09	-2.164254e+01	-2.067137e+02
1.300000e-06	-2.672596e-09	-1.712070e-09	-2.146478e+01	-2.054927e+02
1.310000e-06	-2.650353e-09	-1.700288e-09	-2.128613e+01	-2.042498e+02
1.320000e-06	-2.627992e-09	-1.687845e-09	-2.110654e+01	-2.029871e+02
1.330000e-06	-2.605510e-09	-1.678012e-09	-2.092598e+01	-2.017081e+02
1.340000e-06	-2.582890e-09	-1.671029e-09	-2.074431e+01	-2.004169e+02
1.350000e-06	-2.560146e-09	-1.663655e-09	-2.056164e+01	-1.991184e+02
1.360000e-06	-2.537250e-09	-1.653495e-09	-2.037775e+01	-1.978165e+02
1.370000e-06	-2.514183e-09	-1.640158e-09	-2.019249e+01	-1.965148e+02
1.380000e-06	-2.490978e-09	-1.627075e-09	-2.000612e+01	-1.952150e+02
1.390000e-06	-2.467661e-09	-1.612485e-09	-1.981885e+01	-1.939175e+02
1.400000e-06	-2.444244e-09	-1.600181e-09	-1.963079e+01	-1.926211e+02
1.410000e-06	-2.420742e-09	-1.592526e-09	-1.944203e+01	-1.913232e+02
1.420000e-06	-2.397159e-09	-1.586362e-09	-1.925262e+01	-1.900201e+02
1.430000e-06	-2.373488e-09	-1.581382e-09	-1.906251e+01	-1.887079e+02
1.440000e-06	-2.349742e-09	-1.573680e-09	-1.887179e+01	-1.873825e+02
1.450000e-06	-2.325944e-09	-1.562919e-09	-1.868066e+01	-1.860410e+02
1.460000e-06	-2.302088e-09	-1.550603e-09	-1.848907e+01	-1.846812e+02
1.470000e-06	-2.278169e-09	-1.538402e-09	-1.829696e+01	-1.833026e+02
1.480000e-06	-2.254202e-09	-1.525472e-09	-1.810447e+01	-1.819062e+02
1.490000e-06	-2.230179e-09	-1.511524e-09	-1.791153e+01	-1.804947e+02
1.500000e-06	-2.206088e-09	-1.498898e-09	-1.771805e+01	-1.790717e+02
1.510000e-06	-2.181931e-09	-1.486182e-09	-1.752403e+01	-1.776417e+02
1.520000e-06	-2.157708e-09	-1.473110e-09	-1.732948e+01	-1.762096e+02
1.530000e-06	-2.133410e-09	-1.459484e-09	-1.713434e+01	-1.747797e+02
1.540000e-06	-2.109019e-09	-1.447944e-09	-1.693844e+01	-1.733560e+02
1.550000e-06	-2.084508e-09	-1.439229e-09	-1.674158e+01	-1.719412e+02
1.560000e-06	-2.059862e-09	-1.431178e-09	-1.654364e+01	-1.705367e+02
1.570000e-06	-2.035073e-09	-1.422603e-09	-1.634455e+01	-1.691428e+02
1.580000e-06	-2.010154e-09	-1.410711e-09	-1.614441e+01	-1.677585e+02
1.590000e-06	-1.985102e-09	-1.396115e-09	-1.594321e+01	-1.663819e+02
1.600000e-06	-1.959916e-09	-1.381268e-09	-1.574093e+01	-1.650105e+02
1.610000e-06	-1.934613e-09	-1.367680e-09	-1.553772e+01	-1.636418e+02
1.620000e-06	-1.909172e-09	-1.355002e-09	-1.533339e+01	-1.622730e+02
1.630000e-06	-1.883555e-09	-1.344772e-09	-1.512765e+01	-1.609021e+02
1.640000e-06	-1.857759e-09	-1.335094e-09	-1.492047e+01	-1.595273e+02
1.650000e-06	-1.831798e-09	-1.323130e-09	-1.471197e+01	-1.581476e+02
1.660000e-06	-1.805685e-09	-1.310511e-09	-1.450224e+01	-1.567624e+02
1.670000e-06	-1.779424e-09	-1.295736e-09	-1.429132e+01	-1.553713e+02
1.680000e-06	-1.753018e-09	-1.278844e-09	-1.407925e+01	-1.539740e+02
1.690000e-06	-1.726479e-09	-1.260340e-09	-1.386610e+01	-1.525702e+02
1.700000e-06	-1.699817e-09	-1.244367e-09	-1.365196e+01	-1.511591e+02
1.710000e-06	-1.673052e-09	-1.234023e-09	-1.343700e+01	-1.497394e+02
1.720000e-06	-1.646167e-09	-1.225644e-09	-1.322108e+01	-1.483094e+02
1.730000e-06	-1.619163e-09	-1.214607e-09	-1.300419e+01	-1.468671e+02
1.740000e-06	-1.592047e-09	-1.199251e-09	-1.278642e+01	-1.454100e+02
1.750000e-06	-1.564822e-09	-1.182776e-09	-1.256776e+01	-1.439358e+02
1.760000e-06	-1.537528e-09	-1.165192e-09	-1.234855e+01	-1.424425e+02
1.770000e-06	-1.510163e-09	-1.146405e-09	-1.212877e+01	-1.409286e+02
1.780000e-06	-1.482710e-09	-1.127562e-09	-1.190829e+01	-1.393936e+02
1.790000e-06	-1.455183e-09	-1.111695e-09	-1.168721e+01	-1.378375e+02
1.800000e-06	-1.427602e-09	-1.098595e-09	-1.146569e+01	-1.362616e+02
1.810000e-06	-1.399958e-09	-1.083430e-09	-1.124367e+01	-1.346679e+02
1.820000e-06	-1.372263e-09	-1.066525e-09	-1.102124e+01	-1.330589e+02
1.830000e-06	-1.344528e-09	-1.049432e-09	-1.079849e+01	-1.314376e+02
1.840000e-06	-1.316744e-09	-1.035069e-09	-1.057534e+01	-1.298069e+02
1.850000e-06	-1.288932e-09	-1.023006e-09	-1.035197e+01	-1.281695e+02
1.860000e-06	-1.261101e-09	-1.010254e-09	-1.012845e+01	-1.265275e+02
1.870000e-06	-1.233241e-09	-9.959364e-10	-9.904694e+00	-1.248824e+02
1.880000e-06	-1.205363e-09	-9.800506e-10	-9.680789e+00	-1.232346e+02
1.890000e-06	-1.177470e-09	-9.632274e-10	-9.456768e+00	-1.215840e+02
1.900000e-06	-1.149567e-09	-9.446705e-10	-9.232667e+00	-1.199298e+02
1.910000e-06	-1.121654e-09	-9.257144e-10	-9.008485e+00	-1.182709e+02
1.920000e-06	-1.093725e-09	-9.081809e-10	-8.784177e+00	-1.166060e+02
1.930000e-06	-1.065778e-09	-8.948971e-10	-8.559722e+00	-1.149339e+02
1.940000e-06	-1.037809e-09	-8.847182e-10	-8.335086e+00	-1.132541e+02
1.950000e-06	-1.009820e-09	-8.732043e-10	-8.110298e+00	-1.115664e+02
1.960000e-06	-9.818097e-10	-8.605625e-10	-7.885333e+00	-1.098715e+02
1.970000e-06	-9.537668e-10	-8.458107e-10	-7.660108e+00	-1.081706e+02
1.980000e-06	-9.256909e-10	-8.291592e-10	-7.434618e+00	-1.064655e+02
1.990000e-06	-8.975959e-10	-8.121195e-10	-7.208975e+00	-1.047583e+02
2.000000e-06	-8.694895e-10	-7.966265e-10	-6.983240e+00	-1.030511e+02
2.010000e-06	-8.413568e-10	-7.823606e-10	-6.757294e+00	-1.013459e+02
2.020000e-06	-8.131899e-10	-7.674340e-10	-6.531073e+00	-9.964375e+01
2.030000e-06	-7.849950e-10	-7.530682e-10	-6.304628e+00	-9.794533e+01
2.040000e-06	-7.567686e-10	-7.388303e-10	-6.077929e+00	-9.625018e+01
2.050000e-06	-7.285105e-10	-7.238437e-10	-5.850976e+00	-9.455693e+01
2.060000e-06	-7.002294e-10	-7.086011e-10	-5.623837e+00	-9.286332e+01
2.070000e-06	-6.719212e-10	-6.946102e-10	-5.396482e+00	-9.116643e+01
2.080000e-06	-6.435761e-10	-6.825557e-10	-5.168830e+00	-8.946286e+01
2.090000e-06	-6.152076e-10	-6.707885e-10	-4.940991e+00	-8.774916e+01
2.100000e-06	-5.868410e-10	-6.577740e-10	-4.713166e+00	-8.602209e+01
2.110000e-06	-5.584621e-10	-6.437517e-10	-4.485242e+00	-8.427902e+01
2.120000e-06	-5.300529e-10	-6.287456e-10	-4.257075e+00	-8.251819e+01
2.130000e-06	-5.016249e-10	-6.125449e-10	-4.028758e+00	-8.073892e+01
2.140000e-06	-4.731625e-10	-5.969577e-10	-3.800164e+00	-7.894172e+01
2.150000e-06	-4.446828e-10	-5.847704e-10	-3.571431e+00	-7.712828e+01
2.160000e-06	-4.161970e-10	-5.756642e-10	-3.342649e+00	-7.530136e+01
2.170000e-06	-3.876695e-10	-5.654847e-10	-3.113532e+00	-7.346456e+01
2.180000e-06	-3.591101e-10	-5.512759e-10	-2.884159e+00	-7.162197e+01
2.190000e-06	-3.305358e-10	-5.319497e-10	-2.654666e+00	-6.977786e+01
2.200000e-06	-3.019503e-10	-5.105201e-10	-2.425084e+00	-6.793624e+01
2.210000e-06	-2.733496e-10	-4.928213e-10	-2.195380e+00	-6.610051e+01
2.220000e-06	-2.447222e-10	-4.804775e-10	-1.965461e+00	-6.427308e+01
2.230000e-06	-2.160828e-10	-4.725742e-10	-1.735446e+00	-6.245512e+01
2.240000e-06	-1.874277e-10	-4.670763e-10	-1.505304e+00	-6.064644e+01
2.250000e-06	-1.587625e-10	-4.604562e-10	-1.275081e+00	-5.884541e+01
2.260000e-06	-1.301040e-10	-4.479730e-10	-1.044912e+00	-5.704908e+01
2.270000e-06	-1.014435e-10	-4.289135e-10	-8.147279e-01	-5.525341e+01
2.280000e-06	-7.277743e-11	-4.070740e-10	-5.844981e-01	-5.345364e+01
2.290000e-06	-4.410333e-11	-3.865615e-10	-3.542039e-01	-5.164467e+01
2.300000e-06	-1.544587e-11	-3.691807e-10	-1.240435e-01	-4.982156e+01
2.310000e-06	1.321672e-11	-3.525330e-10	1.061579e-01	-4.798001e+01
2.320000e-06	4.187273e-11	-3.361689e-10	3.363068e-01	-4.611680e+01
2.330000e-06	7.049802e-11	-3.203373e-10	5.662092e-01	-4.423011e+01
2.340000e-06	9.911561e-11	-3.054016e-10	7.960496e-01	-4.231972e+01
2.350000e-06	1.277382e-10	-2.909029e-10	1.025930e+00	-4.038707e+01
2.360000e-06	1.563709e-10	-2.760410e-10	1.255892e+00	-3.843510e+01
2.370000e-06	1.849941e-10	-2.627586e-10	1.485777e+00	-3.646797e+01
2.380000e-06	2.136068e-10	-2.493222e-10	1.715578e+00	-3.449054e+01
2.390000e-06	2.422210e-10	-2.324811e-10	1.945390e+00	-3.250787e+01
2.400000e-06	2.708452e-10	-2.101979e-10	2.175284e+00	-3.052459e+01
2.410000e-06	2.994420e-10	-1.848407e-10	2.404957e+00	-2.854428e+01
2.420000e-06	3.280149e-10	-1.605810e-10	2.634439e+00	-2.656904e+01
2.430000e-06	3.565860e-10	-1.406634e-10	2.863906e+00	-2.459912e+01
2.440000e-06	3.851186e-10	-1.254644e-10	3.093063e+00	-2.263278e+01
2.450000e-06	4.136180e-10	-1.122598e-10	3.321954e+00	-2.066642e+01
2.460000e-06	4.421002e-10	-1.021491e-10	3.550707e+00	-1.869489e+01
2.470000e-06	4.705632e-10	-9.227785e-11	3.779305e+00	-1.671209e+01
2.480000e-06	4.990289e-10	-7.673941e-11	4.007926e+00	-1.471156e+01
2.490000e-06	5.274828e-10	-5.368616e-11	4.236452e+00	-1.268737e+01
2.500000e-06	5.559022e-10	-2.633379e-11	4.464700e+00	-1.063478e+01
2.510000e-06	5.842807e-10	-1.375595e-12	4.692620e+00	-8.550918e+00
2.520000e-06	6.126152e-10	1.738628e-11	4.920186e+00	-6.435260e+00
2.530000e-06	6.409227e-10	3.034282e-11	5.147537e+00	-4.289793e+00
2.540000e-06	6.692154e-10	4.148075e-11	5.374768e+00	-2.118939e+00
2.550000e-06	6.974942e-10	5.410181e-11	5.601887e+00	7.083274e-02
2.560000e-06	7.257529e-10	7.042217e-11	5.828845e+00	2.271648e+00
2.570000e-06	7.539799e-10	9.111360e-11	6.055549e+00	4.475064e+00
2.580000e-06	7.821578e-10	1.152142e-10	6.281857e+00	6.672998e+00
2.590000e-06	8.102985e-10	1.427382e-10	6.507868e+00	8.858648e+00
2.600000e-06	8.384346e-10	1.687306e-10	6.733841e+00	1.102728e+01
2.610000e-06	8.665613e-10	1.893371e-10	6.959739e+00	1.317679e+01
2.620000e-06	8.946547e-10	2.054279e-10	7.185370e+00	1.530801e+01
2.630000e-06	9.227234e-10	2.184085e-10	7.410802e+00	1.742458e+01
2.640000e-06	9.507812e-10	2.292438e-10	7.636146e+00	1.953260e+01
2.650000e-06	9.788270e-10	2.391231e-10	7.861395e+00	2.163992e+01
2.660000e-06	1.006843e-09	2.515407e-10	8.086406e+00	2.375518e+01
2.670000e-06	1.034824e-09	2.683670e-10	8.311129e+00	2.588688e+01
2.680000e-06	1.062788e-09	2.903245e-10	8.535723e+00	2.804229e+01
2.690000e-06	1.090736e-09	3.139276e-10	8.760182e+00	3.022664e+01
2.700000e-06	1.118658e-09	3.366569e-10	8.984436e+00	3.244244e+01
2.710000e-06	1.146565e-09	3.586407e-10	9.208576e+00	3.468923e+01
2.720000e-06	1.174459e-09	3.781752e-10	9.432605e+00	3.696353e+01
2.730000e-06	1.202331e-09	3.933501e-10	9.656453e+00	3.925931e+01
2.740000e-06	1.230184e-09	4.029651e-10	9.880151e+00	4.156860e+01
2.750000e-06	1.258017e-09	4.110337e-10	1.010369e+01	4.388242e+01
2.760000e-06	1.285835e-09	4.224270e-10	1.032712e+01	4.619175e+01
2.770000e-06	1.313637e-09	4.410280e-10	1.055040e+01	4.848850e+01
2.780000e-06	1.341407e-09	4.652491e-10	1.077343e+01	5.076633e+01
2.790000e-06	1.369139e-09	4.895825e-10	1.099616e+01	5.302126e+01
2.800000e-06	1.396834e-09	5.118774e-10	1.121859e+01	5.525196e+01
2.810000e-06	1.424493e-09	5.304672e-10	1.144074e+01	5.745969e+01
2.820000e-06	1.452099e-09	5.450364e-10	1.166245e+01	5.964801e+01
2.830000e-06	1.479635e-09	5.570435e-10	1.188360e+01	6.182209e+01
2.840000e-06	1.507099e-09	5.694638e-10	1.210418e+01	6.398804e+01
2.850000e-06	1.534483e-09	5.852279e-10	1.232411e+01	6.615198e+01
2.860000e-06	1.561781e-09	6.051321e-10	1.254335e+01	6.831929e+01
2.870000e-06	1.588992e-09	6.263519e-10	1.276190e+01	7.049395e+01
2.880000e-06	1.616100e-09	6.443710e-10	1.297961e+01	7.267807e+01
2.890000e-06	1.643090e-09	6.599661e-10	1.319638e+01	7.487174e+01
2.900000e-06	1.669958e-09	6.747351e-10	1.341217e+01	7.707312e+01
2.910000e-06	1.696680e-09	6.893489e-10	1.362678e+01	7.927878e+01
2.920000e-06	1.723260e-09	7.044237e-10	1.384026e+01	8.148425e+01
2.930000e-06	1.749690e-09	7.216328e-10	1.405253e+01	8.368461e+01
2.940000e-06	1.775952e-09	7.425259e-10	1.426345e+01	8.587522e+01
2.950000e-06	1.802076e-09	7.641168e-10	1.447326e+01	8.805225e+01
2.960000e-06	1.828043e-09	7.843979e-10	1.468182e+01	9.021315e+01
2.970000e-06	1.853829e-09	8.033622e-10	1.488891e+01	9.235690e+01
2.980000e-06	1.879476e-09	8.218342e-10	1.509489e+01	9.448406e+01
2.990000e-06	1.904979e-09	8.392100e-10	1.529972e+01	9.659660e+01
3.000000e-06	1.930307e-09	8.542339e-10	1.550314e+01	9.869754e+01
3.010000e-06	1.955474e-09	8.681474e-10	1.570527e+01	1.007906e+02
3.020000e-06	1.980505e-09	8.837416e-10	1.590630e+01	1.028795e+02
3.030000e-06	2.005412e-09	9.024931e-10	1.610635e+01	1.049678e+02
3.040000e-06	2.030188e-09	9.218246e-10	1.630533e+01	1.070584e+02
3.050000e-06	2.054831e-09	9.403365e-10	1.650325e+01	1.091531e+02
3.060000e-06	2.079352e-09	9.582842e-10	1.670019e+01	1.112528e+02
3.070000e-06	2.103771e-09	9.746587e-10	1.689630e+01	1.133574e+02
3.080000e-06	2.128105e-09	9.912063e-10	1.709174e+01	1.154660e+02
3.090000e-06	2.152365e-09	1.010842e-09	1.728659e+01	1.175771e+02
3.100000e-06	2.176551e-09	1.032976e-09	1.748083e+01	1.196891e+02
3.110000e-06	2.200656e-09	1.054816e-09	1.767443e+01	1.218002e+02
3.120000e-06	2.224696e-09	1.075120e-09	1.786750e+01	1.239090e+02
3.130000e-06	2.248673e-09	1.092992e-09	1.806007e+01	1.260143e+02
3.140000e-06	2.272591e-09	1.107231e-09	1.825217e+01	1.281151e+02
3.150000e-06	2.296458e-09	1.119342e-09	1.844386e+01	1.302110e+02
3.160000e-06	2.320268e-09	1.132382e-09	1.863509e+01	1.323015e+02
3.170000e-06	2.344012e-09	1.147279e-09	1.882578e+01	1.343861e+02
3.180000e-06	2.367681e-09	1.164489e-09	1.901588e+01	1.364641e+02
3.190000e-06	2.391279e-09	1.185407e-09	1.920541e+01	1.385345e+02
3.200000e-06	2.414788e-09	1.207723e-09	1.939422e+01	1.405960e+02
3.210000e-06	2.438181e-09	1.227128e-09	1.958210e+01	1.426470e+02
3.220000e-06	2.461468e-09	1.243281e-09	1.976913e+01	1.446855e+02
3.230000e-06	2.484643e-09	1.259449e-09	1.995526e+01	1.467099e+02
3.240000e-06	2.507676e-09	1.276945e-09	2.014024e+01	1.487186e+02
3.250000e-06	2.530572e-09	1.295498e-09	2.032414e+01	1.507105e+02
3.260000e-06	2.553362e-09	1.315476e-09	2.050717e+01	1.526854e+02
3.270000e-06	2.576034e-09	1.335351e-09	2.068926e+01	1.546435e+02
3.280000e-06	2.598578e-09	1.352337e-09	2.087032e+01	1.565859e+02
3.290000e-06	2.621011e-09	1.365339e-09	2.105049e+01	1.585142e+02
3.300000e-06	2.643316e-09	1.376328e-09	2.122963e+01	1.604303e+02
3.310000e-06	2.665503e-09	1.388515e-09	2.140782e+01	1.623365e+02
3.320000e-06	2.687606e-09	1.402135e-09	2.158534e+01	1.642344e+02
3.330000e-06	2.709607e-09	1.415815e-09	2.176204e+01	1.661252e+02
3.340000e-06	2.731484e-09	1.431352e-09	2.193774e+01	1.680094e+02
3.350000e-06	2.753246e-09	1.451435e-09	2.211252e+01	1.698865e+02
3.360000e-06	2.774907e-09	1.473266e-09	2.228649e+01	1.717550e+02
3.370000e-06	2.796452e-09	1.491109e-09	2.245953e+01	1.736126e+02
3.380000e-06	2.817887e-09	1.503607e-09	2.263168e+01	1.754566e+02
3.390000e-06	2.839181e-09	1.512921e-09	2.280271e+01	1.772838e+02
3.400000e-06	2.860319e-09	1.522221e-09	2.297247e+01	1.790916e+02
3.410000e-06	2.881310e-09	1.533774e-09	2.314106e+01	1.808776e+02
3.420000e-06	2.902151e-09	1.548077e-09	2.330844e+01	1.826405e+02
3.430000e-06	2.922861e-09	1.564499e-09	2.347478e+01	1.843801e+02
3.440000e-06	2.943427e-09	1.580925e-09	2.363995e+01	1.860974e+02
3.450000e-06	2.963848e-09	1.594679e-09	2.380396e+01	1.877946e+02
3.460000e-06	2.984156e-09	1.605317e-09	2.396706e+01	1.894747e+02
3.470000e-06	3.004364e-09	1.615401e-09	2.412936e+01	1.911416e+02
3.480000e-06	3.024486e-09	1.627089e-09	2.429097e+01	1.927993e+02
3.490000e-06	3.044529e-09	1.641988e-09	2.445195e+01	1.944517e+02
3.500000e-06	3.064497e-09	1.660533e-09	2.461231e+01	1.961021e+02
3.510000e-06	3.084407e-09	1.678065e-09	2.477222e+01	1.977531e+02
3.520000e-06	3.104270e-09	1.690744e-09	2.493175e+01	1.994061e+02
3.530000e-06	3.124070e-09	1.699353e-09	2.509077e+01	2.010615e+02
3.540000e-06	3.143800e-09	1.707275e-09	2.524923e+01	2.027185e+02
3.550000e-06	3.163448e-09	1.718209e-09	2.540704e+01	2.043754e+02
3.560000e-06	3.182980e-09	1.734020e-09	2.556390e+01	2.060298e+02
3.570000e-06	3.202373e-09	1.753570e-09	2.571966e+01	2.076790e+02
3.580000e-06	3.221617e-09	1.770760e-09	2.587421e+01	2.093199e+02
3.590000e-06	3.240710e-09	1.781048e-09	2.602756e+01	2.109497e+02
3.600000e-06	3.259623e-09	1.786293e-09	2.617946e+01	2.125661e+02
3.610000e-06	3.278348e-09	1.792149e-09	2.632985e+01	2.141669e+02
3.620000e-06	3.296888e-09	1.803388e-09	2.647875e+01	2.157508e+02
3.630000e-06	3.315213e-09	1.821878e-09	2.662592e+01	2.173167e+02
3.640000e-06	3.333328e-09	1.846106e-09	2.677142e+01	2.188640e+02
3.650000e-06	3.351263e-09	1.871788e-09	2.691546e+01	2.203925e+02
3.660000e-06	3.369054e-09	1.892329e-09	2.705835e+01	2.219020e+02
3.670000e-06	3.386728e-09	1.904239e-09	2.720030e+01	2.233928e+02
3.680000e-06	3.404273e-09	1.910094e-09	2.734120e+01	2.248649e+02
3.690000e-06	3.421681e-09	1.913638e-09	2.748102e+01	2.263188e+02
3.700000e-06	3.438980e-09	1.919431e-09	2.761995e+01	2.277549e+02
3.710000e-06	3.456185e-09	1.931162e-09	2.775813e+01	2.291738e+02
3.720000e-06	3.473281e-09	1.950533e-09	2.789544e+01	2.305766e+02
3.730000e-06	3.490263e-09	1.974382e-09	2.803183e+01	2.319642e+02
3.740000e-06	3.507106e-09	1.996314e-09	2.816710e+01	2.333382e+02
3.750000e-06	3.523806e-09	2.013310e-09	2.830123e+01	2.347001e+02
3.760000e-06	3.540362e-09	2.023387e-09	2.843419e+01	2.360516e+02
3.770000e-06	3.556715e-09	2.028959e-09	2.856554e+01	2.373941e+02
3.780000e-06	3.572868e-09	2.035217e-09	2.869527e+01	2.387289e+02
3.790000e-06	3.588841e-09	2.045157e-09	2.882355e+01	2.400566e+02
3.800000e-06	3.604583e-09	2.060642e-09	2.894998e+01	2.413773e+02
3.810000e-06	3.620057e-09	2.078414e-09	2.907426e+01	2.426903e+02
3.820000e-06	3.635297e-09	2.095363e-09	2.919666e+01	2.439943e+02
3.830000e-06	3.650317e-09	2.109661e-09	2.931729e+01	2.452871e+02
3.840000e-06	3.665110e-09	2.118537e-09	2.943610e+01	2.465664e+02
3.850000e-06	3.679668e-09	2.123090e-09	2.955302e+01	2.478294e+02
3.860000e-06	3.694020e-09	2.126637e-09	2.966829e+01	2.490736e+02
3.870000e-06	3.708208e-09	2.131245e-09	2.978223e+01	2.502969e+02
3.880000e-06	3.722229e-09	2.138246e-09	2.989485e+01	2.514976e+02
3.890000e-06	3.736106e-09	2.151338e-09	3.000630e+01	2.526750e+02
3.900000e-06	3.749842e-09	2.171377e-09	3.011662e+01	2.538292e+02
3.910000e-06	3.763401e-09	2.192510e-09	3.022552e+01	2.549613e+02
3.920000e-06	3.776771e-09	2.209964e-09	3.033290e+01	2.560729e+02
3.930000e-06	3.789955e-09	2.220894e-09	3.043878e+01	2.571658e+02
3.940000e-06	3.802950e-09	2.223832e-09	3.054315e+01	2.582423e+02
3.950000e-06	3.815744e-09	2.220984e-09	3.064590e+01	2.593042e+02
3.960000e-06	3.828348e-09	2.216885e-09	3.074713e+01	2.603527e+02
3.970000e-06	3.840780e-09	2.216345e-09	3.084698e+01	2.613884e+02
3.980000e-06	3.853055e-09	2.222382e-09	3.094557e+01	2.624110e+02
3.990000e-06	3.865190e-09	2.236236e-09	3.104303e+01	2.634191e+02
4.000000e-06	3.877183e-09	2.256974e-09	3.113935e+01	2.644110e+02
4.010000e-06	3.889031e-09	2.277553e-09	3.123450e+01	2.653845e+02
4.020000e-06	3.900741e-09	2.289563e-09	3.132855e+01	2.663371e+02
4.030000e-06	3.912292e-09	2.291413e-09	3.142133e+01	2.672670e+02
4.040000e-06	3.923637e-09	2.288703e-09	3.151245e+01	2.681731e+02
4.050000e-06	3.934743e-09	2.288200e-09	3.160164e+01	2.690551e+02
4.060000e-06	3.945582e-09	2.290607e-09	3.168869e+01	2.699143e+02
4.070000e-06	3.956143e-09	2.295226e-09	3.177351e+01	2.707527e+02
4.080000e-06	3.966386e-09	2.302239e-09	3.185578e+01	2.715737e+02
4.090000e-06	3.976263e-09	2.312952e-09	3.193510e+01	2.723812e+02
4.100000e-06	3.985817e-09	2.324799e-09	3.201184e+01	2.731795e+02
4.110000e-06	3.995073e-09	2.330709e-09	3.208618e+01	2.739725e+02
4.120000e-06	4.004021e-09	2.330275e-09	3.215804e+01	2.747634e+02
4.130000e-06	4.012729e-09	2.330156e-09	3.222798e+01	2.755544e+02
4.140000e-06	4.021241e-09	2.336763e-09	3.229634e+01	2.763458e+02
4.150000e-06	4.029572e-09	2.345088e-09	3.236325e+01	2.771364e+02
4.160000e-06	4.037765e-09	2.349292e-09	3.242905e+01	2.779232e+02
4.170000e-06	4.045849e-09	2.351537e-09	3.249398e+01	2.787019e+02
4.180000e-06	4.053829e-09	2.356392e-09	3.255807e+01	2.794670e+02
4.190000e-06	4.061706e-09	2.367109e-09	3.262133e+01	2.802125e+02
4.200000e-06	4.069478e-09	2.379032e-09	3.268375e+01	2.809327e+02
4.210000e-06	4.077127e-09	2.389245e-09	3.274519e+01	2.816222e+02
4.220000e-06	4.084641e-09	2.396151e-09	3.280553e+01	2.822774e+02
4.230000e-06	4.092010e-09	2.399118e-09	3.286472e+01	2.828961e+02
4.240000e-06	4.099191e-09	2.399076e-09	3.292239e+01	2.834781e+02
4.250000e-06	4.106165e-09	2.394414e-09	3.297840e+01	2.840253e+02
4.260000e-06	4.112951e-09	2.390769e-09	3.303290e+01	2.845416e+02
4.270000e-06	4.119539e-09	2.393633e-09	3.308582e+01	2.850320e+02
4.280000e-06	4.125915e-09	2.404056e-09	3.313703e+01	2.855028e+02
4.290000e-06	4.132113e-09	2.417540e-09	3.318681e+01	2.859605e+02
4.300000e-06	4.138159e-09	2.427912e-09	3.323536e+01	2.864112e+02
4.310000e-06	4.144034e-09	2.435478e-09	3.328254e+01	2.868602e+02
4.320000e-06	4.149726e-09	2.440579e-09	3.332826e+01	2.873112e+02
4.330000e-06	4.155236e-09	2.442742e-09	3.337252e+01	2.877662e+02
4.340000e-06	4.160544e-09	2.440842e-09	3.341515e+01	2.882250e+02
4.350000e-06	4.165638e-09	2.437633e-09	3.345605e+01	2.886856e+02
4.360000e-06	4.170522e-09	2.437823e-09	3.349528e+01	2.891444e+02
4.370000e-06	4.175203e-09	2.442772e-09	3.353288e+01	2.895962e+02
4.380000e-06	4.179689e-09	2.451134e-09	3.356891e+01	2.900355e+02
4.390000e-06	4.184022e-09	2.458624e-09	3.360371e+01	2.904563e+02
4.400000e-06	4.188233e-09	2.463663e-09	3.363753e+01	2.908533e+02
4.410000e-06	4.192311e-09	2.467404e-09	3.367028e+01	2.912225e+02
4.420000e-06	4.196271e-09	2.470496e-09	3.370209e+01	2.915611e+02
4.430000e-06	4.200161e-09	2.472748e-09	3.373332e+01	2.918685e+02
4.440000e-06	4.203984e-09	2.474597e-09	3.376403e+01	2.921456e+02
4.450000e-06	4.207691e-09	2.477694e-09	3.379381e+01	2.923955e+02
4.460000e-06	4.211252e-09	2.481487e-09	3.382240e+01	2.926227e+02
4.470000e-06	4.214637e-09	2.484977e-09	3.384959e+01	2.928328e+02
4.480000e-06	4.217825e-09	2.486351e-09	3.387519e+01	2.930317e+02
4.490000e-06	4.220757e-09	2.486336e-09	3.389874e+01	2.932253e+02
4.500000e-06	4.223362e-09	2.487414e-09	3.391966e+01	2.934188e+02
4.510000e-06	4.225659e-09	2.490213e-09	3.393811e+01	2.936159e+02
4.520000e-06	4.227634e-09	2.493509e-09	3.395397e+01	2.938186e+02
4.530000e-06	4.229249e-09	2.494326e-09	3.396694e+01	2.940269e+02
4.540000e-06	4.230538e-09	2.493839e-09	3.397730e+01	2.942388e+02
4.550000e-06	4.231563e-09	2.493766e-09	3.398553e+01	2.944500e+02
4.560000e-06	4.232330e-09	2.496505e-09	3.399168e+01	2.946551e+02
4.570000e-06	4.232850e-09	2.500893e-09	3.399586e+01	2.948472e+02
4.580000e-06	4.233177e-09	2.505076e-09	3.399849e+01	2.950191e+02
4.590000e-06	4.233347e-09	2.509186e-09	3.399985e+01	2.951637e+02
4.600000e-06	4.233401e-09	2.510088e-09	3.400029e+01	2.952751e+02
4.610000e-06	4.233368e-09	2.508111e-09	3.400002e+01	2.953483e+02
4.620000e-06	4.233238e-09	2.502396e-09	3.399898e+01	2.953805e+02
4.630000e-06	4.233004e-09	2.495065e-09	3.399710e+01	2.953711e+02
4.640000e-06	4.232655e-09	2.492567e-09	3.399430e+01	2.953215e+02
4.650000e-06	4.232171e-09	2.494919e-09	3.399041e+01	2.952352e+02
4.660000e-06	4.231507e-09	2.492231e-09	3.398508e+01	2.951174e+02
4.670000e-06	4.230631e-09	2.477429e-09	3.397804e+01	2.949745e+02
4.680000e-06	4.229541e-09	2.481108e-09	3.396929e+01	2.948132e+02
4.690000e-06	4.228213e-09	2.529096e-09	3.395862e+01	2.946403e+02
4.700000e-06	4.226658e-09	2.525707e-09	3.394614e+01	2.944618e+02
4.710000e-06	4.224901e-09	2.453125e-09	3.393202e+01	2.942825e+02
4.720000e-06	4.222947e-09	2.492400e-09	3.391633e+01	2.941055e+02
4.730000e-06	4.220819e-09	2.563634e-09	3.389924e+01	2.939322e+02
4.740000e-06	4.218543e-09	2.509113e-09	3.388096e+01	2.937623e+02
4.750000e-06	4.216140e-09	2.433394e-09	3.386166e+01	2.935942e+02
4.760000e-06	4.213574e-09	2.478718e-09	3.384105e+01	2.934248e+02
4.770000e-06	4.210810e-09	2.553961e-09	3.381885e+01	2.932509e+02
4.780000e-06	4.207856e-09	2.483781e-09	3.379512e+01	2.930690e+02
4.790000e-06	4.204713e-09	2.423100e-09	3.376988e+01	2.928760e+02
4.800000e-06	4.201381e-09	2.491219e-09	3.374312e+01	2.926698e+02
4.810000e-06	4.197857e-09	2.538927e-09	3.371482e+01	2.924496e+02
4.820000e-06	4.194160e-09	2.466899e-09	3.368513e+01	2.922156e+02
4.830000e-06	4.190331e-09	2.415917e-09	3.365438e+01	2.919694e+02
4.840000e-06	4.186401e-09	2.497458e-09	3.362281e+01	2.917133e+02
4.850000e-06	4.182375e-09	2.524468e-09	3.359048e+01	2.914502e+02
4.860000e-06	4.178263e-09	2.445592e-09	3.355745e+01	2.911830e+02
4.870000e-06	4.174069e-09	2.432844e-09	3.352377e+01	2.909143e+02
4.880000e-06	4.169760e-09	2.494493e-09	3.348916e+01	2.906456e+02
4.890000e-06	4.165285e-09	2.472935e-09	3.345322e+01	2.903773e+02
4.900000e-06	4.160629e-09	2.402808e-09	3.341583e+01	2.901083e+02
4.910000e-06	4.155736e-09	2.449363e-09	3.337652e+01	2.898361e+02
4.920000e-06	4.150528e-09	2.486514e-09	3.333470e+01	2.895572e+02
4.930000e-06	4.144977e-09	2.420304e-09	3.329012e+01	2.892670e+02
4.940000e-06	4.139068e-09	2.406508e-09	3.324266e+01	2.889606e+02
4.950000e-06	4.132802e-09	2.481437e-09	3.319233e+01	2.886334e+02
4.960000e-06	4.126202e-09	2.462857e-09	3.313933e+01	2.882812e+02
4.970000e-06	4.119300e-09	2.384538e-09	3.308390e+01	2.879010e+02
4.980000e-06	4.112133e-09	2.434302e-09	3.302633e+01	2.874915e+02
4.990000e-06	4.104725e-09	2.477034e-09	3.296683e+01	2.870526e+02
5.000000e-06	4.097094e-09	2.405206e-09	3.290555e+01	2.865861e+02
5.010000e-06	4.089318e-09	2.385038e-09	3.284309e+01	2.860952e+02
5.020000e-06	4.081425e-09	2.447789e-09	3.277970e+01	2.855839e+02
5.030000e-06	4.073427e-09	2.424600e-09	3.271547e+01	2.850573e+02
5.040000e-06	4.065350e-09	2.377755e-09	3.265059e+01	2.845203e+02
5.050000e-06	4.057179e-09	2.421820e-09	3.258497e+01	2.839774e+02
5.060000e-06	4.048905e-09	2.425071e-09	3.251852e+01	2.834328e+02
5.070000e-06	4.040513e-09	2.379697e-09	3.245112e+01	2.828890e+02
5.080000e-06	4.031972e-09	2.401967e-09	3.238252e+01	2.823478e+02
5.090000e-06	4.023237e-09	2.429207e-09	3.231237e+01	2.818094e+02
5.100000e-06	4.014302e-09	2.386687e-09	3.224061e+01	2.812730e+02
5.110000e-06	4.005169e-09	2.383987e-09	3.216726e+01	2.807366e+02
5.120000e-06	3.995816e-09	2.421016e-09	3.209213e+01	2.801979e+02
5.130000e-06	3.986251e-09	2.399799e-09	3.201532e+01	2.796539e+02
5.140000e-06	3.976498e-09	2.383806e-09	3.193699e+01	2.791020e+02
5.150000e-06	3.966587e-09	2.397767e-09	3.185739e+01	2.785396e+02
5.160000e-06	3.956531e-09	2.386748e-09	3.177662e+01	2.779648e+02
5.170000e-06	3.946338e-09	2.369414e-09	3.169476e+01	2.773763e+02
5.180000e-06	3.935990e-09	2.374806e-09	3.161165e+01	2.767735e+02
5.190000e-06	3.925458e-09	2.366087e-09	3.152706e+01	2.761562e+02
5.200000e-06	3.914743e-09	2.355939e-09	3.144101e+01	2.755249e+02
5.210000e-06	3.903842e-09	2.369016e-09	3.135345e+01	2.748805e+02
5.220000e-06	3.892741e-09	2.365342e-09	3.126430e+01	2.742237e+02
5.230000e-06	3.881440e-09	2.362238e-09	3.117354e+01	2.735556e+02
5.240000e-06	3.869959e-09	2.365525e-09	3.108132e+01	2.728767e+02
5.250000e-06	3.858303e-09	2.351554e-09	3.098771e+01	2.721875e+02
5.260000e-06	3.846486e-09	2.341649e-09	3.089280e+01	2.714883e+02
5.270000e-06	3.834504e-09	2.340961e-09	3.079657e+01	2.707789e+02
5.280000e-06	3.822338e-09	2.324012e-09	3.069886e+01	2.700589e+02
5.290000e-06	3.810006e-09	2.310623e-09	3.059981e+01	2.693276e+02
5.300000e-06	3.797520e-09	2.319681e-09	3.049954e+01	2.685844e+02
5.310000e-06	3.784851e-09	2.313487e-09	3.039779e+01	2.678285e+02
5.320000e-06	3.771907e-09	2.303196e-09	3.029383e+01	2.670590e+02
5.330000e-06	3.758687e-09	2.303532e-09	3.018765e+01	2.662753e+02
5.340000e-06	3.745201e-09	2.292080e-09	3.007933e+01	2.654768e+02
5.350000e-06	3.731430e-09	2.279195e-09	2.996873e+01	2.646633e+02
5.360000e-06	3.717360e-09	2.275767e-09	2.985573e+01	2.638348e+02
5.370000e-06	3.702937e-09	2.266927e-09	2.973989e+01	2.629915e+02
5.380000e-06	3.688164e-09	2.254730e-09	2.962125e+01	2.621341e+02
5.390000e-06	3.673099e-09	2.253058e-09	2.950026e+01	2.612638e+02
5.400000e-06	3.657795e-09	2.246914e-09	2.937734e+01	2.603820e+02
5.410000e-06	3.642274e-09	2.235911e-09	2.925268e+01	2.594907e+02
5.420000e-06	3.626575e-09	2.225235e-09	2.912660e+01	2.585922e+02
5.430000e-06	3.610762e-09	2.210590e-09	2.899960e+01	2.576889e+02
5.440000e-06	3.594868e-09	2.200057e-09	2.887195e+01	2.567834e+02
5.450000e-06	3.578885e-09	2.191783e-09	2.874358e+01	2.558781e+02
5.460000e-06	3.562826e-09	2.185388e-09	2.861460e+01	2.549751e+02
5.470000e-06	3.546700e-09	2.180507e-09	2.848509e+01	2.540758e+02
5.480000e-06	3.530497e-09	2.175056e-09	2.835496e+01	2.531812e+02
5.490000e-06	3.514205e-09	2.167968e-09	2.822411e+01	2.522910e+02
5.500000e-06	3.497791e-09	2.161909e-09	2.809228e+01	2.514043e+02
5.510000e-06	3.481210e-09	2.155077e-09	2.795911e+01	2.505191e+02
5.520000e-06	3.464449e-09	2.145480e-09	2.782450e+01	2.496327e+02
5.530000e-06	3.447533e-09	2.140077e-09	2.768864e+01	2.487419e+02
5.540000e-06	3.430445e-09	2.133234e-09	2.755139e+01	2.478434e+02
5.550000e-06	3.413159e-09	2.125936e-09	2.741257e+01	2.469339e+02
5.560000e-06	3.395688e-09	2.118358e-09	2.727225e+01	2.460106e+02
5.570000e-06	3.378064e-09	2.106934e-09	2.713070e+01	2.450715e+02
5.580000e-06	3.360299e-09	2.096014e-09	2.698802e+01	2.441156e+02
5.590000e-06	3.342401e-09	2.086624e-09	2.684427e+01	2.431428e+02
5.600000e-06	3.324380e-09	2.078914e-09	2.669954e+01	2.421543e+02
5.610000e-06	3.306236e-09	2.072355e-09	2.655382e+01	2.411518e+02
5.620000e-06	3.287985e-09	2.069073e-09	2.640724e+01	2.401376e+02
5.630000e-06	3.269621e-09	2.067393e-09	2.625975e+01	2.391141e+02
5.640000e-06	3.251127e-09	2.064182e-09	2.611121e+01	2.380836e+02
5.650000e-06	3.232488e-09	2.056861e-09	2.596152e+01	2.370476e+02
5.660000e-06	3.213692e-09	2.045520e-09	2.581055e+01	2.360067e+02
5.670000e-06	3.194724e-09	2.034678e-09	2.565822e+01	2.349604e+02
5.680000e-06	3.175578e-09	2.024382e-09	2.550445e+01	2.339073e+02
5.690000e-06	3.156271e-09	2.014777e-09	2.534938e+01	2.328450e+02
5.700000e-06	3.136835e-09	2.004544e-09	2.519329e+01	2.317706e+02
5.710000e-06	3.117276e-09	1.995360e-09	2.503620e+01	2.306810e+02
5.720000e-06	3.097580e-09	1.989814e-09	2.487801e+01	2.295736e+02
5.730000e-06	3.077764e-09	1.985968e-09	2.471886e+01	2.284466e+02
5.740000e-06	3.057868e-09	1.980149e-09	2.455907e+01	2.272995e+02
5.750000e-06	3.037916e-09	1.969800e-09	2.439882e+01	2.261331e+02
5.760000e-06	3.017905e-09	1.960120e-09	2.423811e+01	2.249500e+02
5.770000e-06	2.997830e-09	1.951825e-09	2.407687e+01	2.237539e+02
5.780000e-06	2.977699e-09	1.942565e-09	2.391520e+01	2.225499e+02
5.790000e-06	2.957509e-09	1.930884e-09	2.375304e+01	2.213433e+02
5.800000e-06	2.937242e-09	1.919075e-09	2.359027e+01	2.201395e+02
5.810000e-06	2.916888e-09	1.911256e-09	2.342679e+01	2.189433e+02
5.820000e-06	2.896435e-09	1.903677e-09	2.326253e+01	2.177580e+02
5.830000e-06	2.875845e-09	1.894472e-09	2.309716e+01	2.165855e+02
5.840000e-06	2.855082e-09	1.883517e-09	2.293040e+01	2.154255e+02
5.850000e-06	2.834143e-09	1.874046e-09	2.276224e+01	2.142758e+02
5.860000e-06	2.813012e-09	1.867328e-09	2.259252e+01	2.131328e+02
5.870000e-06	2.791653e-09	1.859984e-09	2.242098e+01	2.119911e+02
5.880000e-06	2.770050e-09	1.850651e-09	2.224748e+01	2.108450e+02
5.890000e-06	2.748199e-09	1.838833e-09	2.207198e+01	2.096887e+02
5.900000e-06	2.726133e-09	1.827708e-09	2.189476e+01	2.085169e+02
5.910000e-06	2.703855e-09	1.818163e-09	2.171583e+01	2.073257e+02
5.920000e-06	2.681352e-09	1.808951e-09	2.153511e+01	2.061127e+02
5.930000e-06	2.658632e-09	1.799845e-09	2.135263e+01	2.048777e+02
5.940000e-06	2.635681e-09	1.790728e-09	2.116830e+01	2.036220e+02
5.950000e-06	2.612543e-09	1.781739e-09	2.098247e+01	2.023484e+02
5.960000e-06	2.589234e-09	1.769714e-09	2.079527e+01	2.010612e+02
5.970000e-06	2.565770e-09	1.753767e-09	2.060682e+01	1.997649e+02
5.980000e-06	2.542194e-09	1.736174e-09	2.041746e+01	1.984638e+02
5.990000e-06	2.518518e-09	1.719455e-09	2.022731e+01	1.971617e+02
6.000000e-06	2.494748e-09	1.706322e-09	2.003640e+01	1.958611e+02
6.010000e-06	2.470888e-09	1.697824e-09	1.984477e+01	1.945629e+02
6.020000e-06	2.446962e-09	1.692728e-09	1.965262e+01	1.932663e+02
6.030000e-06	2.422980e-09	1.687510e-09	1.946001e+01	1.919693e+02
6.040000e-06	2.398940e-09	1.678827e-09	1.926692e+01	1.906686e+02
6.050000e-06	2.374853e-09	1.664821e-09	1.907347e+01	1.893601e+02
6.060000e-06	2.350724e-09	1.647685e-09	1.887969e+01	1.880400e+02
6.070000e-06	2.326563e-09	1.629422e-09	1.868563e+01	1.867047e+02
6.080000e-06	2.302348e-09	1.611970e-09	1.849116e+01	1.853517e+02
6.090000e-06	2.278062e-09	1.596988e-09	1.829610e+01	1.839799e+02
6.100000e-06	2.253713e-09	1.584507e-09	1.810055e+01	1.825899e+02
6.110000e-06	2.229277e-09	1.573493e-09	1.790429e+01	1.811835e+02
6.120000e-06	2.204746e-09	1.561938e-09	1.770727e+01	1.797642e+02
6.130000e-06	2.180158e-09	1.550191e-09	1.750979e+01	1.783362e+02
6.140000e-06	2.155494e-09	1.537429e-09	1.731170e+01	1.769043e+02
6.150000e-06	2.130698e-09	1.525273e-09	1.711256e+01	1.754731e+02
6.160000e-06	2.105763e-09	1.513660e-09	1.691229e+01	1.740468e+02
6.170000e-06	2.080712e-09	1.500324e-09	1.671110e+01	1.726285e+02
6.180000e-06	2.055554e-09	1.485237e-09	1.650904e+01	1.712201e+02
6.190000e-06	2.030262e-09	1.467784e-09	1.630591e+01	1.698224e+02
6.200000e-06	2.004851e-09	1.452650e-09	1.610183e+01	1.684348e+02
6.210000e-06	1.979365e-09	1.442012e-09	1.589714e+01	1.670557e+02
6.220000e-06	1.953799e-09	1.432172e-09	1.569181e+01	1.656827e+02
6.230000e-06	1.928137e-09	1.420896e-09	1.548570e+01	1.643134e+02
6.240000e-06	1.902386e-09	1.408748e-09	1.527888e+01	1.629449e+02
6.250000e-06	1.876564e-09	1.398051e-09	1.507150e+01	1.615749e+02
6.260000e-06	1.850658e-09	1.385913e-09	1.486343e+01	1.602017e+02
6.270000e-06	1.824665e-09	1.371365e-09	1.465468e+01	1.588239e+02
6.280000e-06	1.798613e-09	1.357074e-09	1.444544e+01	1.574407e+02
6.290000e-06	1.772515e-09	1.346094e-09	1.423583e+01	1.560518e+02
6.300000e-06	1.746351e-09	1.339142e-09	1.402570e+01	1.546567e+02
6.310000e-06	1.720114e-09	1.331853e-09	1.381498e+01	1.532554e+02
6.320000e-06	1.693818e-09	1.321363e-09	1.360379e+01	1.518470e+02
6.330000e-06	1.667458e-09	1.307302e-09	1.339208e+01	1.504307e+02
6.340000e-06	1.641019e-09	1.294372e-09	1.317973e+01	1.490047e+02
6.350000e-06	1.614490e-09	1.282062e-09	1.296667e+01	1.475672e+02
6.360000e-06	1.587876e-09	1.267781e-09	1.275292e+01	1.461158e+02
6.370000e-06	1.561174e-09	1.253298e-09	1.253846e+01	1.446482e+02
6.380000e-06	1.534400e-09	1.240050e-09	1.232343e+01	1.431621e+02
6.390000e-06	1.507551e-09	1.230540e-09	1.210779e+01	1.416559e+02
6.400000e-06	1.480611e-09	1.223121e-09	1.189143e+01	1.401286e+02
6.410000e-06	1.453588e-09	1.216079e-09	1.167440e+01	1.385802e+02
6.420000e-06	1.426487e-09	1.208881e-09	1.145673e+01	1.370113e+02
6.430000e-06	1.399317e-09	1.202211e-09	1.123852e+01	1.354238e+02
6.440000e-06	1.372075e-09	1.193839e-09	1.101973e+01	1.338200e+02
6.450000e-06	1.344754e-09	1.177990e-09	1.080030e+01	1.322028e+02
6.460000e-06	1.317360e-09	1.156377e-09	1.058029e+01	1.305752e+02
6.470000e-06	1.289902e-09	1.136159e-09	1.035976e+01	1.289400e+02
6.480000e-06	1.262394e-09	1.123733e-09	1.013883e+01	1.272994e+02
6.490000e-06	1.234822e-09	1.115636e-09	9.917387e+00	1.256553e+02
6.500000e-06	1.207199e-09	1.106078e-09	9.695540e+00	1.240085e+02
6.510000e-06	1.179531e-09	1.094788e-09	9.473327e+00	1.223590e+02
6.520000e-06	1.151806e-09	1.080750e-09	9.250653e+00	1.207063e+02
6.530000e-06	1.124042e-09	1.065029e-09	9.027666e+00	1.190493e+02
6.540000e-06	1.096247e-09	1.046972e-09	8.804437e+00	1.173868e+02
6.550000e-06	1.068420e-09	1.028026e-09	8.580943e+00	1.157176e+02
6.560000e-06	1.040562e-09	1.011910e-09	8.357205e+00	1.140407e+02
6.570000e-06	1.012676e-09	1.002201e-09	8.133237e+00	1.123559e+02
6.580000e-06	9.847564e-10	9.968913e-10	7.909003e+00	1.106636e+02
6.590000e-06	9.568118e-10	9.873463e-10	7.684568e+00	1.089647e+02
6.600000e-06	9.288493e-10	9.710830e-10	7.459989e+00	1.072609e+02
6.610000e-06	9.008759e-10	9.506290e-10	7.235323e+00	1.055542e+02
6.620000e-06	8.728802e-10	9.301263e-10	7.010477e+00	1.038468e+02
6.630000e-06	8.448613e-10	9.106525e-10	6.785445e+00	1.021406e+02
6.640000e-06	8.168318e-10	8.933118e-10	6.560328e+00	1.004372e+02
6.650000e-06	7.887892e-10	8.793863e-10	6.335105e+00	9.873737e+01
6.660000e-06	7.607260e-10	8.689693e-10	6.109717e+00	9.704108e+01
6.670000e-06	7.326555e-10	8.605647e-10	5.884270e+00	9.534731e+01
6.680000e-06	7.045872e-10	8.486769e-10	5.658841e+00	9.365411e+01
6.690000e-06	6.765041e-10	8.322293e-10	5.433294e+00	9.195877e+01
6.700000e-06	6.484005e-10	8.127312e-10	5.207582e+00	9.025804e+01
6.710000e-06	6.202868e-10	7.924902e-10	4.981788e+00	8.854844e+01
6.720000e-06	5.921628e-10	7.750543e-10	4.755912e+00	8.682662e+01
6.730000e-06	5.640220e-10	7.609527e-10	4.529901e+00	8.508968e+01
6.740000e-06	5.358695e-10	7.475314e-10	4.303795e+00	8.333551e+01
6.750000e-06	5.077257e-10	7.315066e-10	4.077760e+00	8.156301e+01
6.760000e-06	4.795840e-10	7.131337e-10	3.851742e+00	7.977226e+01
6.770000e-06	4.514219e-10	6.921306e-10	3.625559e+00	7.796452e+01
6.780000e-06	4.232401e-10	6.701453e-10	3.399219e+00	7.614217e+01
6.790000e-06	3.950550e-10	6.493650e-10	3.172852e+00	7.430852e+01
6.800000e-06	3.668751e-10	6.313391e-10	2.946527e+00	7.246755e+01
6.810000e-06	3.386939e-10	6.180104e-10	2.720191e+00	7.062350e+01
6.820000e-06	3.104983e-10	6.062365e-10	2.493740e+00	6.878053e+01
6.830000e-06	2.822827e-10	5.919662e-10	2.267128e+00	6.694230e+01
6.840000e-06	2.540553e-10	5.734468e-10	2.040422e+00	6.511161e+01
6.850000e-06	2.258237e-10	5.544018e-10	1.813681e+00	6.329013e+01
6.860000e-06	1.975884e-10	5.373335e-10	1.586911e+00	6.147816e+01
6.870000e-06	1.693551e-10	5.228993e-10	1.360157e+00	5.967460e+01
6.880000e-06	1.411204e-10	5.083571e-10	1.133392e+00	5.787697e+01
6.890000e-06	1.128801e-10	4.908332e-10	9.065819e-01	5.608160e+01
6.900000e-06	8.463231e-11	4.727036e-10	6.797111e-01	5.428394e+01
6.910000e-06	5.637050e-11	4.547641e-10	4.527279e-01	5.247895e+01
6.920000e-06	2.810517e-11	4.394237e-10	2.257168e-01	5.066158e+01
6.930000e-06	-1.459047e-13	4.279795e-10	-1.180050e-03	4.882724e+01
6.940000e-06	-2.838383e-11	4.186966e-10	-2.279713e-01	4.697228e+01
6.950000e-06	-5.662440e-11	4.073718e-10	-4.547837e-01	4.509432e+01
6.960000e-06	-8.486691e-11	3.917483e-10	-6.816115e-01	4.319254e+01
6.970000e-06	-1.131036e-10	3.728493e-10	-9.083925e-01	4.126779e+01
6.980000e-06	-1.413280e-10	3.531125e-10	-1.135075e+00	3.932249e+01
6.990000e-06	-1.695433e-10	3.367666e-10	-1.361685e+00	3.736038e+01
7.000000e-06	-1.977620e-10	3.212696e-10	-1.588321e+00	3.538614e+01
7.010000e-06	-2.259859e-10	3.036389e-10	-1.815000e+00	3.340483e+01
7.020000e-06	-2.542023e-10	2.847417e-10	-2.041618e+00	3.142130e+01
7.030000e-06	-2.824082e-10	2.661904e-10	-2.268153e+00	2.943959e+01
7.040000e-06	-3.106125e-10	2.491671e-10	-2.494674e+00	2.746238e+01
7.050000e-06	-3.388118e-10	2.331073e-10	-2.721155e+00	2.549063e+01
7.060000e-06	-3.669963e-10	2.183256e-10	-2.947517e+00	2.352332e+01
7.070000e-06	-3.951691e-10	2.040244e-10	-3.173785e+00	2.155751e+01
7.080000e-06	-4.233380e-10	1.903888e-10	-3.400022e+00	1.958857e+01
7.090000e-06	-4.515050e-10	1.755528e-10	-3.626243e+00	1.761065e+01
7.100000e-06	-4.796656e-10	1.588773e-10	-3.852413e+00	1.561735e+01
7.110000e-06	-5.078116e-10	1.416038e-10	-4.078466e+00	1.360245e+01
7.120000e-06	-5.359427e-10	1.236678e-10	-4.304399e+00	1.156068e+01
7.130000e-06	-5.640694e-10	1.053337e-10	-4.530297e+00	9.488430e+00
7.140000e-06	-5.921818e-10	8.533724e-11	-4.756080e+00	7.384272e+00
7.150000e-06	-6.202756e-10	6.525382e-11	-4.981714e+00	5.249271e+00
7.160000e-06	-6.483664e-10	4.542016e-11	-5.207324e+00	3.086991e+00
7.170000e-06	-6.764559e-10	2.611283e-11	-5.432923e+00	9.032205e-01
7.180000e-06	-7.045338e-10	1.005579e-11	-5.658428e+00	-1.294588e+00
7.190000e-06	-7.325917e-10	-4.373791e-12	-5.883773e+00	-3.498087e+00
7.200000e-06	-7.606222e-10	-2.092629e-11	-6.108899e+00	-5.698948e+00
7.210000e-06	-7.886358e-10	-3.976243e-11	-6.333889e+00	-7.889792e+00
7.220000e-06	-8.166387e-10	-5.764083e-11	-6.558792e+00	-1.006504e+01
7.230000e-06	-8.446353e-10	-7.373931e-11	-6.783645e+00	-1.222159e+01
7.240000e-06	-8.726264e-10	-8.886138e-11	-7.008454e+00	-1.435917e+01
7.250000e-06	-9.005882e-10	-1.049854e-10	-7.233028e+00	-1.648044e+01
7.260000e-06	-9.285245e-10	-1.240144e-10	-7.457397e+00	-1.859066e+01
7.270000e-06	-9.564430e-10	-1.455814e-10	-7.681622e+00	-2.069714e+01
7.280000e-06	-9.843355e-10	-1.679985e-10	-7.905639e+00	-2.280837e+01
7.290000e-06	-1.012207e-09	-1.894183e-10	-8.129486e+00	-2.493302e+01
7.300000e-06	-1.040059e-09	-2.111303e-10	-8.353179e+00	-2.707892e+01
7.310000e-06	-1.067883e-09	-2.320537e-10	-8.576647e+00	-2.925216e+01
7.320000e-06	-1.095674e-09	-2.508987e-10	-8.799850e+00	-3.145629e+01
7.330000e-06	-1.123425e-09	-2.683522e-10	-9.022726e+00	-3.369195e+01
7.340000e-06	-1.151132e-09	-2.858643e-10	-9.245252e+00	-3.595674e+01
7.350000e-06	-1.178796e-09	-3.054362e-10	-9.467437e+00	-3.824550e+01
7.360000e-06	-1.206408e-09	-3.262759e-10	-9.689197e+00	-4.055087e+01
7.370000e-06	-1.233960e-09	-3.472982e-10	-9.910487e+00	-4.286412e+01
7.380000e-06	-1.261449e-09	-3.672952e-10	-1.013126e+01	-4.517611e+01
7.390000e-06	-1.288875e-09	-3.879345e-10	-1.035153e+01	-4.747831e+01
7.400000e-06	-1.316257e-09	-4.101257e-10	-1.057144e+01	-4.976366e+01
7.410000e-06	-1.343556e-09	-4.323338e-10	-1.079070e+01	-5.202724e+01
7.420000e-06	-1.370783e-09	-4.547591e-10	-1.100937e+01	-5.426676e+01
7.430000e-06	-1.397923e-09	-4.769435e-10	-1.122734e+01	-5.648256e+01
7.440000e-06	-1.424957e-09	-4.982771e-10	-1.144446e+01	-5.867740e+01
7.450000e-06	-1.451934e-09	-5.187069e-10	-1.166113e+01	-6.085597e+01
7.460000e-06	-1.478837e-09	-5.386332e-10	-1.187719e+01	-6.302413e+01
7.470000e-06	-1.505648e-09	-5.581934e-10	-1.209253e+01	-6.518811e+01
7.480000e-06	-1.532384e-09	-5.782365e-10	-1.230726e+01	-6.735364e+01
7.490000e-06	-1.559050e-09	-5.988485e-10	-1.252142e+01	-6.952530e+01
7.500000e-06	-1.585615e-09	-6.186951e-10	-1.273478e+01	-7.170589e+01
7.510000e-06	-1.612109e-09	-6.373557e-10	-1.294756e+01	-7.389626e+01
7.520000e-06	-1.638533e-09	-6.541644e-10	-1.315979e+01	-7.609523e+01
7.530000e-06	-1.664869e-09	-6.716889e-10	-1.337130e+01	-7.829991e+01
7.540000e-06	-1.691144e-09	-6.925084e-10	-1.358232e+01	-8.050611e+01
7.550000e-06	-1.717349e-09	-7.145791e-10	-1.379279e+01	-8.270899e+01
7.560000e-06	-1.743477e-09	-7.359061e-10	-1.400264e+01	-8.490375e+01
7.570000e-06	-1.769539e-09	-7.555287e-10	-1.421195e+01	-8.708617e+01
7.580000e-06	-1.795535e-09	-7.734559e-10	-1.442073e+01	-8.925320e+01
7.590000e-06	-1.821454e-09	-7.894603e-10	-1.462891e+01	-9.140325e+01
7.600000e-06	-1.847306e-09	-8.040807e-10	-1.483653e+01	-9.353631e+01
7.610000e-06	-1.873093e-09	-8.186990e-10	-1.504364e+01	-9.565386e+01
7.620000e-06	-1.898803e-09	-8.348371e-10	-1.525012e+01	-9.775861e+01
7.630000e-06	-1.924407e-09	-8.532850e-10	-1.545576e+01	-9.985406e+01
7.640000e-06	-1.949916e-09	-8.727052e-10	-1.566064e+01	-1.019440e+02
7.650000e-06	-1.975343e-09	-8.915452e-10	-1.586485e+01	-1.040322e+02
7.660000e-06	-2.000659e-09	-9.100657e-10	-1.606817e+01	-1.061217e+02
7.670000e-06	-2.025858e-09	-9.289601e-10	-1.627056e+01	-1.082147e+02
7.680000e-06	-2.050946e-09	-9.478374e-10	-1.647205e+01	-1.103126e+02
7.690000e-06	-2.075907e-09	-9.658317e-10	-1.667252e+01	-1.124155e+02
7.700000e-06	-2.100752e-09	-9.814823e-10	-1.687207e+01	-1.145228e+02
7.710000e-06	-2.125512e-09	-9.965019e-10	-1.707092e+01	-1.166333e+02
7.720000e-06	-2.150191e-09	-1.013465e-09	-1.726913e+01	-1.187452e+02
7.730000e-06	-2.174772e-09	-1.031038e-09	-1.746655e+01	-1.208568e+02
7.740000e-06	-2.199251e-09	-1.048540e-09	-1.766315e+01	-1.229666e+02
7.750000e-06	-2.223640e-09	-1.066068e-09	-1.785903e+01	-1.250732e+02
7.760000e-06	-2.247943e-09	-1.083367e-09	-1.805422e+01	-1.271757e+02
7.770000e-06	-2.272179e-09	-1.102073e-09	-1.824887e+01	-1.292734e+02
7.780000e-06	-2.296374e-09	-1.122947e-09	-1.844319e+01	-1.313658e+02
7.790000e-06	-2.320526e-09	-1.144745e-09	-1.863716e+01	-1.334526e+02
7.800000e-06	-2.344628e-09	-1.166262e-09	-1.883074e+01	-1.355330e+02
7.810000e-06	-2.368690e-09	-1.186561e-09	-1.902399e+01	-1.376062e+02
7.820000e-06	-2.392706e-09	-1.205314e-09	-1.921687e+01	-1.396711e+02
7.830000e-06	-2.416669e-09	-1.222454e-09	-1.940933e+01	-1.417261e+02
7.840000e-06	-2.440581e-09	-1.238323e-09	-1.960138e+01	-1.437693e+02
7.850000e-06	-2.464436e-09	-1.254272e-09	-1.979297e+01	-1.457991e+02
7.860000e-06	-2.488219e-09	-1.271922e-09	-1.998398e+01	-1.478137e+02
7.870000e-06	-2.511928e-09	-1.291700e-09	-2.017440e+01	-1.498119e+02
7.880000e-06	-2.535531e-09	-1.311020e-09	-2.036396e+01	-1.517930e+02
7.890000e-06	-2.559010e-09	-1.328639e-09	-2.055253e+01	-1.537572e+02
7.900000e-06	-2.582346e-09	-1.346777e-09	-2.073996e+01	-1.557052e+02
7.910000e-06	-2.605526e-09	-1.365452e-09	-2.092612e+01	-1.576384e+02
7.920000e-06	-2.628554e-09	-1.382522e-09	-2.111107e+01	-1.595587e+02
7.930000e-06	-2.651405e-09	-1.398346e-09	-2.129460e+01	-1.614683e+02
7.940000e-06	-2.674045e-09	-1.415683e-09	-2.147643e+01	-1.633690e+02
7.950000e-06	-2.696429e-09	-1.436220e-09	-2.165621e+01	-1.652623e+02
7.960000e-06	-2.718593e-09	-1.456832e-09	-2.183421e+01	-1.671489e+02
7.970000e-06	-2.740571e-09	-1.473893e-09	-2.201073e+01	-1.690287e+02
7.980000e-06	-2.762301e-09	-1.489737e-09	-2.218525e+01	-1.709005e+02
7.990000e-06	-2.783772e-09	-1.507375e-09	-2.235769e+01	-1.727624e+02
8.000000e-06	-2.805015e-09	-1.525506e-09	-2.252830e+01	-1.746116e+02
8.010000e-06	-2.826047e-09	-1.541654e-09	-2.269722e+01	-1.764453e+02
8.020000e-06	-2.846895e-09	-1.555916e-09	-2.286466e+01	-1.782605e+02
8.030000e-06	-2.867581e-09	-1.571092e-09	-2.303080e+01	-1.800547e+02
8.040000e-06	-2.888127e-09	-1.588235e-09	-2.319582e+01	-1.818261e+02
8.050000e-06	-2.908559e-09	-1.605740e-09	-2.335991e+01	-1.835742e+02
8.060000e-06	-2.928879e-09	-1.622678e-09	-2.352311e+01	-1.852994e+02
8.070000e-06	-2.949112e-09	-1.640240e-09	-2.368561e+01	-1.870036e+02
8.080000e-06	-2.969290e-09	-1.659037e-09	-2.384767e+01	-1.886896e+02
8.090000e-06	-2.989413e-09	-1.678077e-09	-2.400928e+01	-1.903608e+02
8.100000e-06	-3.009473e-09	-1.695689e-09	-2.417040e+01	-1.920214e+02
8.110000e-06	-3.029464e-09	-1.710964e-09	-2.433095e+01	-1.936753e+02
8.120000e-06	-3.049382e-09	-1.724587e-09	-2.449092e+01	-1.953261e+02
8.130000e-06	-3.069229e-09	-1.737114e-09	-2.465032e+01	-1.969767e+02
8.140000e-06	-3.088981e-09	-1.750515e-09	-2.480896e+01	-1.986289e+02
8.150000e-06	-3.108613e-09	-1.765711e-09	-2.496663e+01	-2.002836e+02
8.160000e-06	-3.128115e-09	-1.782697e-09	-2.512326e+01	-2.019402e+02
8.170000e-06	-3.147473e-09	-1.800878e-09	-2.527873e+01	-2.035975e+02
8.180000e-06	-3.166696e-09	-1.818558e-09	-2.543312e+01	-2.052532e+02
8.190000e-06	-3.185760e-09	-1.835982e-09	-2.558624e+01	-2.069046e+02
8.200000e-06	-3.204632e-09	-1.852561e-09	-2.573780e+01	-2.085489e+02
8.210000e-06	-3.223332e-09	-1.867066e-09	-2.588799e+01	-2.101831e+02
8.220000e-06	-3.241885e-09	-1.879669e-09	-2.603699e+01	-2.118047e+02
8.230000e-06	-3.260300e-09	-1.892392e-09	-2.618489e+01	-2.134114e+02
8.240000e-06	-3.278578e-09	-1.906205e-09	-2.633170e+01	-2.150016e+02
8.250000e-06	-3.296734e-09	-1.920057e-09	-2.647752e+01	-2.165742e+02
8.260000e-06	-3.314790e-09	-1.934645e-09	-2.662252e+01	-2.181283e+02
8.270000e-06	-3.332736e-09	-1.950079e-09	-2.676666e+01	-2.196636e+02
8.280000e-06	-3.350551e-09	-1.963936e-09	-2.690974e+01	-2.211799e+02
8.290000e-06	-3.368234e-09	-1.975555e-09	-2.705176e+01	-2.226775e+02
8.300000e-06	-3.385783e-09	-1.986438e-09	-2.719270e+01	-2.241563e+02
8.310000e-06	-3.403165e-09	-1.997827e-09	-2.733231e+01	-2.256168e+02
8.320000e-06	-3.420366e-09	-2.009345e-09	-2.747045e+01	-2.270593e+02
8.330000e-06	-3.437388e-09	-2.020763e-09	-2.760716e+01	-2.284844e+02
8.340000e-06	-3.454234e-09	-2.033541e-09	-2.774246e+01	-2.298929e+02
8.350000e-06	-3.470926e-09	-2.047814e-09	-2.787653e+01	-2.312860e+02
8.360000e-06	-3.487477e-09	-2.061711e-09	-2.800945e+01	-2.326648e+02
8.370000e-06	-3.503900e-09	-2.073755e-09	-2.814135e+01	-2.340310e+02
8.380000e-06	-3.520201e-09	-2.084649e-09	-2.827228e+01	-2.353861e+02
8.390000e-06	-3.536403e-09	-2.095158e-09	-2.840240e+01	-2.367318e+02
8.400000e-06	-3.552520e-09	-2.104227e-09	-2.853184e+01	-2.380693e+02
8.410000e-06	-3.568549e-09	-2.111330e-09	-2.866058e+01	-2.393996e+02
8.420000e-06	-3.584501e-09	-2.120612e-09	-2.878870e+01	-2.407229e+02
8.430000e-06	-3.600355e-09	-2.133741e-09	-2.891602e+01	-2.420389e+02
8.440000e-06	-3.616076e-09	-2.146693e-09	-2.904229e+01	-2.433464e+02
8.450000e-06	-3.631641e-09	-2.157626e-09	-2.916730e+01	-2.446436e+02
8.460000e-06	-3.646973e-09	-2.167309e-09	-2.929043e+01	-2.459281e+02
8.470000e-06	-3.662056e-09	-2.177220e-09	-2.941157e+01	-2.471974e+02
8.480000e-06	-3.676904e-09	-2.189056e-09	-2.953082e+01	-2.484488e+02
8.490000e-06	-3.691463e-09	-2.202183e-09	-2.964775e+01	-2.496799e+02
8.500000e-06	-3.705711e-09	-2.214740e-09	-2.976218e+01	-2.508889e+02
8.510000e-06	-3.719640e-09	-2.226312e-09	-2.987406e+01	-2.520748e+02
8.520000e-06	-3.733243e-09	-2.237165e-09	-2.998331e+01	-2.532375e+02
8.530000e-06	-3.746589e-09	-2.245846e-09	-3.009049e+01	-2.543775e+02
8.540000e-06	-3.759696e-09	-2.249764e-09	-3.019576e+01	-2.554963e+02
8.550000e-06	-3.772547e-09	-2.251567e-09	-3.029897e+01	-2.565957e+02
8.560000e-06	-3.785205e-09	-2.258412e-09	-3.040063e+01	-2.576780e+02
8.570000e-06	-3.797699e-09	-2.273815e-09	-3.050098e+01	-2.587450e+02
8.580000e-06	-3.810010e-09	-2.293818e-09	-3.059985e+01	-2.597984e+02
8.590000e-06	-3.822160e-09	-2.312032e-09	-3.069743e+01	-2.608388e+02
8.600000e-06	-3.834171e-09	-2.325461e-09	-3.079390e+01	-2.618662e+02
8.610000e-06	-3.846025e-09	-2.333009e-09	-3.088911e+01	-2.628798e+02
8.620000e-06	-3.857721e-09	-2.335430e-09	-3.098304e+01	-2.638780e+02
8.630000e-06	-3.869256e-09	-2.335294e-09	-3.107568e+01	-2.648584e+02
8.640000e-06	-3.880608e-09	-2.336560e-09	-3.116685e+01	-2.658189e+02
8.650000e-06	-3.891765e-09	-2.344739e-09	-3.125646e+01	-2.667574e+02
8.660000e-06	-3.902722e-09	-2.359903e-09	-3.134446e+01	-2.676723e+02
8.670000e-06	-3.913476e-09	-2.376202e-09	-3.143083e+01	-2.685631e+02
8.680000e-06	-3.924028e-09	-2.389658e-09	-3.151558e+01	-2.694304e+02
8.690000e-06	-3.934398e-09	-2.398603e-09	-3.159886e+01	-2.702761e+02
8.700000e-06	-3.944631e-09	-2.403919e-09	-3.168105e+01	-2.711030e+02
8.710000e-06	-3.954745e-09	-2.408390e-09	-3.176228e+01	-2.719150e+02
8.720000e-06	-3.964725e-09	-2.413656e-09	-3.184243e+01	-2.727161e+02
8.730000e-06	-3.974540e-09	-2.420578e-09	-3.192126e+01	-2.735106e+02
8.740000e-06	-3.984172e-09	-2.431117e-09	-3.199862e+01	-2.743021e+02
8.750000e-06	-3.993609e-09	-2.444808e-09	-3.207441e+01	-2.750929e+02
8.760000e-06	-4.002840e-09	-2.457838e-09	-3.214855e+01	-2.758842e+02
8.770000e-06	-4.011850e-09	-2.467369e-09	-3.222091e+01	-2.766753e+02
8.780000e-06	-4.020645e-09	-2.472424e-09	-3.229156e+01	-2.774640e+02
8.790000e-06	-4.029267e-09	-2.475571e-09	-3.236081e+01	-2.782462e+02
8.800000e-06	-4.037742e-09	-2.479562e-09	-3.242887e+01	-2.790170e+02
8.810000e-06	-4.046076e-09	-2.484516e-09	-3.249580e+01	-2.797703e+02
8.820000e-06	-4.054295e-09	-2.490281e-09	-3.256181e+01	-2.805004e+02
8.830000e-06	-4.062428e-09	-2.497348e-09	-3.262713e+01	-2.812016e+02
8.840000e-06	-4.070488e-09	-2.506245e-09	-3.269187e+01	-2.818697e+02
8.850000e-06	-4.078459e-09	-2.514140e-09	-3.275589e+01	-2.825018e+02
8.860000e-06	-4.086323e-09	-2.518359e-09	-3.281905e+01	-2.830971e+02
8.870000e-06	-4.094047e-09	-2.520931e-09	-3.288108e+01	-2.836567e+02
8.880000e-06	-4.101618e-09	-2.524091e-09	-3.294189e+01	-2.841837e+02
8.890000e-06	-4.109000e-09	-2.528322e-09	-3.300117e+01	-2.846829e+02
8.900000e-06	-4.116105e-09	-2.532896e-09	-3.305824e+01	-2.851601e+02
8.910000e-06	-4.122933e-09	-2.536316e-09	-3.311308e+01	-2.856218e+02
8.920000e-06	-4.129494e-09	-2.537717e-09	-3.316577e+01	-2.860744e+02
8.930000e-06	-4.135745e-09	-2.537827e-09	-3.321598e+01	-2.865235e+02
8.940000e-06	-4.141676e-09	-2.537826e-09	-3.326361e+01	-2.869735e+02
8.950000e-06	-4.147289e-09	-2.538298e-09	-3.330869e+01	-2.874269e+02
8.960000e-06	-4.152575e-09	-2.539724e-09	-3.335114e+01	-2.878844e+02
8.970000e-06	-4.157574e-09	-2.543486e-09	-3.339129e+01	-2.883447e+02
8.980000e-06	-4.162351e-09	-2.549177e-09	-3.342966e+01	-2.888046e+02
8.990000e-06	-4.166910e-09	-2.554543e-09	-3.346627e+01	-2.892596e+02
9.000000e-06	-4.171285e-09	-2.559609e-09	-3.350141e+01	-2.897041e+02
9.010000e-06	-4.175541e-09	-2.564340e-09	-3.353559e+01	-2.901322e+02
9.020000e-06	-4.179699e-09	-2.566196e-09	-3.356899e+01	-2.905385e+02
9.030000e-06	-4.183764e-09	-2.564761e-09	-3.360163e+01	-2.909182e+02
9.040000e-06	-4.187735e-09	-2.563526e-09	-3.363353e+01	-2.912682e+02
9.050000e-06	-4.191611e-09	-2.563614e-09	-3.366466e+01	-2.915870e+02
9.060000e-06	-4.195358e-09	-2.564302e-09	-3.369475e+01	-2.918750e+02
9.070000e-06	-4.198943e-09	-2.566746e-09	-3.372355e+01	-2.921345e+02
9.080000e-06	-4.202331e-09	-2.570384e-09	-3.375075e+01	-2.923696e+02
9.090000e-06	-4.205487e-09	-2.574327e-09	-3.377610e+01	-2.925853e+02
9.100000e-06	-4.208431e-09	-2.577860e-09	-3.379975e+01	-2.927877e+02
9.110000e-06	-4.211199e-09	-2.579803e-09	-3.382197e+01	-2.929827e+02
9.120000e-06	-4.213787e-09	-2.580622e-09	-3.384276e+01	-2.931758e+02
9.130000e-06	-4.216212e-09	-2.581636e-09	-3.386224e+01	-2.933713e+02
9.140000e-06	-4.218486e-09	-2.583112e-09	-3.388050e+01	-2.935719e+02
9.150000e-06	-4.220615e-09	-2.584367e-09	-3.389760e+01	-2.937782e+02
9.160000e-06	-4.222616e-09	-2.586415e-09	-3.391367e+01	-2.939891e+02
9.170000e-06	-4.224452e-09	-2.588955e-09	-3.392841e+01	-2.942010e+02
9.180000e-06	-4.226001e-09	-2.591406e-09	-3.394085e+01	-2.944089e+02
9.190000e-06	-4.227283e-09	-2.594774e-09	-3.395115e+01	-2.946064e+02
9.200000e-06	-4.228438e-09	-2.598551e-09	-3.396042e+01	-2.947864e+02
9.210000e-06	-4.229438e-09	-2.601136e-09	-3.396846e+01	-2.949417e+02
9.220000e-06	-4.230213e-09	-2.602424e-09	-3.397469e+01	-2.950658e+02
9.230000e-06	-4.230811e-09	-2.602290e-09	-3.397949e+01	-2.951533e+02
9.240000e-06	-4.231266e-09	-2.601073e-09	-3.398314e+01	-2.952007e+02
