# Temperatura_=_20.0
# Concentracion g/m^3_=_10770.0
# C_Vs_to_Am_M_A/Vsm_=_116720831517.84952
# pendiente_HvsI_1/m_=_3716.3
# ordenada_HvsI_A/m_=_1297.0
# frecuencia_Hz_=_108142.02614944425
# Promedio de 28 ciclos

Tiempo_(s)	Campo_(V.s)	Magnetizacion_(V.s)	Campo_(kA/m)	Magnetizacion_(A/m)
0.000000e+00	-4.296841e-09	-2.808359e-09	-3.472519e+01	-3.266322e+02
1.000000e-08	-4.297117e-09	-2.810077e-09	-3.472742e+01	-3.267213e+02
2.000000e-08	-4.297288e-09	-2.815243e-09	-3.472880e+01	-3.268118e+02
3.000000e-08	-4.297367e-09	-2.822735e-09	-3.472944e+01	-3.269022e+02
4.000000e-08	-4.297339e-09	-2.830815e-09	-3.472922e+01	-3.269905e+02
5.000000e-08	-4.297160e-09	-2.834749e-09	-3.472776e+01	-3.270741e+02
6.000000e-08	-4.296781e-09	-2.827162e-09	-3.472471e+01	-3.271503e+02
7.000000e-08	-4.296165e-09	-2.817520e-09	-3.471973e+01	-3.272157e+02
8.000000e-08	-4.295237e-09	-2.812072e-09	-3.471222e+01	-3.272667e+02
9.000000e-08	-4.293983e-09	-2.809899e-09	-3.470209e+01	-3.272992e+02
1.000000e-07	-4.292409e-09	-2.822608e-09	-3.468937e+01	-3.273089e+02
1.100000e-07	-4.290488e-09	-2.801601e-09	-3.467385e+01	-3.272914e+02
1.200000e-07	-4.288244e-09	-2.769056e-09	-3.465571e+01	-3.272426e+02
1.300000e-07	-4.285704e-09	-2.814009e-09	-3.463518e+01	-3.271588e+02
1.400000e-07	-4.282894e-09	-2.867650e-09	-3.461248e+01	-3.270370e+02
1.500000e-07	-4.279859e-09	-2.816608e-09	-3.458795e+01	-3.268757e+02
1.600000e-07	-4.276596e-09	-2.749607e-09	-3.456158e+01	-3.266745e+02
1.700000e-07	-4.273125e-09	-2.812833e-09	-3.453353e+01	-3.264348e+02
1.800000e-07	-4.269514e-09	-2.869602e-09	-3.450435e+01	-3.261593e+02
1.900000e-07	-4.265792e-09	-2.788583e-09	-3.447427e+01	-3.258525e+02
2.000000e-07	-4.261970e-09	-2.730213e-09	-3.444338e+01	-3.255195e+02
2.100000e-07	-4.258057e-09	-2.793293e-09	-3.441176e+01	-3.251664e+02
2.200000e-07	-4.254036e-09	-2.850069e-09	-3.437926e+01	-3.247992e+02
2.300000e-07	-4.249895e-09	-2.782284e-09	-3.434580e+01	-3.244235e+02
2.400000e-07	-4.245600e-09	-2.733907e-09	-3.431108e+01	-3.240440e+02
2.500000e-07	-4.241122e-09	-2.794263e-09	-3.427490e+01	-3.236641e+02
2.600000e-07	-4.236459e-09	-2.804866e-09	-3.423721e+01	-3.232854e+02
2.700000e-07	-4.231593e-09	-2.747067e-09	-3.419789e+01	-3.229081e+02
2.800000e-07	-4.226502e-09	-2.736726e-09	-3.415675e+01	-3.225310e+02
2.900000e-07	-4.221187e-09	-2.772822e-09	-3.411379e+01	-3.221516e+02
3.000000e-07	-4.215667e-09	-2.753873e-09	-3.406918e+01	-3.217665e+02
3.100000e-07	-4.209963e-09	-2.732374e-09	-3.402309e+01	-3.213722e+02
3.200000e-07	-4.204088e-09	-2.767326e-09	-3.397560e+01	-3.209655e+02
3.300000e-07	-4.198020e-09	-2.751474e-09	-3.392657e+01	-3.205433e+02
3.400000e-07	-4.191729e-09	-2.706549e-09	-3.387573e+01	-3.201039e+02
3.500000e-07	-4.185234e-09	-2.730549e-09	-3.382324e+01	-3.196460e+02
3.600000e-07	-4.178535e-09	-2.769276e-09	-3.376910e+01	-3.191695e+02
3.700000e-07	-4.171610e-09	-2.720251e-09	-3.371313e+01	-3.186749e+02
3.800000e-07	-4.164454e-09	-2.688726e-09	-3.365530e+01	-3.181632e+02
3.900000e-07	-4.157097e-09	-2.741830e-09	-3.359584e+01	-3.176356e+02
4.000000e-07	-4.149606e-09	-2.739901e-09	-3.353531e+01	-3.170931e+02
4.100000e-07	-4.142007e-09	-2.685430e-09	-3.347390e+01	-3.165363e+02
4.200000e-07	-4.134311e-09	-2.683795e-09	-3.341169e+01	-3.159653e+02
4.300000e-07	-4.126527e-09	-2.709092e-09	-3.334879e+01	-3.153798e+02
4.400000e-07	-4.118656e-09	-2.685736e-09	-3.328518e+01	-3.147793e+02
4.500000e-07	-4.110677e-09	-2.677422e-09	-3.322070e+01	-3.141631e+02
4.600000e-07	-4.102554e-09	-2.687567e-09	-3.315505e+01	-3.135306e+02
4.700000e-07	-4.094257e-09	-2.667024e-09	-3.308800e+01	-3.128820e+02
4.800000e-07	-4.085753e-09	-2.660550e-09	-3.301928e+01	-3.122181e+02
4.900000e-07	-4.076994e-09	-2.673631e-09	-3.294849e+01	-3.115404e+02
5.000000e-07	-4.067935e-09	-2.657570e-09	-3.287527e+01	-3.108514e+02
5.100000e-07	-4.058570e-09	-2.627022e-09	-3.279959e+01	-3.101543e+02
5.200000e-07	-4.048902e-09	-2.640435e-09	-3.272146e+01	-3.094525e+02
5.300000e-07	-4.038908e-09	-2.647704e-09	-3.264069e+01	-3.087494e+02
5.400000e-07	-4.028567e-09	-2.630165e-09	-3.255712e+01	-3.080479e+02
5.500000e-07	-4.017918e-09	-2.626025e-09	-3.247106e+01	-3.073501e+02
5.600000e-07	-4.007014e-09	-2.626013e-09	-3.238294e+01	-3.066569e+02
5.700000e-07	-3.995859e-09	-2.622337e-09	-3.229279e+01	-3.059678e+02
5.800000e-07	-3.984461e-09	-2.614375e-09	-3.220067e+01	-3.052808e+02
5.900000e-07	-3.972886e-09	-2.604268e-09	-3.210713e+01	-3.045929e+02
6.000000e-07	-3.961161e-09	-2.590510e-09	-3.201238e+01	-3.039002e+02
6.100000e-07	-3.949278e-09	-2.595931e-09	-3.191634e+01	-3.031984e+02
6.200000e-07	-3.937241e-09	-2.602302e-09	-3.181907e+01	-3.024832e+02
6.300000e-07	-3.925038e-09	-2.590637e-09	-3.172045e+01	-3.017510e+02
6.400000e-07	-3.912664e-09	-2.584298e-09	-3.162044e+01	-3.009992e+02
6.500000e-07	-3.900107e-09	-2.579098e-09	-3.151896e+01	-3.002262e+02
6.600000e-07	-3.887335e-09	-2.573627e-09	-3.141574e+01	-2.994319e+02
6.700000e-07	-3.874362e-09	-2.565421e-09	-3.131091e+01	-2.986171e+02
6.800000e-07	-3.861206e-09	-2.554971e-09	-3.120458e+01	-2.977837e+02
6.900000e-07	-3.847857e-09	-2.541225e-09	-3.109670e+01	-2.969339e+02
7.000000e-07	-3.834340e-09	-2.536665e-09	-3.098746e+01	-2.960702e+02
7.100000e-07	-3.820660e-09	-2.537382e-09	-3.087691e+01	-2.951942e+02
7.200000e-07	-3.806797e-09	-2.526132e-09	-3.076487e+01	-2.943073e+02
7.300000e-07	-3.792754e-09	-2.519402e-09	-3.065139e+01	-2.934097e+02
7.400000e-07	-3.778507e-09	-2.516634e-09	-3.053625e+01	-2.925006e+02
7.500000e-07	-3.764018e-09	-2.513692e-09	-3.041915e+01	-2.915788e+02
7.600000e-07	-3.749286e-09	-2.507452e-09	-3.030009e+01	-2.906423e+02
7.700000e-07	-3.734322e-09	-2.496342e-09	-3.017916e+01	-2.896894e+02
7.800000e-07	-3.719113e-09	-2.479255e-09	-3.005625e+01	-2.887187e+02
7.900000e-07	-3.703618e-09	-2.462693e-09	-2.993103e+01	-2.877299e+02
8.000000e-07	-3.687849e-09	-2.454090e-09	-2.980359e+01	-2.867236e+02
8.100000e-07	-3.671861e-09	-2.442743e-09	-2.967438e+01	-2.857022e+02
8.200000e-07	-3.655638e-09	-2.433971e-09	-2.954328e+01	-2.846690e+02
8.300000e-07	-3.639225e-09	-2.429956e-09	-2.941063e+01	-2.836287e+02
8.400000e-07	-3.622672e-09	-2.427824e-09	-2.927686e+01	-2.825862e+02
8.500000e-07	-3.605972e-09	-2.420305e-09	-2.914190e+01	-2.815467e+02
8.600000e-07	-3.589122e-09	-2.405021e-09	-2.900572e+01	-2.805147e+02
8.700000e-07	-3.572134e-09	-2.388789e-09	-2.886843e+01	-2.794935e+02
8.800000e-07	-3.555023e-09	-2.374754e-09	-2.873015e+01	-2.784847e+02
8.900000e-07	-3.537794e-09	-2.365971e-09	-2.859091e+01	-2.774880e+02
9.000000e-07	-3.520454e-09	-2.357157e-09	-2.845078e+01	-2.765013e+02
9.100000e-07	-3.503010e-09	-2.349060e-09	-2.830980e+01	-2.755205e+02
9.200000e-07	-3.485440e-09	-2.340185e-09	-2.816781e+01	-2.745400e+02
9.300000e-07	-3.467718e-09	-2.331544e-09	-2.802458e+01	-2.735537e+02
9.400000e-07	-3.449847e-09	-2.322157e-09	-2.788016e+01	-2.725548e+02
9.500000e-07	-3.431818e-09	-2.307684e-09	-2.773446e+01	-2.715375e+02
9.600000e-07	-3.413590e-09	-2.292746e-09	-2.758715e+01	-2.704967e+02
9.700000e-07	-3.395166e-09	-2.278955e-09	-2.743826e+01	-2.694288e+02
9.800000e-07	-3.376561e-09	-2.267206e-09	-2.728790e+01	-2.683321e+02
9.900000e-07	-3.357772e-09	-2.254091e-09	-2.713605e+01	-2.672066e+02
1.000000e-06	-3.338804e-09	-2.242217e-09	-2.698276e+01	-2.660537e+02
1.010000e-06	-3.319659e-09	-2.233889e-09	-2.682804e+01	-2.648764e+02
1.020000e-06	-3.300356e-09	-2.226941e-09	-2.667204e+01	-2.636783e+02
1.030000e-06	-3.280919e-09	-2.218022e-09	-2.651496e+01	-2.624635e+02
1.040000e-06	-3.261371e-09	-2.204074e-09	-2.635698e+01	-2.612357e+02
1.050000e-06	-3.241737e-09	-2.190349e-09	-2.619831e+01	-2.599982e+02
1.060000e-06	-3.222028e-09	-2.177302e-09	-2.603902e+01	-2.587537e+02
1.070000e-06	-3.202251e-09	-2.164089e-09	-2.587920e+01	-2.575039e+02
1.080000e-06	-3.182420e-09	-2.148957e-09	-2.571893e+01	-2.562498e+02
1.090000e-06	-3.162526e-09	-2.133937e-09	-2.555815e+01	-2.549916e+02
1.100000e-06	-3.142569e-09	-2.123402e-09	-2.539687e+01	-2.537294e+02
1.110000e-06	-3.122534e-09	-2.114736e-09	-2.523496e+01	-2.524632e+02
1.120000e-06	-3.102383e-09	-2.105132e-09	-2.507211e+01	-2.511932e+02
1.130000e-06	-3.082119e-09	-2.093642e-09	-2.490834e+01	-2.499200e+02
1.140000e-06	-3.061745e-09	-2.082331e-09	-2.474369e+01	-2.486445e+02
1.150000e-06	-3.041230e-09	-2.070439e-09	-2.457789e+01	-2.473684e+02
1.160000e-06	-3.020557e-09	-2.057440e-09	-2.441083e+01	-2.460931e+02
1.170000e-06	-2.999716e-09	-2.042899e-09	-2.424240e+01	-2.448206e+02
1.180000e-06	-2.978687e-09	-2.028017e-09	-2.407245e+01	-2.435521e+02
1.190000e-06	-2.957492e-09	-2.015527e-09	-2.390116e+01	-2.422885e+02
1.200000e-06	-2.936165e-09	-2.004345e-09	-2.372881e+01	-2.410299e+02
1.210000e-06	-2.914717e-09	-1.994918e-09	-2.355547e+01	-2.397755e+02
1.220000e-06	-2.893151e-09	-1.984947e-09	-2.338119e+01	-2.385236e+02
1.230000e-06	-2.871465e-09	-1.975067e-09	-2.320593e+01	-2.372718e+02
1.240000e-06	-2.849655e-09	-1.966689e-09	-2.302967e+01	-2.360170e+02
1.250000e-06	-2.827739e-09	-1.957907e-09	-2.285256e+01	-2.347558e+02
1.260000e-06	-2.805731e-09	-1.947267e-09	-2.267470e+01	-2.334853e+02
1.270000e-06	-2.783617e-09	-1.933750e-09	-2.249598e+01	-2.322025e+02
1.280000e-06	-2.761383e-09	-1.920496e-09	-2.231629e+01	-2.309054e+02
1.290000e-06	-2.739039e-09	-1.907720e-09	-2.213572e+01	-2.295927e+02
1.300000e-06	-2.716574e-09	-1.895784e-09	-2.195417e+01	-2.282640e+02
1.310000e-06	-2.693983e-09	-1.884514e-09	-2.177160e+01	-2.269198e+02
1.320000e-06	-2.671239e-09	-1.873012e-09	-2.158779e+01	-2.255614e+02
1.330000e-06	-2.648324e-09	-1.862047e-09	-2.140261e+01	-2.241903e+02
1.340000e-06	-2.625281e-09	-1.852295e-09	-2.121638e+01	-2.228086e+02
1.350000e-06	-2.602116e-09	-1.843930e-09	-2.102917e+01	-2.214179e+02
1.360000e-06	-2.578823e-09	-1.834471e-09	-2.084093e+01	-2.200201e+02
1.370000e-06	-2.555422e-09	-1.823184e-09	-2.065181e+01	-2.186163e+02
1.380000e-06	-2.531929e-09	-1.811140e-09	-2.046195e+01	-2.172074e+02
1.390000e-06	-2.508343e-09	-1.798945e-09	-2.027134e+01	-2.157938e+02
1.400000e-06	-2.484668e-09	-1.785601e-09	-2.008001e+01	-2.143755e+02
1.410000e-06	-2.460927e-09	-1.772224e-09	-1.988814e+01	-2.129524e+02
1.420000e-06	-2.437128e-09	-1.761226e-09	-1.969581e+01	-2.115241e+02
1.430000e-06	-2.413271e-09	-1.750757e-09	-1.950301e+01	-2.100903e+02
1.440000e-06	-2.389348e-09	-1.739448e-09	-1.930967e+01	-2.086509e+02
1.450000e-06	-2.365348e-09	-1.727533e-09	-1.911571e+01	-2.072057e+02
1.460000e-06	-2.341279e-09	-1.715906e-09	-1.892120e+01	-2.057547e+02
1.470000e-06	-2.317151e-09	-1.705870e-09	-1.872621e+01	-2.042978e+02
1.480000e-06	-2.292949e-09	-1.694974e-09	-1.853061e+01	-2.028351e+02
1.490000e-06	-2.268636e-09	-1.680522e-09	-1.833413e+01	-2.013662e+02
1.500000e-06	-2.244205e-09	-1.664143e-09	-1.813669e+01	-1.998908e+02
1.510000e-06	-2.219662e-09	-1.649331e-09	-1.793834e+01	-1.984082e+02
1.520000e-06	-2.194998e-09	-1.636714e-09	-1.773902e+01	-1.969176e+02
1.530000e-06	-2.170207e-09	-1.623809e-09	-1.753867e+01	-1.954182e+02
1.540000e-06	-2.145262e-09	-1.610496e-09	-1.733707e+01	-1.939093e+02
1.550000e-06	-2.120145e-09	-1.600620e-09	-1.713409e+01	-1.923902e+02
1.560000e-06	-2.094873e-09	-1.593634e-09	-1.692985e+01	-1.908606e+02
1.570000e-06	-2.069417e-09	-1.583726e-09	-1.672413e+01	-1.893206e+02
1.580000e-06	-2.043775e-09	-1.567822e-09	-1.651690e+01	-1.877707e+02
1.590000e-06	-2.017965e-09	-1.546536e-09	-1.630832e+01	-1.862118e+02
1.600000e-06	-1.991982e-09	-1.523699e-09	-1.609834e+01	-1.846449e+02
1.610000e-06	-1.965816e-09	-1.505227e-09	-1.588688e+01	-1.830708e+02
1.620000e-06	-1.939485e-09	-1.492276e-09	-1.567409e+01	-1.814903e+02
1.630000e-06	-1.913024e-09	-1.482127e-09	-1.546023e+01	-1.799035e+02
1.640000e-06	-1.886417e-09	-1.474087e-09	-1.524521e+01	-1.783099e+02
1.650000e-06	-1.859658e-09	-1.465972e-09	-1.502896e+01	-1.767083e+02
1.660000e-06	-1.832787e-09	-1.452683e-09	-1.481179e+01	-1.750967e+02
1.670000e-06	-1.805798e-09	-1.432838e-09	-1.459368e+01	-1.734725e+02
1.680000e-06	-1.778702e-09	-1.410201e-09	-1.437471e+01	-1.718329e+02
1.690000e-06	-1.751538e-09	-1.389096e-09	-1.415518e+01	-1.701751e+02
1.700000e-06	-1.724276e-09	-1.371959e-09	-1.393486e+01	-1.684968e+02
1.710000e-06	-1.696922e-09	-1.356473e-09	-1.371380e+01	-1.667965e+02
1.720000e-06	-1.669489e-09	-1.342773e-09	-1.349210e+01	-1.650739e+02
1.730000e-06	-1.641972e-09	-1.331495e-09	-1.326972e+01	-1.633301e+02
1.740000e-06	-1.614378e-09	-1.320812e-09	-1.304671e+01	-1.615674e+02
1.750000e-06	-1.586728e-09	-1.309182e-09	-1.282325e+01	-1.597895e+02
1.760000e-06	-1.559051e-09	-1.292768e-09	-1.259958e+01	-1.580006e+02
1.770000e-06	-1.531355e-09	-1.273905e-09	-1.237575e+01	-1.562057e+02
1.780000e-06	-1.503624e-09	-1.253950e-09	-1.215164e+01	-1.544094e+02
1.790000e-06	-1.475853e-09	-1.235995e-09	-1.192721e+01	-1.526156e+02
1.800000e-06	-1.448057e-09	-1.222307e-09	-1.170258e+01	-1.508269e+02
1.810000e-06	-1.420234e-09	-1.212774e-09	-1.147772e+01	-1.490446e+02
1.820000e-06	-1.392382e-09	-1.205380e-09	-1.125263e+01	-1.472679e+02
1.830000e-06	-1.364509e-09	-1.194940e-09	-1.102737e+01	-1.454944e+02
1.840000e-06	-1.336622e-09	-1.179403e-09	-1.080200e+01	-1.437205e+02
1.850000e-06	-1.308709e-09	-1.158052e-09	-1.057643e+01	-1.419413e+02
1.860000e-06	-1.280757e-09	-1.134401e-09	-1.035053e+01	-1.401517e+02
1.870000e-06	-1.252773e-09	-1.113707e-09	-1.012437e+01	-1.383467e+02
1.880000e-06	-1.224763e-09	-1.099152e-09	-9.898008e+00	-1.365225e+02
1.890000e-06	-1.196735e-09	-1.089581e-09	-9.671495e+00	-1.346764e+02
1.900000e-06	-1.168676e-09	-1.080968e-09	-9.444736e+00	-1.328076e+02
1.910000e-06	-1.140577e-09	-1.069952e-09	-9.217652e+00	-1.309173e+02
1.920000e-06	-1.112434e-09	-1.054858e-09	-8.990212e+00	-1.290083e+02
1.930000e-06	-1.084237e-09	-1.036351e-09	-8.762337e+00	-1.270850e+02
1.940000e-06	-1.056013e-09	-1.016112e-09	-8.534244e+00	-1.251526e+02
1.950000e-06	-1.027759e-09	-9.966444e-10	-8.305905e+00	-1.232168e+02
1.960000e-06	-9.994502e-10	-9.816557e-10	-8.077128e+00	-1.212828e+02
1.970000e-06	-9.710953e-10	-9.724041e-10	-7.847976e+00	-1.193550e+02
1.980000e-06	-9.426862e-10	-9.641101e-10	-7.618386e+00	-1.174363e+02
1.990000e-06	-9.142215e-10	-9.515211e-10	-7.388347e+00	-1.155280e+02
2.000000e-06	-8.857229e-10	-9.344942e-10	-7.158035e+00	-1.136295e+02
2.010000e-06	-8.571967e-10	-9.139593e-10	-6.927499e+00	-1.117387e+02
2.020000e-06	-8.286155e-10	-8.938022e-10	-6.696517e+00	-1.098523e+02
2.030000e-06	-7.999559e-10	-8.758657e-10	-6.464903e+00	-1.079659e+02
2.040000e-06	-7.712583e-10	-8.610077e-10	-6.232982e+00	-1.060751e+02
2.050000e-06	-7.425445e-10	-8.516722e-10	-6.000930e+00	-1.041757e+02
2.060000e-06	-7.137955e-10	-8.450062e-10	-5.768592e+00	-1.022642e+02
2.070000e-06	-6.850132e-10	-8.371746e-10	-5.535986e+00	-1.003382e+02
2.080000e-06	-6.561930e-10	-8.235505e-10	-5.303074e+00	-9.839655e+01
2.090000e-06	-6.273157e-10	-8.022055e-10	-5.069700e+00	-9.643942e+01
2.100000e-06	-5.984116e-10	-7.749058e-10	-4.836111e+00	-9.446806e+01
2.110000e-06	-5.695060e-10	-7.470406e-10	-4.602509e+00	-9.248461e+01
2.120000e-06	-5.405785e-10	-7.265342e-10	-4.368729e+00	-9.049166e+01
2.130000e-06	-5.116293e-10	-7.144000e-10	-4.134775e+00	-8.849197e+01
2.140000e-06	-4.826433e-10	-7.083003e-10	-3.900522e+00	-8.648806e+01
2.150000e-06	-4.536149e-10	-7.031331e-10	-3.665927e+00	-8.448196e+01
2.160000e-06	-4.245819e-10	-6.924804e-10	-3.431295e+00	-8.247506e+01
2.170000e-06	-3.955553e-10	-6.739698e-10	-3.196715e+00	-8.046802e+01
2.180000e-06	-3.664951e-10	-6.486189e-10	-2.961863e+00	-7.846085e+01
2.190000e-06	-3.373724e-10	-6.216408e-10	-2.726507e+00	-7.645300e+01
2.200000e-06	-3.082124e-10	-5.995191e-10	-2.490848e+00	-7.444357e+01
2.210000e-06	-2.790516e-10	-5.840413e-10	-2.255183e+00	-7.243146e+01
2.220000e-06	-2.498818e-10	-5.721748e-10	-2.019446e+00	-7.041554e+01
2.230000e-06	-2.206932e-10	-5.598874e-10	-1.783557e+00	-6.839478e+01
2.240000e-06	-1.914824e-10	-5.451889e-10	-1.547488e+00	-6.636829e+01
2.250000e-06	-1.622596e-10	-5.277542e-10	-1.311322e+00	-6.433527e+01
2.260000e-06	-1.330581e-10	-5.081135e-10	-1.075328e+00	-6.229503e+01
2.270000e-06	-1.038496e-10	-4.867659e-10	-8.392768e-01	-6.024682e+01
2.280000e-06	-7.462148e-11	-4.654989e-10	-6.030680e-01	-5.818981e+01
2.290000e-06	-4.540241e-11	-4.465063e-10	-3.669321e-01	-5.612299e+01
2.300000e-06	-1.620263e-11	-4.288662e-10	-1.309520e-01	-5.404519e+01
2.310000e-06	1.300179e-11	-4.114280e-10	1.050654e-01	-5.195507e+01
2.320000e-06	4.221787e-11	-3.933625e-10	3.411767e-01	-4.985128e+01
2.330000e-06	7.143214e-11	-3.749390e-10	5.772733e-01	-4.773253e+01
2.340000e-06	1.006462e-10	-3.579262e-10	8.133687e-01	-4.559776e+01
2.350000e-06	1.298473e-10	-3.417724e-10	1.049359e+00	-4.344630e+01
2.360000e-06	1.590359e-10	-3.243413e-10	1.285248e+00	-4.127792e+01
2.370000e-06	1.882180e-10	-3.048330e-10	1.521086e+00	-3.909296e+01
2.380000e-06	2.173852e-10	-2.859452e-10	1.756802e+00	-3.689222e+01
2.390000e-06	2.465409e-10	-2.673204e-10	1.992425e+00	-3.467696e+01
2.400000e-06	2.756824e-10	-2.476360e-10	2.227935e+00	-3.244868e+01
2.410000e-06	3.047998e-10	-2.271685e-10	2.463249e+00	-3.020902e+01
2.420000e-06	3.339115e-10	-2.068241e-10	2.698517e+00	-2.795953e+01
2.430000e-06	3.630231e-10	-1.884203e-10	2.933783e+00	-2.570155e+01
2.440000e-06	3.921102e-10	-1.715228e-10	3.168853e+00	-2.343610e+01
2.450000e-06	4.211476e-10	-1.563145e-10	3.403520e+00	-2.116384e+01
2.460000e-06	4.501784e-10	-1.422190e-10	3.638135e+00	-1.888508e+01
2.470000e-06	4.792225e-10	-1.272135e-10	3.872856e+00	-1.659994e+01
2.480000e-06	5.082456e-10	-1.107079e-10	4.107408e+00	-1.430842e+01
2.490000e-06	5.372179e-10	-9.247664e-11	4.341550e+00	-1.201059e+01
2.500000e-06	5.661260e-10	-7.101661e-11	4.575173e+00	-9.706694e+00
2.510000e-06	5.950130e-10	-4.747224e-11	4.808624e+00	-7.397272e+00
2.520000e-06	6.238829e-10	-2.616857e-11	5.041938e+00	-5.083133e+00
2.530000e-06	6.527054e-10	-6.949588e-12	5.274869e+00	-2.765310e+00
2.540000e-06	6.814896e-10	1.174197e-11	5.507490e+00	-4.449228e-01
2.550000e-06	7.102440e-10	2.826265e-11	5.739871e+00	1.877018e+00
2.560000e-06	7.389509e-10	4.146340e-11	5.971868e+00	4.199815e+00
2.570000e-06	7.675938e-10	5.385786e-11	6.203348e+00	6.523278e+00
2.580000e-06	7.961961e-10	6.968285e-11	6.434499e+00	8.847857e+00
2.590000e-06	8.247754e-10	9.039464e-11	6.665464e+00	1.117469e+01
2.600000e-06	8.533154e-10	1.138190e-10	6.896112e+00	1.350553e+01
2.610000e-06	8.818114e-10	1.339630e-10	7.126404e+00	1.584257e+01
2.620000e-06	9.102516e-10	1.492433e-10	7.356245e+00	1.818819e+01
2.630000e-06	9.386488e-10	1.635600e-10	7.585739e+00	2.054460e+01
2.640000e-06	9.670283e-10	1.793805e-10	7.815091e+00	2.291350e+01
2.650000e-06	9.953536e-10	1.978570e-10	8.044003e+00	2.529576e+01
2.660000e-06	1.023626e-09	2.181020e-10	8.272485e+00	2.769120e+01
2.670000e-06	1.051861e-09	2.399524e-10	8.500670e+00	3.009852e+01
2.680000e-06	1.080058e-09	2.637485e-10	8.728548e+00	3.251530e+01
2.690000e-06	1.108227e-09	2.876088e-10	8.956193e+00	3.493828e+01
2.700000e-06	1.136352e-09	3.074277e-10	9.183492e+00	3.736364e+01
2.710000e-06	1.164424e-09	3.235430e-10	9.410359e+00	3.978749e+01
2.720000e-06	1.192466e-09	3.402138e-10	9.636979e+00	4.220633e+01
2.730000e-06	1.220483e-09	3.591421e-10	9.863399e+00	4.461749e+01
2.740000e-06	1.248466e-09	3.788051e-10	1.008955e+01	4.701947e+01
2.750000e-06	1.276427e-09	3.962466e-10	1.031552e+01	4.941214e+01
2.760000e-06	1.304362e-09	4.136685e-10	1.054127e+01	5.179679e+01
2.770000e-06	1.332255e-09	4.344778e-10	1.076670e+01	5.417592e+01
2.780000e-06	1.360119e-09	4.586436e-10	1.099188e+01	5.655292e+01
2.790000e-06	1.387965e-09	4.823137e-10	1.121692e+01	5.893162e+01
2.800000e-06	1.415787e-09	5.036013e-10	1.144176e+01	6.131572e+01
2.810000e-06	1.443591e-09	5.249940e-10	1.166646e+01	6.370834e+01
2.820000e-06	1.471363e-09	5.468528e-10	1.189091e+01	6.611150e+01
2.830000e-06	1.499111e-09	5.681085e-10	1.211516e+01	6.852590e+01
2.840000e-06	1.526850e-09	5.887614e-10	1.233933e+01	7.095081e+01
2.850000e-06	1.554551e-09	6.090389e-10	1.256320e+01	7.338410e+01
2.860000e-06	1.582201e-09	6.284751e-10	1.278665e+01	7.582260e+01
2.870000e-06	1.609799e-09	6.480014e-10	1.300969e+01	7.826251e+01
2.880000e-06	1.637361e-09	6.689107e-10	1.323243e+01	8.069989e+01
2.890000e-06	1.664861e-09	6.902814e-10	1.345468e+01	8.313121e+01
2.900000e-06	1.692281e-09	7.131582e-10	1.367627e+01	8.555381e+01
2.910000e-06	1.719644e-09	7.392232e-10	1.389741e+01	8.796625e+01
2.920000e-06	1.746931e-09	7.664918e-10	1.411793e+01	9.036845e+01
2.930000e-06	1.774106e-09	7.912664e-10	1.433755e+01	9.276165e+01
2.940000e-06	1.801157e-09	8.128175e-10	1.455616e+01	9.514821e+01
2.950000e-06	1.828065e-09	8.320251e-10	1.477362e+01	9.753120e+01
2.960000e-06	1.854835e-09	8.498981e-10	1.498996e+01	9.991397e+01
2.970000e-06	1.881481e-09	8.685864e-10	1.520530e+01	1.022996e+02
2.980000e-06	1.907991e-09	8.884200e-10	1.541954e+01	1.046904e+02
2.990000e-06	1.934332e-09	9.098142e-10	1.563242e+01	1.070878e+02
3.000000e-06	1.960503e-09	9.338463e-10	1.584392e+01	1.094919e+02
3.010000e-06	1.986509e-09	9.581433e-10	1.605409e+01	1.119014e+02
3.020000e-06	2.012346e-09	9.796300e-10	1.626289e+01	1.143142e+02
3.030000e-06	2.038010e-09	9.999720e-10	1.647030e+01	1.167272e+02
3.040000e-06	2.063482e-09	1.020485e-09	1.667615e+01	1.191371e+02
3.050000e-06	2.088797e-09	1.041418e-09	1.688074e+01	1.215405e+02
3.060000e-06	2.113961e-09	1.063486e-09	1.708410e+01	1.239346e+02
3.070000e-06	2.138976e-09	1.087163e-09	1.728626e+01	1.263172e+02
3.080000e-06	2.163852e-09	1.111090e-09	1.748730e+01	1.286870e+02
3.090000e-06	2.188581e-09	1.131571e-09	1.768714e+01	1.310438e+02
3.100000e-06	2.213167e-09	1.148531e-09	1.788584e+01	1.333881e+02
3.110000e-06	2.237609e-09	1.163833e-09	1.808337e+01	1.357207e+02
3.120000e-06	2.261932e-09	1.179180e-09	1.827994e+01	1.380430e+02
3.130000e-06	2.286161e-09	1.197343e-09	1.847575e+01	1.403560e+02
3.140000e-06	2.310322e-09	1.219964e-09	1.867101e+01	1.426602e+02
3.150000e-06	2.334414e-09	1.243774e-09	1.886570e+01	1.449557e+02
3.160000e-06	2.358429e-09	1.264019e-09	1.905978e+01	1.472418e+02
3.170000e-06	2.382365e-09	1.279422e-09	1.925323e+01	1.495171e+02
3.180000e-06	2.406226e-09	1.292389e-09	1.944606e+01	1.517796e+02
3.190000e-06	2.430038e-09	1.307337e-09	1.963850e+01	1.540273e+02
3.200000e-06	2.453787e-09	1.325456e-09	1.983043e+01	1.562581e+02
3.210000e-06	2.477457e-09	1.346208e-09	2.002171e+01	1.584705e+02
3.220000e-06	2.501059e-09	1.368800e-09	2.021246e+01	1.606633e+02
3.230000e-06	2.524574e-09	1.390604e-09	2.040250e+01	1.628362e+02
3.240000e-06	2.547990e-09	1.408375e-09	2.059173e+01	1.649897e+02
3.250000e-06	2.571310e-09	1.422021e-09	2.078020e+01	1.671249e+02
3.260000e-06	2.594511e-09	1.433289e-09	2.096769e+01	1.692434e+02
3.270000e-06	2.617579e-09	1.443844e-09	2.115412e+01	1.713468e+02
3.280000e-06	2.640505e-09	1.457041e-09	2.133940e+01	1.734368e+02
3.290000e-06	2.663282e-09	1.473095e-09	2.152347e+01	1.755148e+02
3.300000e-06	2.685914e-09	1.492703e-09	2.170637e+01	1.775815e+02
3.310000e-06	2.708403e-09	1.515402e-09	2.188812e+01	1.796373e+02
3.320000e-06	2.730775e-09	1.536185e-09	2.206893e+01	1.816822e+02
3.330000e-06	2.753015e-09	1.553500e-09	2.224866e+01	1.837155e+02
3.340000e-06	2.775130e-09	1.568093e-09	2.242738e+01	1.857371e+02
3.350000e-06	2.797141e-09	1.582503e-09	2.260526e+01	1.877466e+02
3.360000e-06	2.819046e-09	1.597541e-09	2.278229e+01	1.897445e+02
3.370000e-06	2.840866e-09	1.611360e-09	2.295863e+01	1.917316e+02
3.380000e-06	2.862586e-09	1.624305e-09	2.313417e+01	1.937097e+02
3.390000e-06	2.884204e-09	1.637571e-09	2.330887e+01	1.956810e+02
3.400000e-06	2.905696e-09	1.652648e-09	2.348256e+01	1.976482e+02
3.410000e-06	2.927053e-09	1.668398e-09	2.365516e+01	1.996138e+02
3.420000e-06	2.948285e-09	1.685328e-09	2.382674e+01	2.015802e+02
3.430000e-06	2.969360e-09	1.705098e-09	2.399706e+01	2.035488e+02
3.440000e-06	2.990283e-09	1.726575e-09	2.416616e+01	2.055202e+02
3.450000e-06	3.011053e-09	1.745713e-09	2.433401e+01	2.074935e+02
3.460000e-06	3.031679e-09	1.759991e-09	2.450070e+01	2.094669e+02
3.470000e-06	3.052169e-09	1.773115e-09	2.466629e+01	2.114372e+02
3.480000e-06	3.072508e-09	1.787796e-09	2.483066e+01	2.134005e+02
3.490000e-06	3.092734e-09	1.803762e-09	2.499412e+01	2.153530e+02
3.500000e-06	3.112852e-09	1.820601e-09	2.515670e+01	2.172907e+02
3.510000e-06	3.132870e-09	1.839572e-09	2.531848e+01	2.192107e+02
3.520000e-06	3.152827e-09	1.859498e-09	2.547976e+01	2.211113e+02
3.530000e-06	3.172716e-09	1.878201e-09	2.564050e+01	2.229921e+02
3.540000e-06	3.192533e-09	1.894704e-09	2.580066e+01	2.248544e+02
3.550000e-06	3.212300e-09	1.908554e-09	2.596040e+01	2.267006e+02
3.560000e-06	3.232017e-09	1.922135e-09	2.611975e+01	2.285343e+02
3.570000e-06	3.251650e-09	1.937440e-09	2.627841e+01	2.303591e+02
3.580000e-06	3.271163e-09	1.954151e-09	2.643611e+01	2.321785e+02
3.590000e-06	3.290559e-09	1.970450e-09	2.659286e+01	2.339953e+02
3.600000e-06	3.309794e-09	1.985661e-09	2.674830e+01	2.358104e+02
3.610000e-06	3.328834e-09	2.000322e-09	2.690218e+01	2.376235e+02
3.620000e-06	3.347726e-09	2.015524e-09	2.705485e+01	2.394320e+02
3.630000e-06	3.366445e-09	2.032329e-09	2.720614e+01	2.412321e+02
3.640000e-06	3.384926e-09	2.050170e-09	2.735549e+01	2.430185e+02
3.650000e-06	3.403191e-09	2.067519e-09	2.750310e+01	2.447855e+02
3.660000e-06	3.421292e-09	2.082293e-09	2.764938e+01	2.465275e+02
3.670000e-06	3.439220e-09	2.092645e-09	2.779427e+01	2.482400e+02
3.680000e-06	3.456965e-09	2.099601e-09	2.793768e+01	2.499199e+02
3.690000e-06	3.474568e-09	2.107788e-09	2.807994e+01	2.515662e+02
3.700000e-06	3.492048e-09	2.120777e-09	2.822120e+01	2.531801e+02
3.710000e-06	3.509402e-09	2.137799e-09	2.836145e+01	2.547648e+02
3.720000e-06	3.526636e-09	2.156494e-09	2.850073e+01	2.563252e+02
3.730000e-06	3.543747e-09	2.174643e-09	2.863901e+01	2.578669e+02
3.740000e-06	3.560750e-09	2.190356e-09	2.877643e+01	2.593961e+02
3.750000e-06	3.577631e-09	2.203006e-09	2.891285e+01	2.609180e+02
3.760000e-06	3.594384e-09	2.212360e-09	2.904824e+01	2.624364e+02
3.770000e-06	3.610986e-09	2.219079e-09	2.918241e+01	2.639532e+02
3.780000e-06	3.627388e-09	2.224633e-09	2.931496e+01	2.654679e+02
3.790000e-06	3.643612e-09	2.231219e-09	2.944607e+01	2.669780e+02
3.800000e-06	3.659631e-09	2.241993e-09	2.957553e+01	2.684788e+02
3.810000e-06	3.675430e-09	2.257910e-09	2.970322e+01	2.699644e+02
3.820000e-06	3.691022e-09	2.276347e-09	2.982923e+01	2.714284e+02
3.830000e-06	3.706383e-09	2.293351e-09	2.995337e+01	2.728646e+02
3.840000e-06	3.721497e-09	2.307120e-09	3.007551e+01	2.742680e+02
3.850000e-06	3.736368e-09	2.317647e-09	3.019569e+01	2.756354e+02
3.860000e-06	3.751019e-09	2.323320e-09	3.031409e+01	2.769658e+02
3.870000e-06	3.765476e-09	2.324183e-09	3.043093e+01	2.782601e+02
3.880000e-06	3.779759e-09	2.325853e-09	3.054636e+01	2.795214e+02
3.890000e-06	3.793851e-09	2.333674e-09	3.066024e+01	2.807543e+02
3.900000e-06	3.807764e-09	2.347325e-09	3.077268e+01	2.819641e+02
3.910000e-06	3.821508e-09	2.362684e-09	3.088375e+01	2.831560e+02
3.920000e-06	3.835079e-09	2.376128e-09	3.099343e+01	2.843346e+02
3.930000e-06	3.848497e-09	2.386158e-09	3.110187e+01	2.855029e+02
3.940000e-06	3.861739e-09	2.393663e-09	3.120888e+01	2.866622e+02
3.950000e-06	3.874774e-09	2.399513e-09	3.131423e+01	2.878118e+02
3.960000e-06	3.887603e-09	2.403364e-09	3.141790e+01	2.889493e+02
3.970000e-06	3.900246e-09	2.407836e-09	3.152008e+01	2.900711e+02
3.980000e-06	3.912692e-09	2.416606e-09	3.162067e+01	2.911727e+02
3.990000e-06	3.924941e-09	2.429110e-09	3.171966e+01	2.922499e+02
4.000000e-06	3.937029e-09	2.441830e-09	3.181735e+01	2.932992e+02
4.010000e-06	3.948982e-09	2.452485e-09	3.191394e+01	2.943185e+02
4.020000e-06	3.960803e-09	2.461127e-09	3.200948e+01	2.953073e+02
4.030000e-06	3.972472e-09	2.469489e-09	3.210378e+01	2.962672e+02
4.040000e-06	3.983956e-09	2.476614e-09	3.219659e+01	2.972012e+02
4.050000e-06	3.995228e-09	2.479673e-09	3.228769e+01	2.981136e+02
4.060000e-06	4.006284e-09	2.481097e-09	3.237703e+01	2.990096e+02
4.070000e-06	4.017102e-09	2.483730e-09	3.246446e+01	2.998940e+02
4.080000e-06	4.027643e-09	2.489379e-09	3.254965e+01	3.007710e+02
4.090000e-06	4.037876e-09	2.497903e-09	3.263235e+01	3.016439e+02
4.100000e-06	4.047783e-09	2.507113e-09	3.271241e+01	3.025139e+02
4.110000e-06	4.057355e-09	2.515636e-09	3.278977e+01	3.033809e+02
4.120000e-06	4.066597e-09	2.523342e-09	3.286446e+01	3.042432e+02
4.130000e-06	4.075555e-09	2.531973e-09	3.293685e+01	3.050981e+02
4.140000e-06	4.084268e-09	2.539471e-09	3.300726e+01	3.059422e+02
4.150000e-06	4.092751e-09	2.546069e-09	3.307582e+01	3.067723e+02
4.160000e-06	4.101043e-09	2.552678e-09	3.314284e+01	3.075861e+02
4.170000e-06	4.109182e-09	2.558972e-09	3.320861e+01	3.083823e+02
4.180000e-06	4.117192e-09	2.564578e-09	3.327335e+01	3.091609e+02
4.190000e-06	4.125094e-09	2.567851e-09	3.333721e+01	3.099235e+02
4.200000e-06	4.132901e-09	2.572501e-09	3.340030e+01	3.106729e+02
4.210000e-06	4.140612e-09	2.580744e-09	3.346262e+01	3.114124e+02
4.220000e-06	4.148205e-09	2.592075e-09	3.352398e+01	3.121456e+02
4.230000e-06	4.155647e-09	2.603888e-09	3.358412e+01	3.128751e+02
4.240000e-06	4.162935e-09	2.614255e-09	3.364302e+01	3.136026e+02
4.250000e-06	4.170053e-09	2.622582e-09	3.370055e+01	3.143279e+02
4.260000e-06	4.176952e-09	2.628836e-09	3.375630e+01	3.150488e+02
4.270000e-06	4.183624e-09	2.634461e-09	3.381022e+01	3.157612e+02
4.280000e-06	4.190077e-09	2.638096e-09	3.386237e+01	3.164596e+02
4.290000e-06	4.196350e-09	2.641647e-09	3.391307e+01	3.171372e+02
4.300000e-06	4.202455e-09	2.647148e-09	3.396241e+01	3.177872e+02
4.310000e-06	4.208377e-09	2.654577e-09	3.401027e+01	3.184031e+02
4.320000e-06	4.214125e-09	2.663193e-09	3.405672e+01	3.189801e+02
4.330000e-06	4.219696e-09	2.670388e-09	3.410174e+01	3.195151e+02
4.340000e-06	4.225077e-09	2.675361e-09	3.414523e+01	3.200074e+02
4.350000e-06	4.230271e-09	2.678360e-09	3.418720e+01	3.204589e+02
4.360000e-06	4.235267e-09	2.682828e-09	3.422758e+01	3.208738e+02
4.370000e-06	4.240057e-09	2.687533e-09	3.426629e+01	3.212580e+02
4.380000e-06	4.244621e-09	2.690759e-09	3.430318e+01	3.216186e+02
4.390000e-06	4.248986e-09	2.694599e-09	3.433845e+01	3.219627e+02
4.400000e-06	4.253212e-09	2.698151e-09	3.437260e+01	3.222972e+02
4.410000e-06	4.257304e-09	2.703624e-09	3.440567e+01	3.226276e+02
4.420000e-06	4.261272e-09	2.707568e-09	3.443774e+01	3.229572e+02
4.430000e-06	4.265145e-09	2.711514e-09	3.446904e+01	3.232875e+02
4.440000e-06	4.268933e-09	2.716850e-09	3.449965e+01	3.236177e+02
4.450000e-06	4.272611e-09	2.721096e-09	3.452937e+01	3.239450e+02
4.460000e-06	4.276157e-09	2.724450e-09	3.455804e+01	3.242651e+02
4.470000e-06	4.279550e-09	2.722807e-09	3.458546e+01	3.245730e+02
4.480000e-06	4.282774e-09	2.721438e-09	3.461151e+01	3.248634e+02
4.490000e-06	4.285770e-09	2.722710e-09	3.463572e+01	3.251317e+02
4.500000e-06	4.288466e-09	2.726633e-09	3.465751e+01	3.253743e+02
4.510000e-06	4.290859e-09	2.732782e-09	3.467685e+01	3.255893e+02
4.520000e-06	4.292917e-09	2.738380e-09	3.469348e+01	3.257763e+02
4.530000e-06	4.294639e-09	2.744502e-09	3.470739e+01	3.259368e+02
4.540000e-06	4.296051e-09	2.746795e-09	3.471880e+01	3.260734e+02
4.550000e-06	4.297151e-09	2.745510e-09	3.472769e+01	3.261902e+02
4.560000e-06	4.297960e-09	2.742381e-09	3.473423e+01	3.262915e+02
4.570000e-06	4.298528e-09	2.740767e-09	3.473883e+01	3.263820e+02
4.580000e-06	4.298881e-09	2.743433e-09	3.474168e+01	3.264659e+02
4.590000e-06	4.299060e-09	2.747908e-09	3.474313e+01	3.265471e+02
4.600000e-06	4.299112e-09	2.753480e-09	3.474354e+01	3.266282e+02
4.610000e-06	4.299042e-09	2.755802e-09	3.474298e+01	3.267111e+02
4.620000e-06	4.298864e-09	2.756291e-09	3.474154e+01	3.267967e+02
4.630000e-06	4.298579e-09	2.754217e-09	3.473924e+01	3.268850e+02
4.640000e-06	4.298177e-09	2.749241e-09	3.473599e+01	3.269752e+02
4.650000e-06	4.297657e-09	2.743324e-09	3.473179e+01	3.270660e+02
4.660000e-06	4.296973e-09	2.737269e-09	3.472625e+01	3.271555e+02
4.670000e-06	4.296076e-09	2.740314e-09	3.471901e+01	3.272413e+02
4.680000e-06	4.294966e-09	2.751650e-09	3.471004e+01	3.273207e+02
4.690000e-06	4.293647e-09	2.758196e-09	3.469938e+01	3.273905e+02
4.700000e-06	4.292102e-09	2.763931e-09	3.468690e+01	3.274473e+02
4.710000e-06	4.290312e-09	2.753595e-09	3.467243e+01	3.274869e+02
4.720000e-06	4.288330e-09	2.739407e-09	3.465641e+01	3.275053e+02
4.730000e-06	4.286187e-09	2.789083e-09	3.463909e+01	3.274980e+02
4.740000e-06	4.283863e-09	2.796287e-09	3.462031e+01	3.274607e+02
4.750000e-06	4.281355e-09	2.707827e-09	3.460005e+01	3.273895e+02
4.760000e-06	4.278678e-09	2.696895e-09	3.457841e+01	3.272812e+02
4.770000e-06	4.275848e-09	2.764765e-09	3.455553e+01	3.271338e+02
4.780000e-06	4.272846e-09	2.781834e-09	3.453127e+01	3.269464e+02
4.790000e-06	4.269643e-09	2.685052e-09	3.450539e+01	3.267199e+02
4.800000e-06	4.266248e-09	2.679315e-09	3.447795e+01	3.264565e+02
4.810000e-06	4.262675e-09	2.789036e-09	3.444908e+01	3.261601e+02
4.820000e-06	4.258934e-09	2.784904e-09	3.441884e+01	3.258357e+02
4.830000e-06	4.255048e-09	2.678339e-09	3.438744e+01	3.254890e+02
4.840000e-06	4.251040e-09	2.661783e-09	3.435505e+01	3.251263e+02
4.850000e-06	4.246933e-09	2.772588e-09	3.432186e+01	3.247532e+02
4.860000e-06	4.242740e-09	2.770432e-09	3.428797e+01	3.243748e+02
4.870000e-06	4.238440e-09	2.674976e-09	3.425322e+01	3.239949e+02
4.880000e-06	4.234005e-09	2.702513e-09	3.421738e+01	3.236159e+02
4.890000e-06	4.229399e-09	2.787331e-09	3.418015e+01	3.232384e+02
4.900000e-06	4.224566e-09	2.745869e-09	3.414110e+01	3.228615e+02
4.910000e-06	4.219483e-09	2.656843e-09	3.410002e+01	3.224833e+02
4.920000e-06	4.214166e-09	2.700888e-09	3.405705e+01	3.221005e+02
4.930000e-06	4.208548e-09	2.746009e-09	3.401165e+01	3.217099e+02
4.940000e-06	4.202537e-09	2.688005e-09	3.396307e+01	3.213078e+02
4.950000e-06	4.196181e-09	2.687299e-09	3.391170e+01	3.208913e+02
4.960000e-06	4.189515e-09	2.755038e-09	3.385783e+01	3.204580e+02
4.970000e-06	4.182500e-09	2.731119e-09	3.380114e+01	3.200067e+02
4.980000e-06	4.175192e-09	2.653976e-09	3.374208e+01	3.195367e+02
4.990000e-06	4.167659e-09	2.699826e-09	3.368120e+01	3.190485e+02
5.000000e-06	4.159935e-09	2.727589e-09	3.361878e+01	3.185429e+02
5.010000e-06	4.152064e-09	2.647607e-09	3.355517e+01	3.180210e+02
5.020000e-06	4.144078e-09	2.640571e-09	3.349064e+01	3.174838e+02
5.030000e-06	4.135997e-09	2.716270e-09	3.342533e+01	3.169322e+02
5.040000e-06	4.127817e-09	2.697897e-09	3.335922e+01	3.163664e+02
5.050000e-06	4.119524e-09	2.641772e-09	3.329220e+01	3.157862e+02
5.060000e-06	4.111115e-09	2.683723e-09	3.322424e+01	3.151912e+02
5.070000e-06	4.102575e-09	2.694034e-09	3.315523e+01	3.145807e+02
5.080000e-06	4.093873e-09	2.650242e-09	3.308489e+01	3.139540e+02
5.090000e-06	4.084980e-09	2.656152e-09	3.301303e+01	3.133110e+02
5.100000e-06	4.075878e-09	2.665324e-09	3.293947e+01	3.126523e+02
5.110000e-06	4.066559e-09	2.627364e-09	3.286416e+01	3.119792e+02
5.120000e-06	4.057031e-09	2.629529e-09	3.278715e+01	3.112939e+02
5.130000e-06	4.047328e-09	2.655947e-09	3.270875e+01	3.105993e+02
5.140000e-06	4.037454e-09	2.620199e-09	3.262894e+01	3.098987e+02
5.150000e-06	4.027408e-09	2.606075e-09	3.254776e+01	3.091957e+02
5.160000e-06	4.017206e-09	2.626510e-09	3.246531e+01	3.084934e+02
5.170000e-06	4.006839e-09	2.614368e-09	3.238152e+01	3.077943e+02
5.180000e-06	3.996297e-09	2.598066e-09	3.229633e+01	3.070995e+02
5.190000e-06	3.985581e-09	2.601315e-09	3.220973e+01	3.064092e+02
5.200000e-06	3.974670e-09	2.590538e-09	3.212155e+01	3.057218e+02
5.210000e-06	3.963551e-09	2.580489e-09	3.203169e+01	3.050347e+02
5.220000e-06	3.952228e-09	2.589852e-09	3.194019e+01	3.043442e+02
5.230000e-06	3.940707e-09	2.570090e-09	3.184708e+01	3.036461e+02
5.240000e-06	3.929011e-09	2.557062e-09	3.175256e+01	3.029361e+02
5.250000e-06	3.917133e-09	2.565861e-09	3.165656e+01	3.022103e+02
5.260000e-06	3.905076e-09	2.553332e-09	3.155912e+01	3.014656e+02
5.270000e-06	3.892867e-09	2.541992e-09	3.146045e+01	3.007003e+02
5.280000e-06	3.880519e-09	2.544208e-09	3.136067e+01	2.999135e+02
5.290000e-06	3.867999e-09	2.535138e-09	3.125948e+01	2.991058e+02
5.300000e-06	3.855244e-09	2.524041e-09	3.115640e+01	2.982789e+02
5.310000e-06	3.842247e-09	2.528587e-09	3.105137e+01	2.974348e+02
5.320000e-06	3.828998e-09	2.512281e-09	3.094429e+01	2.965759e+02
5.330000e-06	3.815442e-09	2.494403e-09	3.083474e+01	2.957043e+02
5.340000e-06	3.801576e-09	2.495725e-09	3.072268e+01	2.948213e+02
5.350000e-06	3.787417e-09	2.487645e-09	3.060826e+01	2.939276e+02
5.360000e-06	3.772944e-09	2.479901e-09	3.049129e+01	2.930228e+02
5.370000e-06	3.758130e-09	2.479284e-09	3.037158e+01	2.921057e+02
5.380000e-06	3.743001e-09	2.475339e-09	3.024931e+01	2.911746e+02
5.390000e-06	3.727625e-09	2.465595e-09	3.012504e+01	2.902276e+02
5.400000e-06	3.712058e-09	2.459204e-09	2.999924e+01	2.892632e+02
5.410000e-06	3.696337e-09	2.444427e-09	2.987219e+01	2.882807e+02
5.420000e-06	3.680481e-09	2.429387e-09	2.974405e+01	2.872803e+02
5.430000e-06	3.664501e-09	2.426226e-09	2.961491e+01	2.862639e+02
5.440000e-06	3.648416e-09	2.423079e-09	2.948491e+01	2.852344e+02
5.450000e-06	3.632254e-09	2.422330e-09	2.935430e+01	2.841960e+02
5.460000e-06	3.616021e-09	2.416017e-09	2.922311e+01	2.831538e+02
5.470000e-06	3.599704e-09	2.408077e-09	2.909125e+01	2.821127e+02
5.480000e-06	3.583280e-09	2.400392e-09	2.895851e+01	2.810778e+02
5.490000e-06	3.566721e-09	2.390045e-09	2.882469e+01	2.800525e+02
5.500000e-06	3.550014e-09	2.377096e-09	2.868967e+01	2.790394e+02
5.510000e-06	3.533153e-09	2.365224e-09	2.855341e+01	2.780387e+02
5.520000e-06	3.516122e-09	2.359728e-09	2.841577e+01	2.770489e+02
5.530000e-06	3.498873e-09	2.356075e-09	2.827637e+01	2.760665e+02
5.540000e-06	3.481424e-09	2.357134e-09	2.813536e+01	2.750865e+02
5.550000e-06	3.463814e-09	2.353947e-09	2.799304e+01	2.741029e+02
5.560000e-06	3.446040e-09	2.348967e-09	2.784940e+01	2.731092e+02
5.570000e-06	3.428121e-09	2.344325e-09	2.770459e+01	2.720990e+02
5.580000e-06	3.410083e-09	2.334636e-09	2.755881e+01	2.710669e+02
5.590000e-06	3.391931e-09	2.323629e-09	2.741211e+01	2.700089e+02
5.600000e-06	3.373662e-09	2.310991e-09	2.726447e+01	2.689226e+02
5.610000e-06	3.355259e-09	2.302749e-09	2.711574e+01	2.678072e+02
5.620000e-06	3.336719e-09	2.296741e-09	2.696592e+01	2.666639e+02
5.630000e-06	3.318036e-09	2.291498e-09	2.681493e+01	2.654951e+02
5.640000e-06	3.299201e-09	2.286193e-09	2.666271e+01	2.643041e+02
5.650000e-06	3.280212e-09	2.278392e-09	2.650925e+01	2.630949e+02
5.660000e-06	3.261064e-09	2.270715e-09	2.635450e+01	2.618714e+02
5.670000e-06	3.241773e-09	2.262925e-09	2.619860e+01	2.606371e+02
5.680000e-06	3.222324e-09	2.253989e-09	2.604143e+01	2.593950e+02
5.690000e-06	3.202724e-09	2.242396e-09	2.588303e+01	2.581469e+02
5.700000e-06	3.182991e-09	2.230600e-09	2.572355e+01	2.568941e+02
5.710000e-06	3.163151e-09	2.217393e-09	2.556321e+01	2.556372e+02
5.720000e-06	3.143218e-09	2.203391e-09	2.540213e+01	2.543763e+02
5.730000e-06	3.123198e-09	2.190410e-09	2.524033e+01	2.531114e+02
5.740000e-06	3.103108e-09	2.181913e-09	2.507797e+01	2.518427e+02
5.750000e-06	3.082959e-09	2.179376e-09	2.491514e+01	2.505705e+02
5.760000e-06	3.062750e-09	2.176471e-09	2.475181e+01	2.492957e+02
5.770000e-06	3.042483e-09	2.170694e-09	2.458803e+01	2.480198e+02
5.780000e-06	3.022143e-09	2.157744e-09	2.442364e+01	2.467442e+02
5.790000e-06	3.001693e-09	2.137929e-09	2.425838e+01	2.454708e+02
5.800000e-06	2.981113e-09	2.115556e-09	2.409206e+01	2.442010e+02
5.810000e-06	2.960377e-09	2.097313e-09	2.392448e+01	2.429360e+02
5.820000e-06	2.939482e-09	2.086323e-09	2.375562e+01	2.416759e+02
5.830000e-06	2.918399e-09	2.080911e-09	2.358523e+01	2.404205e+02
5.840000e-06	2.897091e-09	2.080143e-09	2.341303e+01	2.391681e+02
5.850000e-06	2.875576e-09	2.077990e-09	2.323916e+01	2.379167e+02
5.860000e-06	2.853829e-09	2.072284e-09	2.306341e+01	2.366632e+02
5.870000e-06	2.831834e-09	2.058715e-09	2.288566e+01	2.354046e+02
5.880000e-06	2.809620e-09	2.039447e-09	2.270614e+01	2.341376e+02
5.890000e-06	2.787188e-09	2.019886e-09	2.252485e+01	2.328592e+02
5.900000e-06	2.764511e-09	2.002809e-09	2.234158e+01	2.315672e+02
5.910000e-06	2.741575e-09	1.991121e-09	2.215622e+01	2.302599e+02
5.920000e-06	2.718434e-09	1.981225e-09	2.196921e+01	2.289367e+02
5.930000e-06	2.695137e-09	1.973803e-09	2.178094e+01	2.275978e+02
5.940000e-06	2.671684e-09	1.966231e-09	2.159140e+01	2.262443e+02
5.950000e-06	2.648080e-09	1.956279e-09	2.140064e+01	2.248775e+02
5.960000e-06	2.624355e-09	1.943051e-09	2.120890e+01	2.234994e+02
5.970000e-06	2.600540e-09	1.927663e-09	2.101644e+01	2.221119e+02
5.980000e-06	2.576646e-09	1.912935e-09	2.082334e+01	2.207167e+02
5.990000e-06	2.552683e-09	1.898689e-09	2.062968e+01	2.193151e+02
6.000000e-06	2.528641e-09	1.885937e-09	2.043538e+01	2.179081e+02
6.010000e-06	2.504530e-09	1.872473e-09	2.024053e+01	2.164963e+02
6.020000e-06	2.480368e-09	1.860879e-09	2.004526e+01	2.150798e+02
6.030000e-06	2.456150e-09	1.851990e-09	1.984955e+01	2.136585e+02
6.040000e-06	2.431893e-09	1.841746e-09	1.965351e+01	2.122321e+02
6.050000e-06	2.407590e-09	1.828004e-09	1.945710e+01	2.108003e+02
6.060000e-06	2.383217e-09	1.813022e-09	1.926013e+01	2.093628e+02
6.070000e-06	2.358764e-09	1.800485e-09	1.906251e+01	2.079196e+02
6.080000e-06	2.334225e-09	1.789370e-09	1.886420e+01	2.064706e+02
6.090000e-06	2.309594e-09	1.777709e-09	1.866514e+01	2.050157e+02
6.100000e-06	2.284866e-09	1.764125e-09	1.846530e+01	2.035550e+02
6.110000e-06	2.260046e-09	1.751348e-09	1.826472e+01	2.020883e+02
6.120000e-06	2.235125e-09	1.738778e-09	1.806331e+01	2.006152e+02
6.130000e-06	2.210079e-09	1.724455e-09	1.786091e+01	1.991352e+02
6.140000e-06	2.184911e-09	1.711301e-09	1.765751e+01	1.976476e+02
6.150000e-06	2.159624e-09	1.702379e-09	1.745315e+01	1.961515e+02
6.160000e-06	2.134237e-09	1.697490e-09	1.724798e+01	1.946460e+02
6.170000e-06	2.108750e-09	1.691401e-09	1.704201e+01	1.931306e+02
6.180000e-06	2.083136e-09	1.680647e-09	1.683501e+01	1.916047e+02
6.190000e-06	2.057423e-09	1.664503e-09	1.662721e+01	1.900685e+02
6.200000e-06	2.031624e-09	1.645893e-09	1.641871e+01	1.885221e+02
6.210000e-06	2.005734e-09	1.627809e-09	1.620948e+01	1.869664e+02
6.220000e-06	1.979771e-09	1.611321e-09	1.599966e+01	1.854023e+02
6.230000e-06	1.953714e-09	1.598996e-09	1.578908e+01	1.838307e+02
6.240000e-06	1.927571e-09	1.590850e-09	1.557780e+01	1.822525e+02
6.250000e-06	1.901361e-09	1.584295e-09	1.536598e+01	1.806681e+02
6.260000e-06	1.875073e-09	1.576945e-09	1.515353e+01	1.790772e+02
6.270000e-06	1.848730e-09	1.568317e-09	1.494064e+01	1.774787e+02
6.280000e-06	1.822342e-09	1.555741e-09	1.472739e+01	1.758710e+02
6.290000e-06	1.795868e-09	1.539303e-09	1.451343e+01	1.742516e+02
6.300000e-06	1.769304e-09	1.521366e-09	1.429875e+01	1.726178e+02
6.310000e-06	1.742661e-09	1.503173e-09	1.408344e+01	1.709668e+02
6.320000e-06	1.715933e-09	1.488114e-09	1.386743e+01	1.692960e+02
6.330000e-06	1.689099e-09	1.473525e-09	1.365058e+01	1.676035e+02
6.340000e-06	1.662163e-09	1.461301e-09	1.343289e+01	1.658888e+02
6.350000e-06	1.635149e-09	1.450740e-09	1.321457e+01	1.641523e+02
6.360000e-06	1.608035e-09	1.441692e-09	1.299545e+01	1.623959e+02
6.370000e-06	1.580837e-09	1.433693e-09	1.277565e+01	1.606230e+02
6.380000e-06	1.553552e-09	1.421950e-09	1.255514e+01	1.588375e+02
6.390000e-06	1.526164e-09	1.406168e-09	1.233380e+01	1.570443e+02
6.400000e-06	1.498696e-09	1.386557e-09	1.211182e+01	1.552481e+02
6.410000e-06	1.471169e-09	1.366164e-09	1.188936e+01	1.534532e+02
6.420000e-06	1.443588e-09	1.344457e-09	1.166646e+01	1.516627e+02
6.430000e-06	1.415923e-09	1.326107e-09	1.144288e+01	1.498782e+02
6.440000e-06	1.388190e-09	1.313646e-09	1.121875e+01	1.480998e+02
6.450000e-06	1.360418e-09	1.304997e-09	1.099431e+01	1.463257e+02
6.460000e-06	1.332590e-09	1.296489e-09	1.076942e+01	1.445525e+02
6.470000e-06	1.304706e-09	1.282325e-09	1.054408e+01	1.427758e+02
6.480000e-06	1.276790e-09	1.263829e-09	1.031847e+01	1.409904e+02
6.490000e-06	1.248850e-09	1.244163e-09	1.009267e+01	1.391914e+02
6.500000e-06	1.220884e-09	1.222809e-09	9.866663e+00	1.373743e+02
6.510000e-06	1.192898e-09	1.202510e-09	9.640494e+00	1.355361e+02
6.520000e-06	1.164889e-09	1.187202e-09	9.414134e+00	1.336753e+02
6.530000e-06	1.136848e-09	1.174916e-09	9.187517e+00	1.317924e+02
6.540000e-06	1.108773e-09	1.162093e-09	8.960625e+00	1.298897e+02
6.550000e-06	1.080668e-09	1.145744e-09	8.733497e+00	1.279710e+02
6.560000e-06	1.052552e-09	1.126092e-09	8.506277e+00	1.260413e+02
6.570000e-06	1.024419e-09	1.107602e-09	8.278918e+00	1.241062e+02
6.580000e-06	9.962661e-10	1.089759e-09	8.051396e+00	1.221712e+02
6.590000e-06	9.680876e-10	1.070775e-09	7.823669e+00	1.202409e+02
6.600000e-06	9.398912e-10	1.052815e-09	7.595797e+00	1.183188e+02
6.610000e-06	9.116955e-10	1.036222e-09	7.367932e+00	1.164068e+02
6.620000e-06	8.834845e-10	1.021319e-09	7.139943e+00	1.145050e+02
6.630000e-06	8.552493e-10	1.004956e-09	6.911758e+00	1.126118e+02
6.640000e-06	8.270001e-10	9.847087e-10	6.683460e+00	1.107241e+02
6.650000e-06	7.987232e-10	9.622484e-10	6.454938e+00	1.088381e+02
6.660000e-06	7.704229e-10	9.420305e-10	6.226227e+00	1.069492e+02
6.670000e-06	7.421216e-10	9.289533e-10	5.997508e+00	1.050532e+02
6.680000e-06	7.137964e-10	9.182832e-10	5.768596e+00	1.031462e+02
6.690000e-06	6.854283e-10	9.044902e-10	5.539337e+00	1.012255e+02
6.700000e-06	6.570473e-10	8.871025e-10	5.309973e+00	9.928946e+01
6.710000e-06	6.286682e-10	8.667914e-10	5.080626e+00	9.733785e+01
6.720000e-06	6.002740e-10	8.429399e-10	4.851156e+00	9.537151e+01
6.730000e-06	5.718652e-10	8.179650e-10	4.621569e+00	9.339229e+01
6.740000e-06	5.434481e-10	7.961759e-10	4.391914e+00	9.140265e+01
6.750000e-06	5.150085e-10	7.801606e-10	4.162077e+00	8.940531e+01
6.760000e-06	4.865333e-10	7.719419e-10	3.931953e+00	8.740286e+01
6.770000e-06	4.580303e-10	7.654393e-10	3.701604e+00	8.539753e+01
6.780000e-06	4.295219e-10	7.548188e-10	3.471211e+00	8.339092e+01
6.790000e-06	4.010034e-10	7.392417e-10	3.240737e+00	8.138394e+01
6.800000e-06	3.724509e-10	7.188424e-10	3.009988e+00	7.937683e+01
6.810000e-06	3.438698e-10	6.957427e-10	2.779008e+00	7.736921e+01
6.820000e-06	3.152831e-10	6.726835e-10	2.547983e+00	7.536032e+01
6.830000e-06	2.866926e-10	6.512709e-10	2.316928e+00	7.334912e+01
6.840000e-06	2.580856e-10	6.333578e-10	2.085738e+00	7.133451e+01
6.850000e-06	2.294620e-10	6.213849e-10	1.854415e+00	6.931544e+01
6.860000e-06	2.008254e-10	6.133227e-10	1.622987e+00	6.729098e+01
6.870000e-06	1.721863e-10	6.027717e-10	1.391538e+00	6.526032e+01
6.880000e-06	1.435481e-10	5.856934e-10	1.160097e+00	6.322275e+01
6.890000e-06	1.148916e-10	5.654723e-10	9.285082e-01	6.117754e+01
6.900000e-06	8.622882e-11	5.473557e-10	6.968679e-01	5.912389e+01
6.910000e-06	5.756825e-11	5.307123e-10	4.652461e-01	5.706084e+01
6.920000e-06	2.892575e-11	5.116213e-10	2.337704e-01	5.498725e+01
6.930000e-06	3.075438e-13	4.914774e-10	2.490778e-03	5.290181e+01
6.940000e-06	-2.832770e-11	4.745118e-10	-2.289266e-01	5.080314e+01
6.950000e-06	-5.698482e-11	4.623603e-10	-4.605206e-01	4.868989e+01
6.960000e-06	-8.563893e-11	4.505872e-10	-6.920903e-01	4.656090e+01
6.970000e-06	-1.142910e-10	4.351000e-10	-9.236431e-01	4.441534e+01
6.980000e-06	-1.429390e-10	4.170819e-10	-1.155163e+00	4.225283e+01
6.990000e-06	-1.715629e-10	3.974768e-10	-1.386489e+00	4.007352e+01
7.000000e-06	-2.001779e-10	3.764213e-10	-1.617743e+00	3.787806e+01
7.010000e-06	-2.287983e-10	3.544116e-10	-1.849040e+00	3.566759e+01
7.020000e-06	-2.574298e-10	3.320752e-10	-2.080428e+00	3.344356e+01
7.030000e-06	-2.860353e-10	3.107370e-10	-2.311604e+00	3.120761e+01
7.040000e-06	-3.145934e-10	2.920491e-10	-2.542398e+00	2.896135e+01
7.050000e-06	-3.431619e-10	2.760993e-10	-2.773276e+00	2.670623e+01
7.060000e-06	-3.717322e-10	2.594406e-10	-3.004168e+00	2.444339e+01
7.070000e-06	-4.002612e-10	2.401726e-10	-3.234728e+00	2.217361e+01
7.080000e-06	-4.287573e-10	2.201878e-10	-3.465020e+00	1.989731e+01
7.090000e-06	-4.572216e-10	1.986286e-10	-3.695057e+00	1.761467e+01
7.100000e-06	-4.856693e-10	1.747696e-10	-3.924958e+00	1.532568e+01
7.110000e-06	-5.141230e-10	1.503789e-10	-4.154909e+00	1.303037e+01
7.120000e-06	-5.425710e-10	1.280797e-10	-4.384813e+00	1.072887e+01
7.130000e-06	-5.709817e-10	1.064149e-10	-4.614416e+00	8.421617e+00
7.140000e-06	-5.993599e-10	8.346810e-11	-4.843756e+00	6.109296e+00
7.150000e-06	-6.277304e-10	6.047184e-11	-5.073034e+00	3.792867e+00
7.160000e-06	-6.560749e-10	3.944079e-11	-5.302102e+00	1.473429e+00
7.170000e-06	-6.843761e-10	2.080218e-11	-5.530820e+00	-8.479500e-01
7.180000e-06	-7.126659e-10	6.844083e-13	-5.759446e+00	-3.170438e+00
7.190000e-06	-7.409504e-10	-2.245003e-11	-5.988030e+00	-5.493644e+00
7.200000e-06	-7.692155e-10	-4.506743e-11	-6.216456e+00	-7.817774e+00
7.210000e-06	-7.974636e-10	-6.662233e-11	-6.444745e+00	-1.014371e+01
7.220000e-06	-8.256999e-10	-8.713366e-11	-6.672939e+00	-1.247299e+01
7.230000e-06	-8.539338e-10	-1.079780e-10	-6.901113e+00	-1.480768e+01
7.240000e-06	-8.821455e-10	-1.310902e-10	-7.129108e+00	-1.715009e+01
7.250000e-06	-9.103339e-10	-1.552660e-10	-7.356915e+00	-1.950253e+01
7.260000e-06	-9.385039e-10	-1.786830e-10	-7.584573e+00	-2.186691e+01
7.270000e-06	-9.666553e-10	-1.993095e-10	-7.812081e+00	-2.424440e+01
7.280000e-06	-9.947908e-10	-2.174593e-10	-8.039460e+00	-2.663523e+01
7.290000e-06	-1.022910e-09	-2.342680e-10	-8.266709e+00	-2.903848e+01
7.300000e-06	-1.051007e-09	-2.523855e-10	-8.493773e+00	-3.145212e+01
7.310000e-06	-1.079082e-09	-2.743783e-10	-8.720669e+00	-3.387317e+01
7.320000e-06	-1.107149e-09	-3.007935e-10	-8.947494e+00	-3.629797e+01
7.330000e-06	-1.135200e-09	-3.282774e-10	-9.174185e+00	-3.872263e+01
7.340000e-06	-1.163215e-09	-3.536991e-10	-9.400594e+00	-4.114348e+01
7.350000e-06	-1.191187e-09	-3.767718e-10	-9.626648e+00	-4.355750e+01
7.360000e-06	-1.219132e-09	-3.961841e-10	-9.852490e+00	-4.596277e+01
7.370000e-06	-1.247055e-09	-4.121585e-10	-1.007815e+01	-4.835869e+01
7.380000e-06	-1.274948e-09	-4.291459e-10	-1.030357e+01	-5.074602e+01
7.390000e-06	-1.302812e-09	-4.502859e-10	-1.052876e+01	-5.312688e+01
7.400000e-06	-1.330628e-09	-4.753642e-10	-1.075355e+01	-5.550437e+01
7.410000e-06	-1.358371e-09	-5.028481e-10	-1.097776e+01	-5.788221e+01
7.420000e-06	-1.386064e-09	-5.280113e-10	-1.120156e+01	-6.026417e+01
7.430000e-06	-1.413714e-09	-5.486914e-10	-1.142502e+01	-6.265361e+01
7.440000e-06	-1.441292e-09	-5.667849e-10	-1.164789e+01	-6.505296e+01
7.450000e-06	-1.468774e-09	-5.834793e-10	-1.186999e+01	-6.746341e+01
7.460000e-06	-1.496168e-09	-5.999871e-10	-1.209138e+01	-6.988471e+01
7.470000e-06	-1.523521e-09	-6.180660e-10	-1.231243e+01	-7.231520e+01
7.480000e-06	-1.550806e-09	-6.388800e-10	-1.253293e+01	-7.475205e+01
7.490000e-06	-1.577969e-09	-6.600596e-10	-1.275246e+01	-7.719165e+01
7.500000e-06	-1.605029e-09	-6.788866e-10	-1.297115e+01	-7.963006e+01
7.510000e-06	-1.632004e-09	-6.967420e-10	-1.318915e+01	-8.206358e+01
7.520000e-06	-1.658877e-09	-7.140661e-10	-1.340632e+01	-8.448922e+01
7.530000e-06	-1.685673e-09	-7.335995e-10	-1.362287e+01	-8.690511e+01
7.540000e-06	-1.712398e-09	-7.570471e-10	-1.383885e+01	-8.931069e+01
7.550000e-06	-1.739032e-09	-7.822808e-10	-1.405409e+01	-9.170676e+01
7.560000e-06	-1.765585e-09	-8.049528e-10	-1.426869e+01	-9.409533e+01
7.570000e-06	-1.792056e-09	-8.226600e-10	-1.448261e+01	-9.647925e+01
7.580000e-06	-1.818446e-09	-8.386969e-10	-1.469588e+01	-9.886181e+01
7.590000e-06	-1.844759e-09	-8.528135e-10	-1.490854e+01	-1.012462e+02
7.600000e-06	-1.871010e-09	-8.660155e-10	-1.512068e+01	-1.036351e+02
7.610000e-06	-1.897188e-09	-8.847837e-10	-1.533224e+01	-1.060302e+02
7.620000e-06	-1.923287e-09	-9.110346e-10	-1.554317e+01	-1.084320e+02
7.630000e-06	-1.949312e-09	-9.422906e-10	-1.575348e+01	-1.108399e+02
7.640000e-06	-1.975265e-09	-9.701476e-10	-1.596323e+01	-1.132518e+02
7.650000e-06	-2.001140e-09	-9.891185e-10	-1.617234e+01	-1.156650e+02
7.660000e-06	-2.026905e-09	-1.001907e-09	-1.638056e+01	-1.180762e+02
7.670000e-06	-2.052551e-09	-1.012571e-09	-1.658782e+01	-1.204821e+02
7.680000e-06	-2.078089e-09	-1.025181e-09	-1.679421e+01	-1.228796e+02
7.690000e-06	-2.103538e-09	-1.041440e-09	-1.699987e+01	-1.252662e+02
7.700000e-06	-2.128895e-09	-1.064213e-09	-1.720480e+01	-1.276405e+02
7.710000e-06	-2.154137e-09	-1.093291e-09	-1.740879e+01	-1.300018e+02
7.720000e-06	-2.179257e-09	-1.122560e-09	-1.761180e+01	-1.323502e+02
7.730000e-06	-2.204252e-09	-1.146597e-09	-1.781380e+01	-1.346868e+02
7.740000e-06	-2.229142e-09	-1.165221e-09	-1.801495e+01	-1.370126e+02
7.750000e-06	-2.253934e-09	-1.182423e-09	-1.821531e+01	-1.393287e+02
7.760000e-06	-2.278612e-09	-1.199604e-09	-1.841475e+01	-1.416359e+02
7.770000e-06	-2.303184e-09	-1.216180e-09	-1.861332e+01	-1.439346e+02
7.780000e-06	-2.327673e-09	-1.234273e-09	-1.881123e+01	-1.462240e+02
7.790000e-06	-2.352092e-09	-1.255337e-09	-1.900858e+01	-1.485032e+02
7.800000e-06	-2.376449e-09	-1.278473e-09	-1.920542e+01	-1.507703e+02
7.810000e-06	-2.400749e-09	-1.301432e-09	-1.940180e+01	-1.530234e+02
7.820000e-06	-2.424985e-09	-1.323099e-09	-1.959767e+01	-1.552603e+02
7.830000e-06	-2.449168e-09	-1.341923e-09	-1.979311e+01	-1.574792e+02
7.840000e-06	-2.473313e-09	-1.359658e-09	-1.998823e+01	-1.596788e+02
7.850000e-06	-2.497409e-09	-1.378421e-09	-2.018297e+01	-1.618587e+02
7.860000e-06	-2.521449e-09	-1.398698e-09	-2.037725e+01	-1.640189e+02
7.870000e-06	-2.545431e-09	-1.421402e-09	-2.057106e+01	-1.661604e+02
7.880000e-06	-2.569338e-09	-1.442176e-09	-2.076427e+01	-1.682846e+02
7.890000e-06	-2.593160e-09	-1.459392e-09	-2.095679e+01	-1.703931e+02
7.900000e-06	-2.616895e-09	-1.473795e-09	-2.114861e+01	-1.724877e+02
7.910000e-06	-2.640514e-09	-1.488210e-09	-2.133948e+01	-1.745698e+02
7.920000e-06	-2.663992e-09	-1.506592e-09	-2.152922e+01	-1.766405e+02
7.930000e-06	-2.687321e-09	-1.528837e-09	-2.171775e+01	-1.787002e+02
7.940000e-06	-2.710477e-09	-1.552783e-09	-2.190489e+01	-1.807488e+02
7.950000e-06	-2.733455e-09	-1.575024e-09	-2.209059e+01	-1.827862e+02
7.960000e-06	-2.756245e-09	-1.594147e-09	-2.227476e+01	-1.848119e+02
7.970000e-06	-2.778837e-09	-1.607489e-09	-2.245734e+01	-1.868255e+02
7.980000e-06	-2.801201e-09	-1.617868e-09	-2.263808e+01	-1.888273e+02
7.990000e-06	-2.823304e-09	-1.630483e-09	-2.281671e+01	-1.908179e+02
8.000000e-06	-2.845136e-09	-1.648725e-09	-2.299314e+01	-1.927988e+02
8.010000e-06	-2.866704e-09	-1.673527e-09	-2.316745e+01	-1.947721e+02
8.020000e-06	-2.888044e-09	-1.698662e-09	-2.333991e+01	-1.967404e+02
8.030000e-06	-2.909182e-09	-1.720360e-09	-2.351073e+01	-1.987062e+02
8.040000e-06	-2.930124e-09	-1.737805e-09	-2.367997e+01	-2.006721e+02
8.050000e-06	-2.950889e-09	-1.751860e-09	-2.384779e+01	-2.026398e+02
8.060000e-06	-2.971529e-09	-1.763442e-09	-2.401460e+01	-2.046102e+02
8.070000e-06	-2.992045e-09	-1.775469e-09	-2.418040e+01	-2.065831e+02
8.080000e-06	-3.012447e-09	-1.790411e-09	-2.434528e+01	-2.085567e+02
8.090000e-06	-3.032755e-09	-1.807196e-09	-2.450940e+01	-2.105285e+02
8.100000e-06	-3.052981e-09	-1.825600e-09	-2.467286e+01	-2.124947e+02
8.110000e-06	-3.073159e-09	-1.842963e-09	-2.483593e+01	-2.144513e+02
8.120000e-06	-3.093288e-09	-1.860162e-09	-2.499860e+01	-2.163945e+02
8.130000e-06	-3.113355e-09	-1.876311e-09	-2.516077e+01	-2.183209e+02
8.140000e-06	-3.133345e-09	-1.891771e-09	-2.532232e+01	-2.202284e+02
8.150000e-06	-3.153248e-09	-1.909211e-09	-2.548317e+01	-2.221161e+02
8.160000e-06	-3.173057e-09	-1.926741e-09	-2.564326e+01	-2.239846e+02
8.170000e-06	-3.192749e-09	-1.943683e-09	-2.580240e+01	-2.258361e+02
8.180000e-06	-3.212295e-09	-1.957591e-09	-2.596036e+01	-2.276738e+02
8.190000e-06	-3.231678e-09	-1.970116e-09	-2.611700e+01	-2.295013e+02
8.200000e-06	-3.250885e-09	-1.984097e-09	-2.627223e+01	-2.313223e+02
8.210000e-06	-3.269914e-09	-2.000072e-09	-2.642601e+01	-2.331399e+02
8.220000e-06	-3.288783e-09	-2.016448e-09	-2.657850e+01	-2.349556e+02
8.230000e-06	-3.307495e-09	-2.033251e-09	-2.672973e+01	-2.367696e+02
8.240000e-06	-3.326063e-09	-2.051338e-09	-2.687979e+01	-2.385801e+02
8.250000e-06	-3.344511e-09	-2.067817e-09	-2.702887e+01	-2.403836e+02
8.260000e-06	-3.362843e-09	-2.082833e-09	-2.717702e+01	-2.421753e+02
8.270000e-06	-3.381056e-09	-2.095303e-09	-2.732421e+01	-2.439496e+02
8.280000e-06	-3.399150e-09	-2.104755e-09	-2.747044e+01	-2.457008e+02
8.290000e-06	-3.417117e-09	-2.115303e-09	-2.761565e+01	-2.474239e+02
8.300000e-06	-3.434946e-09	-2.130007e-09	-2.775973e+01	-2.491153e+02
8.310000e-06	-3.452623e-09	-2.149050e-09	-2.790258e+01	-2.507732e+02
8.320000e-06	-3.470154e-09	-2.168559e-09	-2.804427e+01	-2.523981e+02
8.330000e-06	-3.487534e-09	-2.186276e-09	-2.818472e+01	-2.539925e+02
8.340000e-06	-3.504721e-09	-2.201027e-09	-2.832362e+01	-2.555608e+02
8.350000e-06	-3.521723e-09	-2.211892e-09	-2.846103e+01	-2.571085e+02
8.360000e-06	-3.538552e-09	-2.220479e-09	-2.859703e+01	-2.586415e+02
8.370000e-06	-3.555206e-09	-2.229923e-09	-2.873162e+01	-2.601655e+02
8.380000e-06	-3.571726e-09	-2.242411e-09	-2.886512e+01	-2.616849e+02
8.390000e-06	-3.588135e-09	-2.256974e-09	-2.899774e+01	-2.632023e+02
8.400000e-06	-3.604440e-09	-2.272454e-09	-2.912950e+01	-2.647180e+02
8.410000e-06	-3.620658e-09	-2.286581e-09	-2.926057e+01	-2.662302e+02
8.420000e-06	-3.636785e-09	-2.299849e-09	-2.939091e+01	-2.677348e+02
8.430000e-06	-3.652824e-09	-2.313197e-09	-2.952052e+01	-2.692264e+02
8.440000e-06	-3.668764e-09	-2.325541e-09	-2.964934e+01	-2.706987e+02
8.450000e-06	-3.684583e-09	-2.338542e-09	-2.977718e+01	-2.721452e+02
8.460000e-06	-3.700229e-09	-2.353339e-09	-2.990363e+01	-2.735605e+02
8.470000e-06	-3.715655e-09	-2.368248e-09	-3.002829e+01	-2.749408e+02
8.480000e-06	-3.730857e-09	-2.380461e-09	-3.015115e+01	-2.762841e+02
8.490000e-06	-3.745810e-09	-2.390945e-09	-3.027199e+01	-2.775908e+02
8.500000e-06	-3.760464e-09	-2.401393e-09	-3.039042e+01	-2.788633e+02
8.510000e-06	-3.774773e-09	-2.412377e-09	-3.050606e+01	-2.801057e+02
8.520000e-06	-3.788770e-09	-2.425868e-09	-3.061918e+01	-2.813230e+02
8.530000e-06	-3.802499e-09	-2.441494e-09	-3.073013e+01	-2.825207e+02
8.540000e-06	-3.815939e-09	-2.457573e-09	-3.083875e+01	-2.837036e+02
8.550000e-06	-3.829117e-09	-2.471408e-09	-3.094525e+01	-2.848752e+02
8.560000e-06	-3.842051e-09	-2.481846e-09	-3.104977e+01	-2.860375e+02
8.570000e-06	-3.854762e-09	-2.489869e-09	-3.115250e+01	-2.871906e+02
8.580000e-06	-3.867299e-09	-2.497187e-09	-3.125382e+01	-2.883325e+02
8.590000e-06	-3.879680e-09	-2.504477e-09	-3.135388e+01	-2.894601e+02
8.600000e-06	-3.891907e-09	-2.512923e-09	-3.145269e+01	-2.905690e+02
8.610000e-06	-3.903985e-09	-2.523324e-09	-3.155030e+01	-2.916551e+02
8.620000e-06	-3.915898e-09	-2.534103e-09	-3.164657e+01	-2.927143e+02
8.630000e-06	-3.927626e-09	-2.545705e-09	-3.174136e+01	-2.937442e+02
8.640000e-06	-3.939171e-09	-2.558643e-09	-3.183466e+01	-2.947437e+02
8.650000e-06	-3.950514e-09	-2.569637e-09	-3.192633e+01	-2.957135e+02
8.660000e-06	-3.961653e-09	-2.576961e-09	-3.201634e+01	-2.966562e+02
8.670000e-06	-3.972583e-09	-2.582106e-09	-3.210468e+01	-2.975759e+02
8.680000e-06	-3.983306e-09	-2.587364e-09	-3.219134e+01	-2.984772e+02
8.690000e-06	-3.993866e-09	-2.594412e-09	-3.227668e+01	-2.993653e+02
8.700000e-06	-4.004285e-09	-2.602441e-09	-3.236088e+01	-3.002447e+02
8.710000e-06	-4.014539e-09	-2.610646e-09	-3.244375e+01	-3.011189e+02
8.720000e-06	-4.024626e-09	-2.620510e-09	-3.252527e+01	-3.019898e+02
8.730000e-06	-4.034575e-09	-2.632212e-09	-3.260567e+01	-3.028580e+02
8.740000e-06	-4.044383e-09	-2.642510e-09	-3.268493e+01	-3.037221e+02
8.750000e-06	-4.054015e-09	-2.647933e-09	-3.276278e+01	-3.045797e+02
8.760000e-06	-4.063424e-09	-2.649558e-09	-3.283881e+01	-3.054278e+02
8.770000e-06	-4.072603e-09	-2.652193e-09	-3.291300e+01	-3.062629e+02
8.780000e-06	-4.081578e-09	-2.656778e-09	-3.298552e+01	-3.070825e+02
8.790000e-06	-4.090387e-09	-2.662092e-09	-3.305672e+01	-3.078847e+02
8.800000e-06	-4.099030e-09	-2.667923e-09	-3.312657e+01	-3.086692e+02
8.810000e-06	-4.107514e-09	-2.674786e-09	-3.319513e+01	-3.094372e+02
8.820000e-06	-4.115870e-09	-2.683038e-09	-3.326266e+01	-3.101909e+02
8.830000e-06	-4.124116e-09	-2.691087e-09	-3.332931e+01	-3.109336e+02
8.840000e-06	-4.132280e-09	-2.697582e-09	-3.339528e+01	-3.116688e+02
8.850000e-06	-4.140359e-09	-2.703034e-09	-3.346057e+01	-3.123996e+02
8.860000e-06	-4.148334e-09	-2.709205e-09	-3.352502e+01	-3.131280e+02
8.870000e-06	-4.156179e-09	-2.714827e-09	-3.358843e+01	-3.138543e+02
8.880000e-06	-4.163866e-09	-2.716597e-09	-3.365054e+01	-3.145773e+02
8.890000e-06	-4.171368e-09	-2.715600e-09	-3.371117e+01	-3.152933e+02
8.900000e-06	-4.178641e-09	-2.716883e-09	-3.376995e+01	-3.159974e+02
8.910000e-06	-4.185662e-09	-2.723472e-09	-3.382669e+01	-3.166830e+02
8.920000e-06	-4.192399e-09	-2.732434e-09	-3.388113e+01	-3.173434e+02
8.930000e-06	-4.198807e-09	-2.740592e-09	-3.393292e+01	-3.179718e+02
8.940000e-06	-4.204861e-09	-2.747552e-09	-3.398185e+01	-3.185627e+02
8.950000e-06	-4.210562e-09	-2.752819e-09	-3.402792e+01	-3.191125e+02
8.960000e-06	-4.215941e-09	-2.756352e-09	-3.407140e+01	-3.196196e+02
8.970000e-06	-4.221030e-09	-2.756706e-09	-3.411252e+01	-3.200850e+02
8.980000e-06	-4.225894e-09	-2.755323e-09	-3.415183e+01	-3.205121e+02
8.990000e-06	-4.230569e-09	-2.756577e-09	-3.418961e+01	-3.209063e+02
9.000000e-06	-4.235074e-09	-2.760967e-09	-3.422602e+01	-3.212744e+02
9.010000e-06	-4.239438e-09	-2.766248e-09	-3.426128e+01	-3.216235e+02
9.020000e-06	-4.243688e-09	-2.770529e-09	-3.429563e+01	-3.219608e+02
9.030000e-06	-4.247842e-09	-2.773162e-09	-3.432920e+01	-3.222921e+02
9.040000e-06	-4.251905e-09	-2.773771e-09	-3.436204e+01	-3.226217e+02
9.050000e-06	-4.255852e-09	-2.774584e-09	-3.439394e+01	-3.229517e+02
9.060000e-06	-4.259636e-09	-2.776643e-09	-3.442451e+01	-3.232821e+02
9.070000e-06	-4.263263e-09	-2.778967e-09	-3.445383e+01	-3.236107e+02
9.080000e-06	-4.266715e-09	-2.782279e-09	-3.448173e+01	-3.239337e+02
9.090000e-06	-4.269956e-09	-2.786226e-09	-3.450792e+01	-3.242463e+02
9.100000e-06	-4.272988e-09	-2.789511e-09	-3.453242e+01	-3.245433e+02
9.110000e-06	-4.275811e-09	-2.792256e-09	-3.455523e+01	-3.248196e+02
9.120000e-06	-4.278435e-09	-2.794551e-09	-3.457644e+01	-3.250715e+02
9.130000e-06	-4.280897e-09	-2.795925e-09	-3.459633e+01	-3.252962e+02
9.140000e-06	-4.283228e-09	-2.796444e-09	-3.461518e+01	-3.254930e+02
9.150000e-06	-4.285434e-09	-2.795983e-09	-3.463300e+01	-3.256625e+02
9.160000e-06	-4.287492e-09	-2.797159e-09	-3.464964e+01	-3.258071e+02
9.170000e-06	-4.289362e-09	-2.800697e-09	-3.466475e+01	-3.259304e+02
9.180000e-06	-4.290934e-09	-2.804744e-09	-3.467746e+01	-3.260366e+02
9.190000e-06	-4.292269e-09	-2.806551e-09	-3.468824e+01	-3.261304e+02
9.200000e-06	-4.293477e-09	-2.804813e-09	-3.469800e+01	-3.262162e+02
9.210000e-06	-4.294490e-09	-2.801663e-09	-3.470619e+01	-3.262979e+02
9.220000e-06	-4.295299e-09	-2.799191e-09	-3.471273e+01	-3.263787e+02
9.230000e-06	-4.295947e-09	-2.801212e-09	-3.471797e+01	-3.264607e+02
9.240000e-06	-4.296455e-09	-2.806156e-09	-3.472207e+01	-3.265452e+02
