# Temperatura_=_20.0
# Concentracion g/m^3_=_10770.0
# C_Vs_to_Am_M_A/Vsm_=_25649819763.59163
# pendiente_HvsI_1/m_=_3716.3
# ordenada_HvsI_A/m_=_1297.0
# frecuencia_Hz_=_108114.7148008553
# Promedio de 27 ciclos

Tiempo_(s)	Campo_(V.s)	Magnetizacion_(V.s)	Campo_(kA/m)	Magnetizacion_(A/m)
0.000000e+00	-4.118581e-09	-1.111865e-08	-3.474257e+01	-2.834724e+02
1.000000e-08	-4.118827e-09	-1.112100e-08	-3.474465e+01	-2.834746e+02
2.000000e-08	-4.118971e-09	-1.111933e-08	-3.474586e+01	-2.834081e+02
3.000000e-08	-4.119021e-09	-1.111536e-08	-3.474629e+01	-2.832802e+02
4.000000e-08	-4.118969e-09	-1.109242e-08	-3.474584e+01	-2.831049e+02
5.000000e-08	-4.118766e-09	-1.107278e-08	-3.474413e+01	-2.829006e+02
6.000000e-08	-4.118380e-09	-1.113777e-08	-3.474088e+01	-2.826889e+02
7.000000e-08	-4.117791e-09	-1.124674e-08	-3.473590e+01	-2.824910e+02
8.000000e-08	-4.116932e-09	-1.112108e-08	-3.472866e+01	-2.823254e+02
9.000000e-08	-4.115747e-09	-1.081702e-08	-3.471866e+01	-2.822058e+02
1.000000e-07	-4.114239e-09	-1.088859e-08	-3.470594e+01	-2.821391e+02
1.100000e-07	-4.112410e-09	-1.122717e-08	-3.469052e+01	-2.821251e+02
1.200000e-07	-4.110321e-09	-1.113059e-08	-3.467289e+01	-2.821565e+02
1.300000e-07	-4.107972e-09	-1.084615e-08	-3.465308e+01	-2.822208e+02
1.400000e-07	-4.105305e-09	-1.102813e-08	-3.463057e+01	-2.823015e+02
1.500000e-07	-4.102356e-09	-1.125122e-08	-3.460570e+01	-2.823812e+02
1.600000e-07	-4.099179e-09	-1.100331e-08	-3.457890e+01	-2.824438e+02
1.700000e-07	-4.095774e-09	-1.089775e-08	-3.455018e+01	-2.824767e+02
1.800000e-07	-4.092197e-09	-1.122756e-08	-3.452001e+01	-2.824720e+02
1.900000e-07	-4.088507e-09	-1.120051e-08	-3.448888e+01	-2.824276e+02
2.000000e-07	-4.084713e-09	-1.076438e-08	-3.445687e+01	-2.823463e+02
2.100000e-07	-4.080823e-09	-1.081524e-08	-3.442406e+01	-2.822348e+02
2.200000e-07	-4.076853e-09	-1.123801e-08	-3.439057e+01	-2.821019e+02
2.300000e-07	-4.072801e-09	-1.113904e-08	-3.435639e+01	-2.819563e+02
2.400000e-07	-4.068622e-09	-1.075993e-08	-3.432114e+01	-2.818043e+02
2.500000e-07	-4.064305e-09	-1.091646e-08	-3.428472e+01	-2.816489e+02
2.600000e-07	-4.059825e-09	-1.119015e-08	-3.424693e+01	-2.814883e+02
2.700000e-07	-4.055139e-09	-1.095038e-08	-3.420740e+01	-2.813164e+02
2.800000e-07	-4.050262e-09	-1.083431e-08	-3.416626e+01	-2.811240e+02
2.900000e-07	-4.045176e-09	-1.113549e-08	-3.412336e+01	-2.809008e+02
3.000000e-07	-4.039875e-09	-1.103994e-08	-3.407864e+01	-2.806377e+02
3.100000e-07	-4.034396e-09	-1.061260e-08	-3.403242e+01	-2.803298e+02
3.200000e-07	-4.028720e-09	-1.074151e-08	-3.398454e+01	-2.799782e+02
3.300000e-07	-4.022867e-09	-1.108226e-08	-3.393517e+01	-2.795920e+02
3.400000e-07	-4.016841e-09	-1.086375e-08	-3.388433e+01	-2.791882e+02
3.500000e-07	-4.010619e-09	-1.066015e-08	-3.383184e+01	-2.787914e+02
3.600000e-07	-4.004197e-09	-1.093943e-08	-3.377767e+01	-2.784305e+02
3.700000e-07	-3.997580e-09	-1.093874e-08	-3.372186e+01	-2.781366e+02
3.800000e-07	-3.990775e-09	-1.059237e-08	-3.366445e+01	-2.779378e+02
3.900000e-07	-3.983775e-09	-1.074775e-08	-3.360540e+01	-2.778558e+02
4.000000e-07	-3.976596e-09	-1.108897e-08	-3.354484e+01	-2.779018e+02
4.100000e-07	-3.969237e-09	-1.085124e-08	-3.348277e+01	-2.780734e+02
4.200000e-07	-3.961723e-09	-1.061542e-08	-3.341938e+01	-2.783540e+02
4.300000e-07	-3.954084e-09	-1.081505e-08	-3.335495e+01	-2.787124e+02
4.400000e-07	-3.946340e-09	-1.073073e-08	-3.328962e+01	-2.791057e+02
4.500000e-07	-3.938504e-09	-1.043952e-08	-3.322352e+01	-2.794827e+02
4.600000e-07	-3.930579e-09	-1.068892e-08	-3.315666e+01	-2.797893e+02
4.700000e-07	-3.922560e-09	-1.098182e-08	-3.308902e+01	-2.799742e+02
4.800000e-07	-3.914434e-09	-1.079200e-08	-3.302048e+01	-2.799944e+02
4.900000e-07	-3.906162e-09	-1.079393e-08	-3.295069e+01	-2.798204e+02
5.000000e-07	-3.897716e-09	-1.101598e-08	-3.287944e+01	-2.794395e+02
5.100000e-07	-3.889041e-09	-1.078770e-08	-3.280627e+01	-2.788573e+02
5.200000e-07	-3.880104e-09	-1.051969e-08	-3.273088e+01	-2.780973e+02
5.300000e-07	-3.870917e-09	-1.068836e-08	-3.265338e+01	-2.771984e+02
5.400000e-07	-3.861398e-09	-1.070379e-08	-3.257308e+01	-2.762104e+02
5.500000e-07	-3.851521e-09	-1.047363e-08	-3.248977e+01	-2.751881e+02
5.600000e-07	-3.841346e-09	-1.055203e-08	-3.240393e+01	-2.741858e+02
5.700000e-07	-3.830848e-09	-1.069507e-08	-3.231538e+01	-2.732506e+02
5.800000e-07	-3.820074e-09	-1.056216e-08	-3.222449e+01	-2.724178e+02
5.900000e-07	-3.809054e-09	-1.050227e-08	-3.213153e+01	-2.717075e+02
6.000000e-07	-3.797794e-09	-1.057714e-08	-3.203655e+01	-2.711228e+02
6.100000e-07	-3.786375e-09	-1.051407e-08	-3.194022e+01	-2.706503e+02
6.200000e-07	-3.774797e-09	-1.043843e-08	-3.184255e+01	-2.702632e+02
6.300000e-07	-3.763066e-09	-1.047306e-08	-3.174359e+01	-2.699246e+02
6.400000e-07	-3.751200e-09	-1.045008e-08	-3.164350e+01	-2.695934e+02
6.500000e-07	-3.739189e-09	-1.038641e-08	-3.154217e+01	-2.692290e+02
6.600000e-07	-3.727026e-09	-1.038480e-08	-3.143958e+01	-2.687968e+02
6.700000e-07	-3.714726e-09	-1.037307e-08	-3.133582e+01	-2.682721e+02
6.800000e-07	-3.702254e-09	-1.032049e-08	-3.123061e+01	-2.676425e+02
6.900000e-07	-3.689588e-09	-1.028378e-08	-3.112377e+01	-2.669085e+02
7.000000e-07	-3.676753e-09	-1.027123e-08	-3.101549e+01	-2.660829e+02
7.100000e-07	-3.663697e-09	-1.025990e-08	-3.090536e+01	-2.651878e+02
7.200000e-07	-3.650435e-09	-1.023333e-08	-3.079349e+01	-2.642511e+02
7.300000e-07	-3.637008e-09	-1.019039e-08	-3.068022e+01	-2.633022e+02
7.400000e-07	-3.623401e-09	-1.016417e-08	-3.056544e+01	-2.623679e+02
7.500000e-07	-3.609616e-09	-1.014278e-08	-3.044916e+01	-2.614689e+02
7.600000e-07	-3.595660e-09	-1.009159e-08	-3.033143e+01	-2.606172e+02
7.700000e-07	-3.581548e-09	-1.005143e-08	-3.021238e+01	-2.598151e+02
7.800000e-07	-3.567256e-09	-1.003911e-08	-3.009183e+01	-2.590557e+02
7.900000e-07	-3.552754e-09	-1.001683e-08	-2.996949e+01	-2.583242e+02
8.000000e-07	-3.538044e-09	-9.989676e-09	-2.984540e+01	-2.576013e+02
8.100000e-07	-3.523109e-09	-9.971315e-09	-2.971942e+01	-2.568656e+02
8.200000e-07	-3.507913e-09	-9.932618e-09	-2.959124e+01	-2.560979e+02
8.300000e-07	-3.492478e-09	-9.880336e-09	-2.946103e+01	-2.552830e+02
8.400000e-07	-3.476830e-09	-9.849890e-09	-2.932904e+01	-2.544127e+02
8.500000e-07	-3.460953e-09	-9.819047e-09	-2.919510e+01	-2.534860e+02
8.600000e-07	-3.444862e-09	-9.774928e-09	-2.905936e+01	-2.525092e+02
8.700000e-07	-3.428590e-09	-9.746693e-09	-2.892210e+01	-2.514948e+02
8.800000e-07	-3.412123e-09	-9.729971e-09	-2.878319e+01	-2.504589e+02
8.900000e-07	-3.395483e-09	-9.694108e-09	-2.864283e+01	-2.494186e+02
9.000000e-07	-3.378717e-09	-9.648511e-09	-2.850140e+01	-2.483897e+02
9.100000e-07	-3.361831e-09	-9.611503e-09	-2.835895e+01	-2.473840e+02
9.200000e-07	-3.344807e-09	-9.569670e-09	-2.821535e+01	-2.464078e+02
9.300000e-07	-3.327651e-09	-9.528492e-09	-2.807062e+01	-2.454612e+02
9.400000e-07	-3.310393e-09	-9.501370e-09	-2.792504e+01	-2.445386e+02
9.500000e-07	-3.293016e-09	-9.470333e-09	-2.777846e+01	-2.436292e+02
9.600000e-07	-3.275515e-09	-9.425757e-09	-2.763083e+01	-2.427196e+02
9.700000e-07	-3.257908e-09	-9.389615e-09	-2.748230e+01	-2.417957e+02
9.800000e-07	-3.240166e-09	-9.360910e-09	-2.733264e+01	-2.408450e+02
9.900000e-07	-3.222294e-09	-9.316671e-09	-2.718187e+01	-2.398582e+02
1.000000e-06	-3.204296e-09	-9.267264e-09	-2.703005e+01	-2.388311e+02
1.010000e-06	-3.186137e-09	-9.231233e-09	-2.687688e+01	-2.377645e+02
1.020000e-06	-3.167813e-09	-9.201315e-09	-2.672230e+01	-2.366641e+02
1.030000e-06	-3.149318e-09	-9.164936e-09	-2.656628e+01	-2.355394e+02
1.040000e-06	-3.130656e-09	-9.122624e-09	-2.640886e+01	-2.344021e+02
1.050000e-06	-3.111819e-09	-9.075100e-09	-2.624996e+01	-2.332638e+02
1.060000e-06	-3.092791e-09	-9.027491e-09	-2.608945e+01	-2.321348e+02
1.070000e-06	-3.073601e-09	-8.989320e-09	-2.592757e+01	-2.310217e+02
1.080000e-06	-3.054265e-09	-8.949359e-09	-2.576446e+01	-2.299271e+02
1.090000e-06	-3.034801e-09	-8.898117e-09	-2.560027e+01	-2.288491e+02
1.100000e-06	-3.015235e-09	-8.849613e-09	-2.543522e+01	-2.277814e+02
1.110000e-06	-2.995588e-09	-8.817121e-09	-2.526949e+01	-2.267151e+02
1.120000e-06	-2.975859e-09	-8.785607e-09	-2.510306e+01	-2.256395e+02
1.130000e-06	-2.956057e-09	-8.739596e-09	-2.493602e+01	-2.245444e+02
1.140000e-06	-2.936203e-09	-8.687610e-09	-2.476854e+01	-2.234215e+02
1.150000e-06	-2.916302e-09	-8.640467e-09	-2.460066e+01	-2.222656e+02
1.160000e-06	-2.896351e-09	-8.597957e-09	-2.443236e+01	-2.210756e+02
1.170000e-06	-2.876339e-09	-8.551993e-09	-2.426355e+01	-2.198543e+02
1.180000e-06	-2.856243e-09	-8.500173e-09	-2.409403e+01	-2.186081e+02
1.190000e-06	-2.836048e-09	-8.449733e-09	-2.392367e+01	-2.173460e+02
1.200000e-06	-2.815752e-09	-8.408103e-09	-2.375246e+01	-2.160779e+02
1.210000e-06	-2.795345e-09	-8.368655e-09	-2.358033e+01	-2.148130e+02
1.220000e-06	-2.774812e-09	-8.319750e-09	-2.340712e+01	-2.135587e+02
1.230000e-06	-2.754136e-09	-8.267325e-09	-2.323270e+01	-2.123192e+02
1.240000e-06	-2.733315e-09	-8.220752e-09	-2.305706e+01	-2.110952e+02
1.250000e-06	-2.712351e-09	-8.177319e-09	-2.288022e+01	-2.098836e+02
1.260000e-06	-2.691251e-09	-8.130658e-09	-2.270223e+01	-2.086785e+02
1.270000e-06	-2.670019e-09	-8.080475e-09	-2.252313e+01	-2.074718e+02
1.280000e-06	-2.648661e-09	-8.030319e-09	-2.234296e+01	-2.062549e+02
1.290000e-06	-2.627178e-09	-7.979815e-09	-2.216173e+01	-2.050199e+02
1.300000e-06	-2.605571e-09	-7.929676e-09	-2.197947e+01	-2.037613e+02
1.310000e-06	-2.583863e-09	-7.879898e-09	-2.179635e+01	-2.024759e+02
1.320000e-06	-2.562049e-09	-7.830433e-09	-2.161234e+01	-2.011644e+02
1.330000e-06	-2.540137e-09	-7.784004e-09	-2.142750e+01	-1.998303e+02
1.340000e-06	-2.518150e-09	-7.740496e-09	-2.124202e+01	-1.984797e+02
1.350000e-06	-2.496058e-09	-7.694644e-09	-2.105566e+01	-1.971202e+02
1.360000e-06	-2.473837e-09	-7.644142e-09	-2.086822e+01	-1.957596e+02
1.370000e-06	-2.451529e-09	-7.590222e-09	-2.068004e+01	-1.944046e+02
1.380000e-06	-2.429134e-09	-7.530429e-09	-2.049112e+01	-1.930597e+02
1.390000e-06	-2.406612e-09	-7.472893e-09	-2.030113e+01	-1.917267e+02
1.400000e-06	-2.383963e-09	-7.425879e-09	-2.011008e+01	-1.904043e+02
1.410000e-06	-2.361178e-09	-7.381547e-09	-1.991788e+01	-1.890882e+02
1.420000e-06	-2.338265e-09	-7.333592e-09	-1.972459e+01	-1.877723e+02
1.430000e-06	-2.315241e-09	-7.284914e-09	-1.953037e+01	-1.864494e+02
1.440000e-06	-2.292101e-09	-7.236457e-09	-1.933518e+01	-1.851122e+02
1.450000e-06	-2.268860e-09	-7.186026e-09	-1.913912e+01	-1.837550e+02
1.460000e-06	-2.245517e-09	-7.131585e-09	-1.894221e+01	-1.823742e+02
1.470000e-06	-2.222067e-09	-7.070042e-09	-1.874440e+01	-1.809688e+02
1.480000e-06	-2.198528e-09	-7.010932e-09	-1.854583e+01	-1.795408e+02
1.490000e-06	-2.174915e-09	-6.962114e-09	-1.834664e+01	-1.780946e+02
1.500000e-06	-2.151236e-09	-6.911881e-09	-1.814690e+01	-1.766365e+02
1.510000e-06	-2.127491e-09	-6.854894e-09	-1.794660e+01	-1.751732e+02
1.520000e-06	-2.103685e-09	-6.803577e-09	-1.774577e+01	-1.737111e+02
1.530000e-06	-2.079832e-09	-6.757199e-09	-1.754457e+01	-1.722551e+02
1.540000e-06	-2.055940e-09	-6.701517e-09	-1.734302e+01	-1.708079e+02
1.550000e-06	-2.031999e-09	-6.640527e-09	-1.714107e+01	-1.693695e+02
1.560000e-06	-2.008010e-09	-6.581055e-09	-1.693870e+01	-1.679374e+02
1.570000e-06	-1.983962e-09	-6.523043e-09	-1.673584e+01	-1.665068e+02
1.580000e-06	-1.959833e-09	-6.468103e-09	-1.653230e+01	-1.650716e+02
1.590000e-06	-1.935631e-09	-6.411988e-09	-1.632815e+01	-1.636256e+02
1.600000e-06	-1.911369e-09	-6.350758e-09	-1.612348e+01	-1.621629e+02
1.610000e-06	-1.887040e-09	-6.289427e-09	-1.591826e+01	-1.606798e+02
1.620000e-06	-1.862618e-09	-6.235418e-09	-1.571224e+01	-1.591746e+02
1.630000e-06	-1.838097e-09	-6.180777e-09	-1.550539e+01	-1.576482e+02
1.640000e-06	-1.813505e-09	-6.119609e-09	-1.529795e+01	-1.561040e+02
1.650000e-06	-1.788825e-09	-6.061803e-09	-1.508975e+01	-1.545474e+02
1.660000e-06	-1.764005e-09	-6.006183e-09	-1.488038e+01	-1.529847e+02
1.670000e-06	-1.739088e-09	-5.945213e-09	-1.467019e+01	-1.514221e+02
1.680000e-06	-1.714094e-09	-5.880869e-09	-1.445936e+01	-1.498651e+02
1.690000e-06	-1.688942e-09	-5.817649e-09	-1.424719e+01	-1.483170e+02
1.700000e-06	-1.663665e-09	-5.755297e-09	-1.403396e+01	-1.467788e+02
1.710000e-06	-1.638278e-09	-5.693542e-09	-1.381981e+01	-1.452491e+02
1.720000e-06	-1.612721e-09	-5.636120e-09	-1.360422e+01	-1.437239e+02
1.730000e-06	-1.587033e-09	-5.581363e-09	-1.338753e+01	-1.421976e+02
1.740000e-06	-1.561234e-09	-5.523612e-09	-1.316989e+01	-1.406637e+02
1.750000e-06	-1.535310e-09	-5.461831e-09	-1.295122e+01	-1.391161e+02
1.760000e-06	-1.509242e-09	-5.396345e-09	-1.273132e+01	-1.375496e+02
1.770000e-06	-1.483061e-09	-5.326767e-09	-1.251047e+01	-1.359611e+02
1.780000e-06	-1.456759e-09	-5.256253e-09	-1.228860e+01	-1.343502e+02
1.790000e-06	-1.430333e-09	-5.191583e-09	-1.206568e+01	-1.327187e+02
1.800000e-06	-1.403804e-09	-5.133428e-09	-1.184189e+01	-1.310708e+02
1.810000e-06	-1.377138e-09	-5.075097e-09	-1.161695e+01	-1.294126e+02
1.820000e-06	-1.350367e-09	-5.013067e-09	-1.139112e+01	-1.277506e+02
1.830000e-06	-1.323489e-09	-4.948749e-09	-1.116438e+01	-1.260912e+02
1.840000e-06	-1.296502e-09	-4.883417e-09	-1.093674e+01	-1.244397e+02
1.850000e-06	-1.269425e-09	-4.816879e-09	-1.070833e+01	-1.227995e+02
1.860000e-06	-1.242276e-09	-4.749579e-09	-1.047932e+01	-1.211715e+02
1.870000e-06	-1.215060e-09	-4.683509e-09	-1.024973e+01	-1.195543e+02
1.880000e-06	-1.187784e-09	-4.622741e-09	-1.001964e+01	-1.179444e+02
1.890000e-06	-1.160450e-09	-4.564923e-09	-9.789063e+00	-1.163367e+02
1.900000e-06	-1.133034e-09	-4.500520e-09	-9.557798e+00	-1.147255e+02
1.910000e-06	-1.105569e-09	-4.431512e-09	-9.326112e+00	-1.131054e+02
1.920000e-06	-1.078064e-09	-4.366947e-09	-9.094089e+00	-1.114718e+02
1.930000e-06	-1.050515e-09	-4.304902e-09	-8.861698e+00	-1.098221e+02
1.940000e-06	-1.022907e-09	-4.241930e-09	-8.628809e+00	-1.081556e+02
1.950000e-06	-9.952735e-10	-4.181607e-09	-8.395708e+00	-1.064735e+02
1.960000e-06	-9.676223e-10	-4.122937e-09	-8.162455e+00	-1.047789e+02
1.970000e-06	-9.399266e-10	-4.056710e-09	-7.928825e+00	-1.030761e+02
1.980000e-06	-9.122078e-10	-3.985346e-09	-7.695001e+00	-1.013695e+02
1.990000e-06	-8.844684e-10	-3.917454e-09	-7.461004e+00	-9.966334e+01
2.000000e-06	-8.567174e-10	-3.849162e-09	-7.226908e+00	-9.796077e+01
2.010000e-06	-8.289383e-10	-3.779776e-09	-6.992575e+00	-9.626332e+01
2.020000e-06	-8.011454e-10	-3.716302e-09	-6.758126e+00	-9.457079e+01
2.030000e-06	-7.733413e-10	-3.660891e-09	-6.523582e+00	-9.288131e+01
2.040000e-06	-7.455223e-10	-3.601346e-09	-6.288913e+00	-9.119178e+01
2.050000e-06	-7.176817e-10	-3.531240e-09	-6.054062e+00	-8.949841e+01
2.060000e-06	-6.898301e-10	-3.458792e-09	-5.819117e+00	-8.779745e+01
2.070000e-06	-6.619787e-10	-3.387142e-09	-5.584174e+00	-8.608587e+01
2.080000e-06	-6.341107e-10	-3.316622e-09	-5.349091e+00	-8.436192e+01
2.090000e-06	-6.062318e-10	-3.248413e-09	-5.113917e+00	-8.262543e+01
2.100000e-06	-5.783444e-10	-3.187003e-09	-4.878671e+00	-8.087791e+01
2.110000e-06	-5.504490e-10	-3.129557e-09	-4.643357e+00	-7.912228e+01
2.120000e-06	-5.225496e-10	-3.066435e-09	-4.408010e+00	-7.736236e+01
2.130000e-06	-4.946484e-10	-2.994289e-09	-4.172647e+00	-7.560228e+01
2.140000e-06	-4.667395e-10	-2.918984e-09	-3.937219e+00	-7.384574e+01
2.150000e-06	-4.388259e-10	-2.847268e-09	-3.701751e+00	-7.209539e+01
2.160000e-06	-4.109054e-10	-2.779139e-09	-3.466226e+00	-7.035233e+01
2.170000e-06	-3.829689e-10	-2.713259e-09	-3.230565e+00	-6.861595e+01
2.180000e-06	-3.550257e-10	-2.647315e-09	-2.994848e+00	-6.688392e+01
2.190000e-06	-3.270715e-10	-2.582984e-09	-2.759038e+00	-6.515260e+01
2.200000e-06	-2.991087e-10	-2.517207e-09	-2.523156e+00	-6.341758e+01
2.210000e-06	-2.711422e-10	-2.442951e-09	-2.287242e+00	-6.167434e+01
2.220000e-06	-2.431615e-10	-2.363979e-09	-2.051209e+00	-5.991903e+01
2.230000e-06	-2.151747e-10	-2.292013e-09	-1.815124e+00	-5.814901e+01
2.240000e-06	-1.871938e-10	-2.227986e-09	-1.579089e+00	-5.636330e+01
2.250000e-06	-1.592202e-10	-2.163158e-09	-1.343116e+00	-5.456271e+01
2.260000e-06	-1.312376e-10	-2.095753e-09	-1.107066e+00	-5.274973e+01
2.270000e-06	-1.032369e-10	-2.026913e-09	-8.708643e-01	-5.092805e+01
2.280000e-06	-7.524192e-11	-1.954163e-09	-6.347101e-01	-4.910203e+01
2.290000e-06	-4.725227e-11	-1.874297e-09	-3.986011e-01	-4.727595e+01
2.300000e-06	-1.926377e-11	-1.795472e-09	-1.625019e-01	-4.545334e+01
2.310000e-06	8.714921e-12	-1.727305e-09	7.351467e-02	-4.363639e+01
2.320000e-06	3.670504e-11	-1.664833e-09	3.096274e-01	-4.182563e+01
2.330000e-06	6.469737e-11	-1.598179e-09	5.457588e-01	-4.001982e+01
2.340000e-06	9.267411e-11	-1.523747e-09	7.817588e-01	-3.821619e+01
2.350000e-06	1.206436e-10	-1.448122e-09	1.017698e+00	-3.641088e+01
2.360000e-06	1.486150e-10	-1.374595e-09	1.253652e+00	-3.459956e+01
2.370000e-06	1.765937e-10	-1.299876e-09	1.489669e+00	-3.277814e+01
2.380000e-06	2.045743e-10	-1.221714e-09	1.725701e+00	-3.094341e+01
2.390000e-06	2.325473e-10	-1.145249e-09	1.961670e+00	-2.909355e+01
2.400000e-06	2.605075e-10	-1.078898e-09	2.197531e+00	-2.722841e+01
2.410000e-06	2.884714e-10	-1.014537e-09	2.433421e+00	-2.534949e+01
2.420000e-06	3.164386e-10	-9.419901e-10	2.669342e+00	-2.345971e+01
2.430000e-06	3.443896e-10	-8.647225e-10	2.905124e+00	-2.156286e+01
2.440000e-06	3.723302e-10	-7.896812e-10	3.140819e+00	-1.966303e+01
2.450000e-06	4.002727e-10	-7.173129e-10	3.376531e+00	-1.776388e+01
2.460000e-06	4.282119e-10	-6.437228e-10	3.612213e+00	-1.586804e+01
2.470000e-06	4.561413e-10	-5.644550e-10	3.847814e+00	-1.397671e+01
2.480000e-06	4.840677e-10	-4.836287e-10	4.083390e+00	-1.208945e+01
2.490000e-06	5.119789e-10	-4.114942e-10	4.318837e+00	-1.020425e+01
2.500000e-06	5.398772e-10	-3.432494e-10	4.554175e+00	-8.317865e+00
2.510000e-06	5.677729e-10	-2.682820e-10	4.789491e+00	-6.426355e+00
2.520000e-06	5.956583e-10	-1.880862e-10	5.024721e+00	-4.525726e+00
2.530000e-06	6.235365e-10	-1.128326e-10	5.259890e+00	-2.612582e+00
2.540000e-06	6.514058e-10	-4.125044e-11	5.494983e+00	-6.846688e-01
2.550000e-06	6.792644e-10	3.548672e-11	5.729986e+00	1.258761e+00
2.560000e-06	7.071044e-10	1.139854e-10	5.964833e+00	3.216838e+00
2.570000e-06	7.349343e-10	1.898657e-10	6.199594e+00	5.187225e+00
2.580000e-06	7.627559e-10	2.645621e-10	6.434286e+00	7.166502e+00
2.590000e-06	7.905631e-10	3.410533e-10	6.668855e+00	9.150732e+00
2.600000e-06	8.183549e-10	4.192479e-10	6.903296e+00	1.113609e+01
2.610000e-06	8.461290e-10	4.946399e-10	7.137586e+00	1.311946e+01
2.620000e-06	8.739055e-10	5.672271e-10	7.371897e+00	1.509896e+01
2.630000e-06	9.016743e-10	6.430900e-10	7.606143e+00	1.707415e+01
2.640000e-06	9.294072e-10	7.233021e-10	7.840086e+00	1.904610e+01
2.650000e-06	9.570966e-10	8.011005e-10	8.073662e+00	2.101714e+01
2.660000e-06	9.847548e-10	8.777146e-10	8.306974e+00	2.299042e+01
2.670000e-06	1.012385e-09	9.576639e-10	8.540052e+00	2.496931e+01
2.680000e-06	1.039979e-09	1.036365e-09	8.772824e+00	2.695681e+01
2.690000e-06	1.067533e-09	1.111273e-09	9.005259e+00	2.895495e+01
2.700000e-06	1.095031e-09	1.187193e-09	9.237219e+00	3.096442e+01
2.710000e-06	1.122488e-09	1.266820e-09	9.468830e+00	3.298438e+01
2.720000e-06	1.149894e-09	1.346375e-09	9.700015e+00	3.501254e+01
2.730000e-06	1.177226e-09	1.424440e-09	9.930579e+00	3.704550e+01
2.740000e-06	1.204509e-09	1.502552e-09	1.016072e+01	3.907927e+01
2.750000e-06	1.231737e-09	1.580079e-09	1.039040e+01	4.110986e+01
2.760000e-06	1.258871e-09	1.658709e-09	1.061930e+01	4.313395e+01
2.770000e-06	1.285904e-09	1.737455e-09	1.084734e+01	4.514938e+01
2.780000e-06	1.312857e-09	1.813365e-09	1.107470e+01	4.715550e+01
2.790000e-06	1.339717e-09	1.890146e-09	1.130128e+01	4.915325e+01
2.800000e-06	1.366464e-09	1.971593e-09	1.152691e+01	5.114498e+01
2.810000e-06	1.393112e-09	2.052071e-09	1.175170e+01	5.313404e+01
2.820000e-06	1.419649e-09	2.127488e-09	1.197555e+01	5.512418e+01
2.830000e-06	1.446060e-09	2.203126e-09	1.219834e+01	5.711893e+01
2.840000e-06	1.472337e-09	2.282070e-09	1.242000e+01	5.912092e+01
2.850000e-06	1.498470e-09	2.363526e-09	1.264045e+01	6.113145e+01
2.860000e-06	1.524492e-09	2.444789e-09	1.285995e+01	6.315015e+01
2.870000e-06	1.550389e-09	2.523598e-09	1.307841e+01	6.517505e+01
2.880000e-06	1.576162e-09	2.600793e-09	1.329582e+01	6.720278e+01
2.890000e-06	1.601789e-09	2.679701e-09	1.351200e+01	6.922911e+01
2.900000e-06	1.627278e-09	2.760615e-09	1.372701e+01	7.124957e+01
2.910000e-06	1.652642e-09	2.839024e-09	1.394098e+01	7.326015e+01
2.920000e-06	1.677886e-09	2.915144e-09	1.415392e+01	7.525794e+01
2.930000e-06	1.702981e-09	2.993016e-09	1.436561e+01	7.724157e+01
2.940000e-06	1.727938e-09	3.072954e-09	1.457614e+01	7.921143e+01
2.950000e-06	1.752792e-09	3.152735e-09	1.478580e+01	8.116965e+01
2.960000e-06	1.777513e-09	3.230910e-09	1.499433e+01	8.311971e+01
2.970000e-06	1.802127e-09	3.308455e-09	1.520197e+01	8.506588e+01
2.980000e-06	1.826631e-09	3.386671e-09	1.540867e+01	8.701260e+01
2.990000e-06	1.851042e-09	3.465332e-09	1.561459e+01	8.896368e+01
3.000000e-06	1.875388e-09	3.543193e-09	1.581996e+01	9.092173e+01
3.010000e-06	1.899656e-09	3.618714e-09	1.602468e+01	9.288770e+01
3.020000e-06	1.923857e-09	3.693482e-09	1.622883e+01	9.486074e+01
3.030000e-06	1.947978e-09	3.770959e-09	1.643231e+01	9.683827e+01
3.040000e-06	1.972045e-09	3.849616e-09	1.663532e+01	9.881642e+01
3.050000e-06	1.996072e-09	3.926185e-09	1.683801e+01	1.007906e+02
3.060000e-06	2.020045e-09	4.002736e-09	1.704023e+01	1.027562e+02
3.070000e-06	2.043974e-09	4.080655e-09	1.724208e+01	1.047094e+02
3.080000e-06	2.067848e-09	4.157609e-09	1.744347e+01	1.066475e+02
3.090000e-06	2.091660e-09	4.234468e-09	1.764434e+01	1.085698e+02
3.100000e-06	2.115411e-09	4.311241e-09	1.784469e+01	1.104771e+02
3.110000e-06	2.139108e-09	4.385079e-09	1.804460e+01	1.123720e+02
3.120000e-06	2.162733e-09	4.456299e-09	1.824389e+01	1.142583e+02
3.130000e-06	2.186265e-09	4.527947e-09	1.844239e+01	1.161404e+02
3.140000e-06	2.209725e-09	4.602662e-09	1.864029e+01	1.180224e+02
3.150000e-06	2.233101e-09	4.678245e-09	1.883748e+01	1.199077e+02
3.160000e-06	2.256352e-09	4.751691e-09	1.903362e+01	1.217984e+02
3.170000e-06	2.279496e-09	4.825855e-09	1.922885e+01	1.236947e+02
3.180000e-06	2.302527e-09	4.902138e-09	1.942313e+01	1.255950e+02
3.190000e-06	2.325430e-09	4.978282e-09	1.961632e+01	1.274965e+02
3.200000e-06	2.348208e-09	5.052713e-09	1.980847e+01	1.293951e+02
3.210000e-06	2.370850e-09	5.124326e-09	1.999947e+01	1.312864e+02
3.220000e-06	2.393360e-09	5.194763e-09	2.018935e+01	1.331661e+02
3.230000e-06	2.415776e-09	5.266385e-09	2.037844e+01	1.350313e+02
3.240000e-06	2.438105e-09	5.338966e-09	2.056680e+01	1.368802e+02
3.250000e-06	2.460307e-09	5.410509e-09	2.075409e+01	1.387127e+02
3.260000e-06	2.482404e-09	5.482096e-09	2.094049e+01	1.405306e+02
3.270000e-06	2.504434e-09	5.555117e-09	2.112632e+01	1.423367e+02
3.280000e-06	2.526379e-09	5.626090e-09	2.131144e+01	1.441348e+02
3.290000e-06	2.548219e-09	5.695921e-09	2.149568e+01	1.459287e+02
3.300000e-06	2.569961e-09	5.767433e-09	2.167908e+01	1.477217e+02
3.310000e-06	2.591609e-09	5.837226e-09	2.186170e+01	1.495159e+02
3.320000e-06	2.613155e-09	5.905107e-09	2.204345e+01	1.513118e+02
3.330000e-06	2.634606e-09	5.974985e-09	2.222440e+01	1.531082e+02
3.340000e-06	2.655929e-09	6.044846e-09	2.240427e+01	1.549022e+02
3.350000e-06	2.677120e-09	6.110547e-09	2.258303e+01	1.566898e+02
3.360000e-06	2.698198e-09	6.175644e-09	2.276083e+01	1.584667e+02
3.370000e-06	2.719120e-09	6.246141e-09	2.293733e+01	1.602284e+02
3.380000e-06	2.739871e-09	6.319430e-09	2.311237e+01	1.619715e+02
3.390000e-06	2.760481e-09	6.387406e-09	2.328623e+01	1.636940e+02
3.400000e-06	2.780973e-09	6.448661e-09	2.345909e+01	1.653957e+02
3.410000e-06	2.801338e-09	6.511488e-09	2.363088e+01	1.670782e+02
3.420000e-06	2.821585e-09	6.580997e-09	2.380167e+01	1.687446e+02
3.430000e-06	2.841750e-09	6.649204e-09	2.397178e+01	1.703992e+02
3.440000e-06	2.861838e-09	6.711505e-09	2.414123e+01	1.720467e+02
3.450000e-06	2.881857e-09	6.774635e-09	2.431011e+01	1.736912e+02
3.460000e-06	2.901823e-09	6.842806e-09	2.447853e+01	1.753360e+02
3.470000e-06	2.921721e-09	6.910174e-09	2.464638e+01	1.769825e+02
3.480000e-06	2.941556e-09	6.970865e-09	2.481370e+01	1.786303e+02
3.490000e-06	2.961334e-09	7.029770e-09	2.498054e+01	1.802773e+02
3.500000e-06	2.981057e-09	7.092686e-09	2.514691e+01	1.819196e+02
3.510000e-06	3.000700e-09	7.160780e-09	2.531261e+01	1.835527e+02
3.520000e-06	3.020249e-09	7.227635e-09	2.547752e+01	1.851715e+02
3.530000e-06	3.039683e-09	7.287803e-09	2.564146e+01	1.867720e+02
3.540000e-06	3.058991e-09	7.345615e-09	2.580433e+01	1.883512e+02
3.550000e-06	3.078154e-09	7.405459e-09	2.596598e+01	1.899082e+02
3.560000e-06	3.097135e-09	7.467498e-09	2.612610e+01	1.914439e+02
3.570000e-06	3.115925e-09	7.525937e-09	2.628460e+01	1.929613e+02
3.580000e-06	3.134527e-09	7.581430e-09	2.644152e+01	1.944648e+02
3.590000e-06	3.152953e-09	7.641531e-09	2.659696e+01	1.959598e+02
3.600000e-06	3.171186e-09	7.708700e-09	2.675076e+01	1.974515e+02
3.610000e-06	3.189229e-09	7.776553e-09	2.690296e+01	1.989443e+02
3.620000e-06	3.207121e-09	7.835835e-09	2.705389e+01	2.004412e+02
3.630000e-06	3.224862e-09	7.888408e-09	2.720354e+01	2.019432e+02
3.640000e-06	3.242457e-09	7.938094e-09	2.735197e+01	2.034489e+02
3.650000e-06	3.259936e-09	7.989744e-09	2.749941e+01	2.049552e+02
3.660000e-06	3.277301e-09	8.049382e-09	2.764590e+01	2.064574e+02
3.670000e-06	3.294559e-09	8.114077e-09	2.779148e+01	2.079499e+02
3.680000e-06	3.311712e-09	8.177390e-09	2.793617e+01	2.094273e+02
3.690000e-06	3.328751e-09	8.238543e-09	2.807991e+01	2.108851e+02
3.700000e-06	3.345689e-09	8.299076e-09	2.822279e+01	2.123204e+02
3.710000e-06	3.362498e-09	8.354405e-09	2.836458e+01	2.137322e+02
3.720000e-06	3.379161e-09	8.401645e-09	2.850514e+01	2.151216e+02
3.730000e-06	3.395692e-09	8.447859e-09	2.864459e+01	2.164915e+02
3.740000e-06	3.412077e-09	8.501211e-09	2.878281e+01	2.178463e+02
3.750000e-06	3.428288e-09	8.558850e-09	2.891956e+01	2.191905e+02
3.760000e-06	3.444291e-09	8.615452e-09	2.905455e+01	2.205287e+02
3.770000e-06	3.460083e-09	8.672512e-09	2.918777e+01	2.218642e+02
3.780000e-06	3.475667e-09	8.730538e-09	2.931923e+01	2.231985e+02
3.790000e-06	3.491002e-09	8.787351e-09	2.944859e+01	2.245312e+02
3.800000e-06	3.506097e-09	8.839348e-09	2.957592e+01	2.258599e+02
3.810000e-06	3.520972e-09	8.884364e-09	2.970140e+01	2.271804e+02
3.820000e-06	3.535628e-09	8.926791e-09	2.982503e+01	2.284879e+02
3.830000e-06	3.550109e-09	8.972673e-09	2.994719e+01	2.297770e+02
3.840000e-06	3.564400e-09	9.022292e-09	3.006774e+01	2.310433e+02
3.850000e-06	3.578516e-09	9.071209e-09	3.018681e+01	2.322836e+02
3.860000e-06	3.592492e-09	9.119429e-09	3.030471e+01	2.334969e+02
3.870000e-06	3.606330e-09	9.171636e-09	3.042144e+01	2.346844e+02
3.880000e-06	3.620035e-09	9.226928e-09	3.053705e+01	2.358493e+02
3.890000e-06	3.633571e-09	9.276063e-09	3.065123e+01	2.369963e+02
3.900000e-06	3.646924e-09	9.314561e-09	3.076387e+01	2.381309e+02
3.910000e-06	3.660124e-09	9.349184e-09	3.087523e+01	2.392587e+02
3.920000e-06	3.673147e-09	9.388802e-09	3.098507e+01	2.403841e+02
3.930000e-06	3.685963e-09	9.432531e-09	3.109319e+01	2.415099e+02
3.940000e-06	3.698616e-09	9.474824e-09	3.119993e+01	2.426365e+02
3.950000e-06	3.711102e-09	9.516073e-09	3.130525e+01	2.437622e+02
3.960000e-06	3.723398e-09	9.559394e-09	3.140897e+01	2.448831e+02
3.970000e-06	3.735532e-09	9.607475e-09	3.151133e+01	2.459939e+02
3.980000e-06	3.747539e-09	9.655668e-09	3.161262e+01	2.470888e+02
3.990000e-06	3.759427e-09	9.694505e-09	3.171290e+01	2.481621e+02
4.000000e-06	3.771178e-09	9.723354e-09	3.181203e+01	2.492097e+02
4.010000e-06	3.782757e-09	9.753352e-09	3.190970e+01	2.502290e+02
4.020000e-06	3.794153e-09	9.791634e-09	3.200584e+01	2.512203e+02
4.030000e-06	3.805322e-09	9.830717e-09	3.210005e+01	2.521857e+02
4.040000e-06	3.816241e-09	9.867708e-09	3.219216e+01	2.531297e+02
4.050000e-06	3.826909e-09	9.908141e-09	3.228215e+01	2.540577e+02
4.060000e-06	3.837293e-09	9.951650e-09	3.236974e+01	2.549754e+02
4.070000e-06	3.847373e-09	9.991038e-09	3.245477e+01	2.558879e+02
4.080000e-06	3.857135e-09	1.002213e-08	3.253712e+01	2.567984e+02
4.090000e-06	3.866614e-09	1.005105e-08	3.261708e+01	2.577080e+02
4.100000e-06	3.875803e-09	1.008180e-08	3.269459e+01	2.586151e+02
4.110000e-06	3.884702e-09	1.011324e-08	3.276966e+01	2.595158e+02
4.120000e-06	3.893360e-09	1.014644e-08	3.284270e+01	2.604043e+02
4.130000e-06	3.901813e-09	1.018081e-08	3.291401e+01	2.612739e+02
4.140000e-06	3.910108e-09	1.021352e-08	3.298398e+01	2.621182e+02
4.150000e-06	3.918261e-09	1.024363e-08	3.305275e+01	2.629319e+02
4.160000e-06	3.926291e-09	1.027173e-08	3.312049e+01	2.637120e+02
4.170000e-06	3.934225e-09	1.029684e-08	3.318742e+01	2.644584e+02
4.180000e-06	3.942072e-09	1.031998e-08	3.325361e+01	2.651737e+02
4.190000e-06	3.949828e-09	1.034639e-08	3.331903e+01	2.658634e+02
4.200000e-06	3.957471e-09	1.037826e-08	3.338351e+01	2.665347e+02
4.210000e-06	3.964984e-09	1.041115e-08	3.344688e+01	2.671956e+02
4.220000e-06	3.972339e-09	1.043999e-08	3.350893e+01	2.678536e+02
4.230000e-06	3.979497e-09	1.046464e-08	3.356931e+01	2.685145e+02
4.240000e-06	3.986451e-09	1.048668e-08	3.362797e+01	2.691812e+02
4.250000e-06	3.993227e-09	1.050700e-08	3.368513e+01	2.698536e+02
4.260000e-06	3.999835e-09	1.052761e-08	3.374087e+01	2.705281e+02
4.270000e-06	4.006241e-09	1.054864e-08	3.379491e+01	2.711984e+02
4.280000e-06	4.012460e-09	1.057217e-08	3.384737e+01	2.718560e+02
4.290000e-06	4.018543e-09	1.060024e-08	3.389868e+01	2.724921e+02
4.300000e-06	4.024464e-09	1.062736e-08	3.394863e+01	2.730986e+02
4.310000e-06	4.030219e-09	1.064802e-08	3.399718e+01	2.736695e+02
4.320000e-06	4.035803e-09	1.066275e-08	3.404429e+01	2.742020e+02
4.330000e-06	4.041178e-09	1.067791e-08	3.408963e+01	2.746970e+02
4.340000e-06	4.046349e-09	1.069859e-08	3.413325e+01	2.751590e+02
4.350000e-06	4.051347e-09	1.071964e-08	3.417541e+01	2.755956e+02
4.360000e-06	4.056148e-09	1.073400e-08	3.421591e+01	2.760164e+02
4.370000e-06	4.060737e-09	1.074824e-08	3.425462e+01	2.764312e+02
4.380000e-06	4.065150e-09	1.076984e-08	3.429184e+01	2.768488e+02
4.390000e-06	4.069416e-09	1.078919e-08	3.432783e+01	2.772752e+02
4.400000e-06	4.073550e-09	1.080149e-08	3.436271e+01	2.777127e+02
4.410000e-06	4.077573e-09	1.081521e-08	3.439664e+01	2.781595e+02
4.420000e-06	4.081515e-09	1.083105e-08	3.442989e+01	2.786097e+02
4.430000e-06	4.085373e-09	1.084503e-08	3.446243e+01	2.790541e+02
4.440000e-06	4.089134e-09	1.085670e-08	3.449416e+01	2.794817e+02
4.450000e-06	4.092781e-09	1.086906e-08	3.452493e+01	2.798812e+02
4.460000e-06	4.096289e-09	1.088262e-08	3.455452e+01	2.802433e+02
4.470000e-06	4.099630e-09	1.089473e-08	3.458270e+01	2.805615e+02
4.480000e-06	4.102769e-09	1.090623e-08	3.460918e+01	2.808339e+02
4.490000e-06	4.105644e-09	1.091614e-08	3.463343e+01	2.810637e+02
4.500000e-06	4.108230e-09	1.092487e-08	3.465525e+01	2.812583e+02
4.510000e-06	4.110516e-09	1.093327e-08	3.467454e+01	2.814288e+02
4.520000e-06	4.112492e-09	1.093984e-08	3.469121e+01	2.815883e+02
4.530000e-06	4.114180e-09	1.094647e-08	3.470544e+01	2.817497e+02
4.540000e-06	4.115547e-09	1.095158e-08	3.471698e+01	2.819236e+02
4.550000e-06	4.116612e-09	1.095571e-08	3.472595e+01	2.821167e+02
4.560000e-06	4.117425e-09	1.096144e-08	3.473281e+01	2.823302e+02
4.570000e-06	4.117993e-09	1.096981e-08	3.473761e+01	2.825597e+02
4.580000e-06	4.118368e-09	1.097443e-08	3.474077e+01	2.827949e+02
4.590000e-06	4.118598e-09	1.097256e-08	3.474271e+01	2.830215e+02
4.600000e-06	4.118693e-09	1.097499e-08	3.474351e+01	2.832226e+02
4.610000e-06	4.118677e-09	1.097583e-08	3.474338e+01	2.833815e+02
4.620000e-06	4.118572e-09	1.097133e-08	3.474249e+01	2.834839e+02
4.630000e-06	4.118361e-09	1.097357e-08	3.474071e+01	2.835200e+02
4.640000e-06	4.118027e-09	1.098176e-08	3.473789e+01	2.834866e+02
4.650000e-06	4.117554e-09	1.098666e-08	3.473390e+01	2.833875e+02
4.660000e-06	4.116910e-09	1.100649e-08	3.472847e+01	2.832335e+02
4.670000e-06	4.116093e-09	1.102833e-08	3.472158e+01	2.830410e+02
4.680000e-06	4.115089e-09	1.093584e-08	3.471311e+01	2.828305e+02
4.690000e-06	4.113876e-09	1.081502e-08	3.470288e+01	2.826235e+02
4.700000e-06	4.112450e-09	1.097926e-08	3.469085e+01	2.824402e+02
4.710000e-06	4.110808e-09	1.118828e-08	3.467700e+01	2.822969e+02
4.720000e-06	4.108968e-09	1.097087e-08	3.466148e+01	2.822039e+02
4.730000e-06	4.106946e-09	1.074554e-08	3.464442e+01	2.821645e+02
4.740000e-06	4.104776e-09	1.098823e-08	3.462612e+01	2.821747e+02
4.750000e-06	4.102488e-09	1.111646e-08	3.460682e+01	2.822245e+02
4.760000e-06	4.100059e-09	1.079775e-08	3.458633e+01	2.822989e+02
4.770000e-06	4.097453e-09	1.078016e-08	3.456434e+01	2.823808e+02
4.780000e-06	4.094654e-09	1.120470e-08	3.454073e+01	2.824532e+02
4.790000e-06	4.091683e-09	1.119535e-08	3.451567e+01	2.825016e+02
4.800000e-06	4.088529e-09	1.075907e-08	3.448906e+01	2.825156e+02
4.810000e-06	4.085167e-09	1.080587e-08	3.446070e+01	2.824904e+02
4.820000e-06	4.081606e-09	1.124542e-08	3.443066e+01	2.824265e+02
4.830000e-06	4.077891e-09	1.118633e-08	3.439933e+01	2.823289e+02
4.840000e-06	4.074053e-09	1.077398e-08	3.436695e+01	2.822055e+02
4.850000e-06	4.070109e-09	1.085987e-08	3.433368e+01	2.820654e+02
4.860000e-06	4.066080e-09	1.119803e-08	3.429970e+01	2.819163e+02
4.870000e-06	4.061961e-09	1.102360e-08	3.426495e+01	2.817629e+02
4.880000e-06	4.057755e-09	1.075196e-08	3.422946e+01	2.816057e+02
4.890000e-06	4.053452e-09	1.099145e-08	3.419317e+01	2.814405e+02
4.900000e-06	4.049005e-09	1.113644e-08	3.415566e+01	2.812596e+02
4.910000e-06	4.044371e-09	1.082470e-08	3.411656e+01	2.810529e+02
4.920000e-06	4.039503e-09	1.082715e-08	3.407550e+01	2.808102e+02
4.930000e-06	4.034364e-09	1.122895e-08	3.403215e+01	2.805244e+02
4.940000e-06	4.028931e-09	1.113162e-08	3.398632e+01	2.801933e+02
4.950000e-06	4.023147e-09	1.068108e-08	3.393753e+01	2.798222e+02
4.960000e-06	4.016984e-09	1.079456e-08	3.388554e+01	2.794242e+02
4.970000e-06	4.010493e-09	1.112170e-08	3.383079e+01	2.790203e+02
4.980000e-06	4.003712e-09	1.089213e-08	3.377359e+01	2.786378e+02
4.990000e-06	3.996642e-09	1.069545e-08	3.371395e+01	2.783072e+02
5.000000e-06	3.989321e-09	1.098401e-08	3.365219e+01	2.780586e+02
5.010000e-06	3.981777e-09	1.098690e-08	3.358855e+01	2.779173e+02
5.020000e-06	3.974071e-09	1.067765e-08	3.352355e+01	2.779001e+02
5.030000e-06	3.966246e-09	1.089379e-08	3.345754e+01	2.780115e+02
5.040000e-06	3.958309e-09	1.126208e-08	3.339058e+01	2.782419e+02
5.050000e-06	3.950271e-09	1.103262e-08	3.332278e+01	2.785670e+02
5.060000e-06	3.942140e-09	1.084530e-08	3.325419e+01	2.789493e+02
5.070000e-06	3.933929e-09	1.106250e-08	3.318493e+01	2.793410e+02
5.080000e-06	3.925615e-09	1.094857e-08	3.311479e+01	2.796888e+02
5.090000e-06	3.917176e-09	1.067940e-08	3.304361e+01	2.799392e+02
5.100000e-06	3.908571e-09	1.097518e-08	3.297102e+01	2.800445e+02
5.110000e-06	3.899783e-09	1.126414e-08	3.289689e+01	2.799681e+02
5.120000e-06	3.890810e-09	1.108445e-08	3.282119e+01	2.796888e+02
5.130000e-06	3.881607e-09	1.113634e-08	3.274356e+01	2.792031e+02
5.140000e-06	3.872189e-09	1.133479e-08	3.266411e+01	2.785260e+02
5.150000e-06	3.862604e-09	1.101814e-08	3.258326e+01	2.776893e+02
5.160000e-06	3.852860e-09	1.072518e-08	3.250106e+01	2.767381e+02
5.170000e-06	3.842946e-09	1.084168e-08	3.241743e+01	2.757256e+02
5.180000e-06	3.832884e-09	1.070940e-08	3.233256e+01	2.747069e+02
5.190000e-06	3.822683e-09	1.047108e-08	3.224650e+01	2.737335e+02
5.200000e-06	3.812335e-09	1.063882e-08	3.215921e+01	2.728471e+02
5.210000e-06	3.801843e-09	1.076864e-08	3.207071e+01	2.720754e+02
5.220000e-06	3.791176e-09	1.064433e-08	3.198072e+01	2.714298e+02
5.230000e-06	3.780279e-09	1.066294e-08	3.188880e+01	2.709049e+02
5.240000e-06	3.769178e-09	1.074525e-08	3.179516e+01	2.704801e+02
5.250000e-06	3.757918e-09	1.066573e-08	3.170017e+01	2.701228e+02
5.260000e-06	3.746475e-09	1.060577e-08	3.160364e+01	2.697932e+02
5.270000e-06	3.734859e-09	1.060614e-08	3.150566e+01	2.694499e+02
5.280000e-06	3.723079e-09	1.057176e-08	3.140628e+01	2.690547e+02
5.290000e-06	3.711125e-09	1.054778e-08	3.130545e+01	2.685778e+02
5.300000e-06	3.699034e-09	1.052469e-08	3.120346e+01	2.680003e+02
5.310000e-06	3.686788e-09	1.049128e-08	3.110015e+01	2.673166e+02
5.320000e-06	3.674339e-09	1.047402e-08	3.099513e+01	2.665338e+02
5.330000e-06	3.661714e-09	1.042728e-08	3.088863e+01	2.656695e+02
5.340000e-06	3.648898e-09	1.037580e-08	3.078052e+01	2.647495e+02
5.350000e-06	3.635844e-09	1.037288e-08	3.067041e+01	2.638030e+02
5.360000e-06	3.622511e-09	1.034000e-08	3.055793e+01	2.628586e+02
5.370000e-06	3.608883e-09	1.027994e-08	3.044298e+01	2.619402e+02
5.380000e-06	3.594943e-09	1.027346e-08	3.032539e+01	2.610644e+02
5.390000e-06	3.580701e-09	1.025290e-08	3.020525e+01	2.602382e+02
5.400000e-06	3.566183e-09	1.018435e-08	3.008278e+01	2.594592e+02
5.410000e-06	3.551378e-09	1.015072e-08	2.995789e+01	2.587161e+02
5.420000e-06	3.536307e-09	1.013874e-08	2.983076e+01	2.579915e+02
5.430000e-06	3.521019e-09	1.009131e-08	2.970179e+01	2.572646e+02
5.440000e-06	3.505551e-09	1.005041e-08	2.957131e+01	2.565147e+02
5.450000e-06	3.489919e-09	1.003310e-08	2.943945e+01	2.557244e+02
5.460000e-06	3.474161e-09	9.991997e-09	2.930652e+01	2.548818e+02
5.470000e-06	3.458301e-09	9.940559e-09	2.917273e+01	2.539823e+02
5.480000e-06	3.442346e-09	9.909881e-09	2.903814e+01	2.530289e+02
5.490000e-06	3.426306e-09	9.875495e-09	2.890284e+01	2.520312e+02
5.500000e-06	3.410185e-09	9.824002e-09	2.876685e+01	2.510037e+02
5.510000e-06	3.393981e-09	9.788166e-09	2.863015e+01	2.499635e+02
5.520000e-06	3.377706e-09	9.763899e-09	2.849287e+01	2.489273e+02
5.530000e-06	3.361320e-09	9.721977e-09	2.835464e+01	2.479090e+02
5.540000e-06	3.344761e-09	9.677683e-09	2.821496e+01	2.469179e+02
5.550000e-06	3.328051e-09	9.642649e-09	2.807400e+01	2.459572e+02
5.560000e-06	3.311193e-09	9.602446e-09	2.793179e+01	2.450238e+02
5.570000e-06	3.294150e-09	9.557051e-09	2.778802e+01	2.441093e+02
5.580000e-06	3.276913e-09	9.519595e-09	2.764262e+01	2.432015e+02
5.590000e-06	3.259501e-09	9.481718e-09	2.749574e+01	2.422862e+02
5.600000e-06	3.241944e-09	9.437457e-09	2.734764e+01	2.413500e+02
5.610000e-06	3.224256e-09	9.400587e-09	2.719843e+01	2.403817e+02
5.620000e-06	3.206439e-09	9.364642e-09	2.704813e+01	2.393745e+02
5.630000e-06	3.188485e-09	9.316820e-09	2.689668e+01	2.383269e+02
5.640000e-06	3.170424e-09	9.270228e-09	2.674433e+01	2.372420e+02
5.650000e-06	3.152277e-09	9.234568e-09	2.659125e+01	2.361280e+02
5.660000e-06	3.134033e-09	9.191765e-09	2.643735e+01	2.349954e+02
5.670000e-06	3.115665e-09	9.139528e-09	2.628241e+01	2.338562e+02
5.680000e-06	3.097154e-09	9.096230e-09	2.612625e+01	2.327216e+02
5.690000e-06	3.078500e-09	9.061137e-09	2.596890e+01	2.316002e+02
5.700000e-06	3.059721e-09	9.021348e-09	2.581049e+01	2.304965e+02
5.710000e-06	3.040804e-09	8.975643e-09	2.565091e+01	2.294108e+02
5.720000e-06	3.021732e-09	8.932636e-09	2.549003e+01	2.283390e+02
5.730000e-06	3.002511e-09	8.890278e-09	2.532789e+01	2.272732e+02
5.740000e-06	2.983133e-09	8.845632e-09	2.516442e+01	2.262034e+02
5.750000e-06	2.963612e-09	8.800937e-09	2.499975e+01	2.251190e+02
5.760000e-06	2.943956e-09	8.753243e-09	2.483394e+01	2.240105e+02
5.770000e-06	2.924192e-09	8.700819e-09	2.466722e+01	2.228711e+02
5.780000e-06	2.904344e-09	8.651659e-09	2.449979e+01	2.216977e+02
5.790000e-06	2.884416e-09	8.609635e-09	2.433168e+01	2.204911e+02
5.800000e-06	2.864432e-09	8.563903e-09	2.416311e+01	2.192561e+02
5.810000e-06	2.844394e-09	8.514612e-09	2.399408e+01	2.180006e+02
5.820000e-06	2.824307e-09	8.470343e-09	2.382463e+01	2.167342e+02
5.830000e-06	2.804171e-09	8.427057e-09	2.365478e+01	2.154667e+02
5.840000e-06	2.783971e-09	8.377712e-09	2.348437e+01	2.142065e+02
5.850000e-06	2.763715e-09	8.323838e-09	2.331350e+01	2.129594e+02
5.860000e-06	2.743381e-09	8.269786e-09	2.314198e+01	2.117280e+02
5.870000e-06	2.722926e-09	8.218791e-09	2.296943e+01	2.105109e+02
5.880000e-06	2.702359e-09	8.175295e-09	2.279593e+01	2.093035e+02
5.890000e-06	2.681669e-09	8.131489e-09	2.262140e+01	2.080985e+02
5.900000e-06	2.660828e-09	8.080066e-09	2.244559e+01	2.068876e+02
5.910000e-06	2.639828e-09	8.028648e-09	2.226845e+01	2.056624e+02
5.920000e-06	2.618642e-09	7.979430e-09	2.208973e+01	2.044158e+02
5.930000e-06	2.597236e-09	7.926293e-09	2.190916e+01	2.031437e+02
5.940000e-06	2.575602e-09	7.868370e-09	2.172666e+01	2.018447e+02
5.950000e-06	2.553754e-09	7.812411e-09	2.154236e+01	2.005211e+02
5.960000e-06	2.531692e-09	7.760178e-09	2.135626e+01	1.991777e+02
5.970000e-06	2.509404e-09	7.713094e-09	2.116825e+01	1.978216e+02
5.980000e-06	2.486869e-09	7.670753e-09	2.097815e+01	1.964607e+02
5.990000e-06	2.464122e-09	7.622940e-09	2.078627e+01	1.951022e+02
6.000000e-06	2.441200e-09	7.565840e-09	2.059291e+01	1.937520e+02
6.010000e-06	2.418103e-09	7.506619e-09	2.039807e+01	1.924131e+02
6.020000e-06	2.394844e-09	7.452035e-09	2.020187e+01	1.910858e+02
6.030000e-06	2.371456e-09	7.394592e-09	2.000458e+01	1.897672e+02
6.040000e-06	2.347957e-09	7.330799e-09	1.980635e+01	1.884521e+02
6.050000e-06	2.324338e-09	7.273224e-09	1.960711e+01	1.871335e+02
6.060000e-06	2.300628e-09	7.226412e-09	1.940710e+01	1.858040e+02
6.070000e-06	2.276844e-09	7.182432e-09	1.920647e+01	1.844572e+02
6.080000e-06	2.252990e-09	7.132935e-09	1.900525e+01	1.830882e+02
6.090000e-06	2.229074e-09	7.076182e-09	1.880350e+01	1.816947e+02
6.100000e-06	2.205100e-09	7.013104e-09	1.860127e+01	1.802774e+02
6.110000e-06	2.181082e-09	6.949366e-09	1.839866e+01	1.788395e+02
6.120000e-06	2.157029e-09	6.886536e-09	1.819577e+01	1.773864e+02
6.130000e-06	2.132919e-09	6.824029e-09	1.799239e+01	1.759248e+02
6.140000e-06	2.108751e-09	6.770162e-09	1.778851e+01	1.744614e+02
6.150000e-06	2.084556e-09	6.723437e-09	1.758441e+01	1.730019e+02
6.160000e-06	2.060308e-09	6.677118e-09	1.737987e+01	1.715502e+02
6.170000e-06	2.035974e-09	6.625918e-09	1.717460e+01	1.701077e+02
6.180000e-06	2.011583e-09	6.565288e-09	1.696885e+01	1.686729e+02
6.190000e-06	1.987134e-09	6.497598e-09	1.676260e+01	1.672422e+02
6.200000e-06	1.962585e-09	6.430568e-09	1.655552e+01	1.658100e+02
6.210000e-06	1.937958e-09	6.368681e-09	1.634777e+01	1.643700e+02
6.220000e-06	1.913256e-09	6.310690e-09	1.613940e+01	1.629160e+02
6.230000e-06	1.888437e-09	6.257766e-09	1.593004e+01	1.614433e+02
6.240000e-06	1.863509e-09	6.206378e-09	1.571976e+01	1.599489e+02
6.250000e-06	1.838512e-09	6.155269e-09	1.550890e+01	1.584326e+02
6.260000e-06	1.813436e-09	6.102333e-09	1.529736e+01	1.568966e+02
6.270000e-06	1.788253e-09	6.036163e-09	1.508493e+01	1.553453e+02
6.280000e-06	1.762950e-09	5.962292e-09	1.487148e+01	1.537848e+02
6.290000e-06	1.737541e-09	5.899033e-09	1.465715e+01	1.522215e+02
6.300000e-06	1.712063e-09	5.844018e-09	1.444223e+01	1.506612e+02
6.310000e-06	1.686532e-09	5.784047e-09	1.422686e+01	1.491085e+02
6.320000e-06	1.660941e-09	5.723886e-09	1.401098e+01	1.475655e+02
6.330000e-06	1.635276e-09	5.668971e-09	1.379449e+01	1.460320e+02
6.340000e-06	1.609523e-09	5.611413e-09	1.357724e+01	1.445051e+02
6.350000e-06	1.583702e-09	5.549451e-09	1.335943e+01	1.429801e+02
6.360000e-06	1.557818e-09	5.486084e-09	1.314108e+01	1.414506e+02
6.370000e-06	1.531876e-09	5.424347e-09	1.292225e+01	1.399104e+02
6.380000e-06	1.505893e-09	5.366315e-09	1.270306e+01	1.383536e+02
6.390000e-06	1.479850e-09	5.308513e-09	1.248338e+01	1.367761e+02
6.400000e-06	1.453755e-09	5.245938e-09	1.226325e+01	1.351760e+02
6.410000e-06	1.427612e-09	5.179050e-09	1.204272e+01	1.335541e+02
6.420000e-06	1.401407e-09	5.114061e-09	1.182166e+01	1.319136e+02
6.430000e-06	1.375140e-09	5.053489e-09	1.160009e+01	1.302597e+02
6.440000e-06	1.348818e-09	4.993320e-09	1.137805e+01	1.285987e+02
6.450000e-06	1.322422e-09	4.930798e-09	1.115538e+01	1.269373e+02
6.460000e-06	1.295951e-09	4.869595e-09	1.093209e+01	1.252815e+02
6.470000e-06	1.269415e-09	4.809766e-09	1.070824e+01	1.236355e+02
6.480000e-06	1.242834e-09	4.746190e-09	1.048402e+01	1.220016e+02
6.490000e-06	1.216217e-09	4.676755e-09	1.025948e+01	1.203794e+02
6.500000e-06	1.189554e-09	4.604556e-09	1.003457e+01	1.187665e+02
6.510000e-06	1.162831e-09	4.537125e-09	9.809144e+00	1.171584e+02
6.520000e-06	1.136036e-09	4.477767e-09	9.583114e+00	1.155497e+02
6.530000e-06	1.109185e-09	4.421254e-09	9.356606e+00	1.139346e+02
6.540000e-06	1.082256e-09	4.359314e-09	9.129446e+00	1.123080e+02
6.550000e-06	1.055275e-09	4.291328e-09	8.901848e+00	1.106665e+02
6.560000e-06	1.028253e-09	4.225409e-09	8.673903e+00	1.090081e+02
6.570000e-06	1.001158e-09	4.161248e-09	8.445342e+00	1.073333e+02
6.580000e-06	9.740087e-10	4.092758e-09	8.216320e+00	1.056444e+02
6.590000e-06	9.467983e-10	4.023205e-09	7.986785e+00	1.039450e+02
6.600000e-06	9.195252e-10	3.957879e-09	7.756721e+00	1.022397e+02
6.610000e-06	8.922061e-10	3.893945e-09	7.526268e+00	1.005328e+02
6.620000e-06	8.648231e-10	3.828178e-09	7.295277e+00	9.882816e+01
6.630000e-06	8.373969e-10	3.762170e-09	7.063922e+00	9.712809e+01
6.640000e-06	8.099502e-10	3.695954e-09	6.832394e+00	9.543327e+01
6.650000e-06	7.824661e-10	3.628356e-09	6.600550e+00	9.374260e+01
6.660000e-06	7.549456e-10	3.561087e-09	6.368399e+00	9.205353e+01
6.670000e-06	7.273920e-10	3.495079e-09	6.135969e+00	9.036253e+01
6.680000e-06	6.998030e-10	3.426328e-09	5.903240e+00	8.866573e+01
6.690000e-06	6.721785e-10	3.354395e-09	5.670211e+00	8.695967e+01
6.700000e-06	6.445437e-10	3.284533e-09	5.437096e+00	8.524192e+01
6.710000e-06	6.168784e-10	3.218002e-09	5.203724e+00	8.351151e+01
6.720000e-06	5.891871e-10	3.151678e-09	4.970132e+00	8.176913e+01
6.730000e-06	5.614967e-10	3.084170e-09	4.736548e+00	8.001705e+01
6.740000e-06	5.337741e-10	3.017542e-09	4.502692e+00	7.825872e+01
6.750000e-06	5.060210e-10	2.951858e-09	4.268579e+00	7.649821e+01
6.760000e-06	4.782595e-10	2.883479e-09	4.034395e+00	7.473952e+01
6.770000e-06	4.504972e-10	2.812271e-09	3.800204e+00	7.298588e+01
6.780000e-06	4.227189e-10	2.743208e-09	3.565878e+00	7.123919e+01
6.790000e-06	3.949146e-10	2.675662e-09	3.331333e+00	6.949969e+01
6.800000e-06	3.671186e-10	2.606539e-09	3.096858e+00	6.776588e+01
6.810000e-06	3.393184e-10	2.538502e-09	2.862347e+00	6.603471e+01
6.820000e-06	3.114779e-10	2.474063e-09	2.627497e+00	6.430205e+01
6.830000e-06	2.836331e-10	2.410457e-09	2.392610e+00	6.256336e+01
6.840000e-06	2.557917e-10	2.343496e-09	2.157751e+00	6.081437e+01
6.850000e-06	2.279394e-10	2.272612e-09	1.922801e+00	5.905180e+01
6.860000e-06	2.000779e-10	2.199213e-09	1.687773e+00	5.727380e+01
6.870000e-06	1.721925e-10	2.126953e-09	1.452544e+00	5.548031e+01
6.880000e-06	1.443014e-10	2.056015e-09	1.217266e+00	5.367302e+01
6.890000e-06	1.164208e-10	1.982965e-09	9.820772e-01	5.185510e+01
6.900000e-06	8.854142e-11	1.912119e-09	7.468983e-01	5.003066e+01
6.910000e-06	6.065922e-11	1.847467e-09	5.116958e-01	4.820412e+01
6.920000e-06	3.277678e-11	1.784102e-09	2.764912e-01	4.637943e+01
6.930000e-06	4.894321e-12	1.720534e-09	4.128666e-02	4.455952e+01
6.940000e-06	-2.299306e-11	1.655794e-09	-1.939595e-01	4.274574e+01
6.950000e-06	-5.087160e-11	1.585038e-09	-4.291312e-01	4.093773e+01
6.960000e-06	-7.874350e-11	1.508830e-09	-6.642468e-01	3.913342e+01
6.970000e-06	-1.066268e-10	1.429435e-09	-8.994586e-01	3.732943e+01
6.980000e-06	-1.345077e-10	1.347917e-09	-1.134650e+00	3.552158e+01
6.990000e-06	-1.623623e-10	1.268754e-09	-1.369620e+00	3.370556e+01
7.000000e-06	-1.902039e-10	1.200883e-09	-1.604481e+00	3.187767e+01
7.010000e-06	-2.180513e-10	1.145182e-09	-1.839389e+00	3.003536e+01
7.020000e-06	-2.459129e-10	1.090427e-09	-2.074418e+00	2.817763e+01
7.030000e-06	-2.737667e-10	1.028605e-09	-2.309381e+00	2.630520e+01
7.040000e-06	-3.016027e-10	9.568843e-10	-2.544193e+00	2.442033e+01
7.050000e-06	-3.294333e-10	8.749079e-10	-2.778961e+00	2.252645e+01
7.060000e-06	-3.572549e-10	7.848513e-10	-3.013652e+00	2.062760e+01
7.070000e-06	-3.850547e-10	6.945876e-10	-3.248159e+00	1.872770e+01
7.080000e-06	-4.128373e-10	6.141141e-10	-3.482521e+00	1.682998e+01
7.090000e-06	-4.406287e-10	5.477469e-10	-3.716958e+00	1.493636e+01
7.100000e-06	-4.684003e-10	4.934740e-10	-3.951227e+00	1.304723e+01
7.110000e-06	-4.961424e-10	4.391063e-10	-4.185248e+00	1.116132e+01
7.120000e-06	-5.238780e-10	3.728751e-10	-4.419212e+00	9.275932e+00
7.130000e-06	-5.515982e-10	2.952412e-10	-4.653049e+00	7.387405e+00
7.140000e-06	-5.792873e-10	2.110526e-10	-4.886622e+00	5.491691e+00
7.150000e-06	-6.069349e-10	1.208418e-10	-5.119846e+00	3.585025e+00
7.160000e-06	-6.345531e-10	3.097481e-11	-5.352821e+00	1.664538e+00
7.170000e-06	-6.621564e-10	-4.561210e-11	-5.585671e+00	-2.712882e-01
7.180000e-06	-6.897452e-10	-1.095278e-10	-5.818398e+00	-2.222376e+00
7.190000e-06	-7.173044e-10	-1.736487e-10	-6.050875e+00	-4.187075e+00
7.200000e-06	-7.448128e-10	-2.414071e-10	-6.282924e+00	-6.162443e+00
7.210000e-06	-7.722672e-10	-3.105957e-10	-6.514517e+00	-8.144723e+00
7.220000e-06	-7.996943e-10	-3.888097e-10	-6.745880e+00	-1.012996e+01
7.230000e-06	-8.271033e-10	-4.784781e-10	-6.977090e+00	-1.211462e+01
7.240000e-06	-8.544642e-10	-5.690270e-10	-7.207895e+00	-1.409618e+01
7.250000e-06	-8.817735e-10	-6.517962e-10	-7.438263e+00	-1.607346e+01
7.260000e-06	-9.090377e-10	-7.282678e-10	-7.668252e+00	-1.804682e+01
7.270000e-06	-9.362435e-10	-8.040284e-10	-7.897748e+00	-2.001799e+01
7.280000e-06	-9.633937e-10	-8.785487e-10	-8.126776e+00	-2.198978e+01
7.290000e-06	-9.904927e-10	-9.482759e-10	-8.355371e+00	-2.396555e+01
7.300000e-06	-1.017514e-09	-1.017800e-09	-8.583314e+00	-2.594853e+01
7.310000e-06	-1.044476e-09	-1.097416e-09	-8.810753e+00	-2.794130e+01
7.320000e-06	-1.071384e-09	-1.185250e-09	-9.037733e+00	-2.994523e+01
7.330000e-06	-1.098225e-09	-1.270129e-09	-9.264156e+00	-3.196023e+01
7.340000e-06	-1.125018e-09	-1.350306e-09	-9.490168e+00	-3.398472e+01
7.350000e-06	-1.151746e-09	-1.430618e-09	-9.715630e+00	-3.601578e+01
7.360000e-06	-1.178405e-09	-1.509169e-09	-9.940514e+00	-3.804964e+01
7.370000e-06	-1.205007e-09	-1.582252e-09	-1.016492e+01	-4.008223e+01
7.380000e-06	-1.231555e-09	-1.655601e-09	-1.038887e+01	-4.210985e+01
7.390000e-06	-1.258032e-09	-1.733797e-09	-1.061221e+01	-4.412971e+01
7.400000e-06	-1.284444e-09	-1.814649e-09	-1.083501e+01	-4.614039e+01
7.410000e-06	-1.310810e-09	-1.895895e-09	-1.105743e+01	-4.814205e+01
7.420000e-06	-1.337105e-09	-1.977091e-09	-1.127924e+01	-5.013640e+01
7.430000e-06	-1.363365e-09	-2.058038e-09	-1.150076e+01	-5.212634e+01
7.440000e-06	-1.389584e-09	-2.138809e-09	-1.172193e+01	-5.411551e+01
7.450000e-06	-1.415737e-09	-2.214854e-09	-1.194254e+01	-5.610762e+01
7.460000e-06	-1.441849e-09	-2.286275e-09	-1.216282e+01	-5.810582e+01
7.470000e-06	-1.467891e-09	-2.361590e-09	-1.238250e+01	-6.011209e+01
7.480000e-06	-1.493871e-09	-2.440180e-09	-1.260165e+01	-6.212691e+01
7.490000e-06	-1.519817e-09	-2.519393e-09	-1.282052e+01	-6.414908e+01
7.500000e-06	-1.545677e-09	-2.599966e-09	-1.303867e+01	-6.617586e+01
7.510000e-06	-1.571463e-09	-2.681378e-09	-1.325618e+01	-6.820337e+01
7.520000e-06	-1.597193e-09	-2.762491e-09	-1.347323e+01	-7.022719e+01
7.530000e-06	-1.622864e-09	-2.838852e-09	-1.368978e+01	-7.224300e+01
7.540000e-06	-1.648462e-09	-2.907800e-09	-1.390572e+01	-7.424728e+01
7.550000e-06	-1.673958e-09	-2.976421e-09	-1.412079e+01	-7.623787e+01
7.560000e-06	-1.699386e-09	-3.053353e-09	-1.433529e+01	-7.821429e+01
7.570000e-06	-1.724704e-09	-3.134643e-09	-1.454886e+01	-8.017784e+01
7.580000e-06	-1.749915e-09	-3.212055e-09	-1.476152e+01	-8.213138e+01
7.590000e-06	-1.775045e-09	-3.288579e-09	-1.497351e+01	-8.407889e+01
7.600000e-06	-1.800080e-09	-3.367358e-09	-1.518470e+01	-8.602480e+01
7.610000e-06	-1.825067e-09	-3.444016e-09	-1.539548e+01	-8.797331e+01
7.620000e-06	-1.849959e-09	-3.517031e-09	-1.560546e+01	-8.992770e+01
7.630000e-06	-1.874721e-09	-3.588274e-09	-1.581433e+01	-9.188975e+01
7.640000e-06	-1.899391e-09	-3.660098e-09	-1.602244e+01	-9.385950e+01
7.650000e-06	-1.923977e-09	-3.736047e-09	-1.622983e+01	-9.583519e+01
7.660000e-06	-1.948487e-09	-3.815993e-09	-1.643660e+01	-9.781353e+01
7.670000e-06	-1.972932e-09	-3.893344e-09	-1.664280e+01	-9.979020e+01
7.680000e-06	-1.997291e-09	-3.966665e-09	-1.684828e+01	-1.017605e+02
7.690000e-06	-2.021592e-09	-4.043393e-09	-1.705328e+01	-1.037202e+02
7.700000e-06	-2.045854e-09	-4.122854e-09	-1.725794e+01	-1.056659e+02
7.710000e-06	-2.070057e-09	-4.197462e-09	-1.746210e+01	-1.075959e+02
7.720000e-06	-2.094208e-09	-4.267579e-09	-1.766584e+01	-1.095103e+02
7.730000e-06	-2.118323e-09	-4.337777e-09	-1.786926e+01	-1.114109e+02
7.740000e-06	-2.142403e-09	-4.409956e-09	-1.807238e+01	-1.133009e+02
7.750000e-06	-2.166436e-09	-4.484816e-09	-1.827512e+01	-1.151845e+02
7.760000e-06	-2.190416e-09	-4.561527e-09	-1.847740e+01	-1.170661e+02
7.770000e-06	-2.214343e-09	-4.637739e-09	-1.867924e+01	-1.189494e+02
7.780000e-06	-2.238217e-09	-4.713791e-09	-1.888063e+01	-1.208373e+02
7.790000e-06	-2.262041e-09	-4.788870e-09	-1.908161e+01	-1.227309e+02
7.800000e-06	-2.285784e-09	-4.861623e-09	-1.928189e+01	-1.246295e+02
7.810000e-06	-2.309424e-09	-4.933660e-09	-1.948130e+01	-1.265308e+02
7.820000e-06	-2.332970e-09	-5.003818e-09	-1.967993e+01	-1.284313e+02
7.830000e-06	-2.356416e-09	-5.072237e-09	-1.987771e+01	-1.303266e+02
7.840000e-06	-2.379748e-09	-5.142839e-09	-2.007453e+01	-1.322125e+02
7.850000e-06	-2.402946e-09	-5.217953e-09	-2.027022e+01	-1.340851e+02
7.860000e-06	-2.425981e-09	-5.292948e-09	-2.046453e+01	-1.359420e+02
7.870000e-06	-2.448844e-09	-5.363756e-09	-2.065740e+01	-1.377824e+02
7.880000e-06	-2.471526e-09	-5.433951e-09	-2.084873e+01	-1.396072e+02
7.890000e-06	-2.494017e-09	-5.506852e-09	-2.103845e+01	-1.414186e+02
7.900000e-06	-2.516296e-09	-5.580974e-09	-2.122639e+01	-1.432201e+02
7.910000e-06	-2.538371e-09	-5.652385e-09	-2.141260e+01	-1.450155e+02
7.920000e-06	-2.560236e-09	-5.722131e-09	-2.159705e+01	-1.468086e+02
7.930000e-06	-2.581869e-09	-5.792078e-09	-2.177953e+01	-1.486020e+02
7.940000e-06	-2.603299e-09	-5.862365e-09	-2.196030e+01	-1.503971e+02
7.950000e-06	-2.624545e-09	-5.933159e-09	-2.213952e+01	-1.521934e+02
7.960000e-06	-2.645587e-09	-6.000507e-09	-2.231703e+01	-1.539889e+02
7.970000e-06	-2.666440e-09	-6.065935e-09	-2.249294e+01	-1.557801e+02
7.980000e-06	-2.687130e-09	-6.135514e-09	-2.266747e+01	-1.575628e+02
7.990000e-06	-2.707669e-09	-6.208008e-09	-2.284072e+01	-1.593324e+02
8.000000e-06	-2.728093e-09	-6.279637e-09	-2.301301e+01	-1.610849e+02
8.010000e-06	-2.748432e-09	-6.348374e-09	-2.318458e+01	-1.628176e+02
8.020000e-06	-2.768697e-09	-6.414502e-09	-2.335553e+01	-1.645294e+02
8.030000e-06	-2.788888e-09	-6.476394e-09	-2.352585e+01	-1.662210e+02
8.040000e-06	-2.809017e-09	-6.535583e-09	-2.369565e+01	-1.678948e+02
8.050000e-06	-2.829096e-09	-6.599830e-09	-2.386503e+01	-1.695546e+02
8.060000e-06	-2.849130e-09	-6.667506e-09	-2.403403e+01	-1.712050e+02
8.070000e-06	-2.869108e-09	-6.734729e-09	-2.420256e+01	-1.728504e+02
8.080000e-06	-2.889024e-09	-6.805666e-09	-2.437056e+01	-1.744947e+02
8.090000e-06	-2.908881e-09	-6.877232e-09	-2.453806e+01	-1.761402e+02
8.100000e-06	-2.928647e-09	-6.942062e-09	-2.470481e+01	-1.777875e+02
8.110000e-06	-2.948271e-09	-7.001308e-09	-2.487034e+01	-1.794352e+02
8.120000e-06	-2.967762e-09	-7.055596e-09	-2.503476e+01	-1.810803e+02
8.130000e-06	-2.987142e-09	-7.108461e-09	-2.519824e+01	-1.827184e+02
8.140000e-06	-3.006382e-09	-7.168376e-09	-2.536054e+01	-1.843447e+02
8.150000e-06	-3.025447e-09	-7.231473e-09	-2.552137e+01	-1.859546e+02
8.160000e-06	-3.044330e-09	-7.295153e-09	-2.568065e+01	-1.875445e+02
8.170000e-06	-3.063063e-09	-7.364801e-09	-2.583867e+01	-1.891124e+02
8.180000e-06	-3.081663e-09	-7.436182e-09	-2.599558e+01	-1.906583e+02
8.190000e-06	-3.100134e-09	-7.501104e-09	-2.615139e+01	-1.921842e+02
8.200000e-06	-3.118477e-09	-7.557923e-09	-2.630612e+01	-1.936939e+02
8.210000e-06	-3.136694e-09	-7.610173e-09	-2.645980e+01	-1.951924e+02
8.220000e-06	-3.154800e-09	-7.657985e-09	-2.661253e+01	-1.966850e+02
8.230000e-06	-3.172811e-09	-7.706116e-09	-2.676446e+01	-1.981768e+02
8.240000e-06	-3.190709e-09	-7.760759e-09	-2.691544e+01	-1.996714e+02
8.250000e-06	-3.208467e-09	-7.822001e-09	-2.706524e+01	-2.011708e+02
8.260000e-06	-3.226108e-09	-7.891254e-09	-2.721405e+01	-2.026749e+02
8.270000e-06	-3.243599e-09	-7.962175e-09	-2.736160e+01	-2.041813e+02
8.280000e-06	-3.260939e-09	-8.025681e-09	-2.750787e+01	-2.056861e+02
8.290000e-06	-3.278154e-09	-8.079428e-09	-2.765309e+01	-2.071839e+02
8.300000e-06	-3.295191e-09	-8.127466e-09	-2.779681e+01	-2.086692e+02
8.310000e-06	-3.312035e-09	-8.173572e-09	-2.793890e+01	-2.101370e+02
8.320000e-06	-3.328707e-09	-8.219324e-09	-2.807953e+01	-2.115836e+02
8.330000e-06	-3.345237e-09	-8.269480e-09	-2.821897e+01	-2.130068e+02
8.340000e-06	-3.361652e-09	-8.327128e-09	-2.835744e+01	-2.144069e+02
8.350000e-06	-3.377957e-09	-8.393499e-09	-2.849499e+01	-2.157859e+02
8.360000e-06	-3.394170e-09	-8.462936e-09	-2.863176e+01	-2.171476e+02
8.370000e-06	-3.410309e-09	-8.524560e-09	-2.876789e+01	-2.184964e+02
8.380000e-06	-3.426359e-09	-8.571824e-09	-2.890329e+01	-2.198370e+02
8.390000e-06	-3.442323e-09	-8.610148e-09	-2.903795e+01	-2.211735e+02
8.400000e-06	-3.458210e-09	-8.650607e-09	-2.917197e+01	-2.225082e+02
8.410000e-06	-3.473972e-09	-8.694531e-09	-2.930493e+01	-2.238418e+02
8.420000e-06	-3.489611e-09	-8.742826e-09	-2.943685e+01	-2.251728e+02
8.430000e-06	-3.505081e-09	-8.799949e-09	-2.956735e+01	-2.264978e+02
8.440000e-06	-3.520308e-09	-8.864162e-09	-2.969580e+01	-2.278122e+02
8.450000e-06	-3.535261e-09	-8.923177e-09	-2.982194e+01	-2.291108e+02
8.460000e-06	-3.549910e-09	-8.968936e-09	-2.994551e+01	-2.303887e+02
8.470000e-06	-3.564288e-09	-9.007486e-09	-3.006679e+01	-2.316419e+02
8.480000e-06	-3.578394e-09	-9.048930e-09	-3.018579e+01	-2.328684e+02
8.490000e-06	-3.592218e-09	-9.097392e-09	-3.030240e+01	-2.340682e+02
8.500000e-06	-3.605718e-09	-9.147648e-09	-3.041628e+01	-2.352437e+02
8.510000e-06	-3.618944e-09	-9.195882e-09	-3.052785e+01	-2.363988e+02
8.520000e-06	-3.631972e-09	-9.242951e-09	-3.063774e+01	-2.375388e+02
8.530000e-06	-3.644788e-09	-9.291622e-09	-3.074586e+01	-2.386693e+02
8.540000e-06	-3.657407e-09	-9.338691e-09	-3.085231e+01	-2.397954e+02
8.550000e-06	-3.669864e-09	-9.377931e-09	-3.095739e+01	-2.409207e+02
8.560000e-06	-3.682184e-09	-9.414348e-09	-3.106131e+01	-2.420469e+02
8.570000e-06	-3.694342e-09	-9.457147e-09	-3.116387e+01	-2.431733e+02
8.580000e-06	-3.706355e-09	-9.508951e-09	-3.126521e+01	-2.442971e+02
8.590000e-06	-3.718228e-09	-9.563653e-09	-3.136537e+01	-2.454134e+02
8.600000e-06	-3.729956e-09	-9.613500e-09	-3.146430e+01	-2.465167e+02
8.610000e-06	-3.741522e-09	-9.653696e-09	-3.156186e+01	-2.476011e+02
8.620000e-06	-3.752900e-09	-9.687696e-09	-3.165784e+01	-2.486616e+02
8.630000e-06	-3.764068e-09	-9.724063e-09	-3.175205e+01	-2.496948e+02
8.640000e-06	-3.775047e-09	-9.761850e-09	-3.184467e+01	-2.506997e+02
8.650000e-06	-3.785840e-09	-9.797237e-09	-3.193571e+01	-2.516773e+02
8.660000e-06	-3.796451e-09	-9.836420e-09	-3.202522e+01	-2.526312e+02
8.670000e-06	-3.806905e-09	-9.885150e-09	-3.211341e+01	-2.535663e+02
8.680000e-06	-3.817207e-09	-9.932622e-09	-3.220031e+01	-2.544883e+02
8.690000e-06	-3.827374e-09	-9.970810e-09	-3.228608e+01	-2.554028e+02
8.700000e-06	-3.837410e-09	-1.000307e-08	-3.237074e+01	-2.563140e+02
8.710000e-06	-3.847299e-09	-1.003323e-08	-3.245415e+01	-2.572240e+02
8.720000e-06	-3.857028e-09	-1.006942e-08	-3.253622e+01	-2.581326e+02
8.730000e-06	-3.866582e-09	-1.011014e-08	-3.261682e+01	-2.590369e+02
8.740000e-06	-3.875935e-09	-1.014569e-08	-3.269572e+01	-2.599321e+02
8.750000e-06	-3.885109e-09	-1.017453e-08	-3.277310e+01	-2.608117e+02
8.760000e-06	-3.894114e-09	-1.020577e-08	-3.284907e+01	-2.616690e+02
8.770000e-06	-3.902935e-09	-1.024326e-08	-3.292347e+01	-2.624981e+02
8.780000e-06	-3.911591e-09	-1.027621e-08	-3.299649e+01	-2.632948e+02
8.790000e-06	-3.920081e-09	-1.030234e-08	-3.306811e+01	-2.640574e+02
8.800000e-06	-3.928415e-09	-1.033000e-08	-3.313842e+01	-2.647874e+02
8.810000e-06	-3.936651e-09	-1.036447e-08	-3.320789e+01	-2.654889e+02
8.820000e-06	-3.944796e-09	-1.040069e-08	-3.327660e+01	-2.661682e+02
8.830000e-06	-3.952848e-09	-1.042820e-08	-3.334452e+01	-2.668333e+02
8.840000e-06	-3.960819e-09	-1.044960e-08	-3.341176e+01	-2.674918e+02
8.850000e-06	-3.968687e-09	-1.047493e-08	-3.347813e+01	-2.681507e+02
8.860000e-06	-3.976408e-09	-1.050562e-08	-3.354326e+01	-2.688143e+02
8.870000e-06	-3.983965e-09	-1.053208e-08	-3.360701e+01	-2.694841e+02
8.880000e-06	-3.991344e-09	-1.055228e-08	-3.366926e+01	-2.701581e+02
8.890000e-06	-3.998498e-09	-1.057716e-08	-3.372961e+01	-2.708312e+02
8.900000e-06	-4.005382e-09	-1.061036e-08	-3.378768e+01	-2.714960e+02
8.910000e-06	-4.011984e-09	-1.064175e-08	-3.384336e+01	-2.721436e+02
8.920000e-06	-4.018280e-09	-1.066317e-08	-3.389647e+01	-2.727654e+02
8.930000e-06	-4.024260e-09	-1.067905e-08	-3.394692e+01	-2.733542e+02
8.940000e-06	-4.029943e-09	-1.069517e-08	-3.399486e+01	-2.739055e+02
8.950000e-06	-4.035321e-09	-1.071637e-08	-3.404023e+01	-2.744185e+02
8.960000e-06	-4.040397e-09	-1.074236e-08	-3.408305e+01	-2.748959e+02
8.970000e-06	-4.045234e-09	-1.076546e-08	-3.412385e+01	-2.753439e+02
8.980000e-06	-4.049869e-09	-1.078448e-08	-3.416295e+01	-2.757712e+02
8.990000e-06	-4.054335e-09	-1.080406e-08	-3.420062e+01	-2.761878e+02
9.000000e-06	-4.058662e-09	-1.082341e-08	-3.423712e+01	-2.766031e+02
9.010000e-06	-4.062869e-09	-1.084050e-08	-3.427261e+01	-2.770246e+02
9.020000e-06	-4.066985e-09	-1.085753e-08	-3.430733e+01	-2.774566e+02
9.030000e-06	-4.071012e-09	-1.087529e-08	-3.434130e+01	-2.778992e+02
9.040000e-06	-4.074943e-09	-1.089279e-08	-3.437446e+01	-2.783486e+02
9.050000e-06	-4.078766e-09	-1.090913e-08	-3.440671e+01	-2.787969e+02
9.060000e-06	-4.082459e-09	-1.092337e-08	-3.443786e+01	-2.792339e+02
9.070000e-06	-4.085980e-09	-1.093538e-08	-3.446756e+01	-2.796483e+02
9.080000e-06	-4.089299e-09	-1.094515e-08	-3.449556e+01	-2.800295e+02
9.090000e-06	-4.092424e-09	-1.095866e-08	-3.452192e+01	-2.803696e+02
9.100000e-06	-4.095348e-09	-1.098087e-08	-3.454659e+01	-2.806643e+02
9.110000e-06	-4.098060e-09	-1.099878e-08	-3.456947e+01	-2.809143e+02
9.120000e-06	-4.100575e-09	-1.100389e-08	-3.459068e+01	-2.811250e+02
9.130000e-06	-4.102943e-09	-1.100715e-08	-3.461066e+01	-2.813059e+02
9.140000e-06	-4.105198e-09	-1.101799e-08	-3.462967e+01	-2.814692e+02
9.150000e-06	-4.107316e-09	-1.103502e-08	-3.464754e+01	-2.816282e+02
9.160000e-06	-4.109288e-09	-1.104902e-08	-3.466418e+01	-2.817949e+02
9.170000e-06	-4.111105e-09	-1.106004e-08	-3.467950e+01	-2.819781e+02
9.180000e-06	-4.112653e-09	-1.107071e-08	-3.469257e+01	-2.821818e+02
9.190000e-06	-4.113958e-09	-1.107642e-08	-3.470357e+01	-2.824042e+02
9.200000e-06	-4.115136e-09	-1.107739e-08	-3.471351e+01	-2.826380e+02
9.210000e-06	-4.116160e-09	-1.107811e-08	-3.472215e+01	-2.828705e+02
9.220000e-06	-4.117020e-09	-1.108017e-08	-3.472940e+01	-2.830860e+02
9.230000e-06	-4.117709e-09	-1.108603e-08	-3.473521e+01	-2.832673e+02
9.240000e-06	-4.118218e-09	-1.110231e-08	-3.473951e+01	-2.833986e+02
