# Temperatura_=_20.0
# Concentracion g/m^3_=_10770.0
# C_Vs_to_Am_M_A/Vsm_=_116720831517.84952
# pendiente_HvsI_1/m_=_3716.3
# ordenada_HvsI_A/m_=_1297.0
# frecuencia_Hz_=_108125.75948369337
# Promedio de 29 ciclos

Tiempo_(s)	Campo_(V.s)	Magnetizacion_(V.s)	Campo_(kA/m)	Magnetizacion_(A/m)
0.000000e+00	-4.064979e-09	-2.173061e-09	-3.251490e+01	-2.550775e+02
1.000000e-08	-4.065286e-09	-2.169628e-09	-3.251731e+01	-2.547335e+02
2.000000e-08	-4.065498e-09	-2.169328e-09	-3.251898e+01	-2.543664e+02
3.000000e-08	-4.065610e-09	-2.171406e-09	-3.251989e+01	-2.540199e+02
4.000000e-08	-4.065597e-09	-2.168238e-09	-3.251977e+01	-2.537397e+02
5.000000e-08	-4.065450e-09	-2.145020e-09	-3.251857e+01	-2.535687e+02
6.000000e-08	-4.065131e-09	-2.120564e-09	-3.251601e+01	-2.535411e+02
7.000000e-08	-4.064546e-09	-2.158244e-09	-3.251130e+01	-2.536783e+02
8.000000e-08	-4.063662e-09	-2.214404e-09	-3.250422e+01	-2.539850e+02
9.000000e-08	-4.062495e-09	-2.199633e-09	-3.249492e+01	-2.544482e+02
1.000000e-07	-4.061021e-09	-2.192101e-09	-3.248316e+01	-2.550374e+02
1.100000e-07	-4.059240e-09	-2.248197e-09	-3.246890e+01	-2.557074e+02
1.200000e-07	-4.057158e-09	-2.244608e-09	-3.245221e+01	-2.564029e+02
1.300000e-07	-4.054768e-09	-2.172246e-09	-3.243309e+01	-2.570641e+02
1.400000e-07	-4.052108e-09	-2.148404e-09	-3.241185e+01	-2.576331e+02
1.500000e-07	-4.049209e-09	-2.152864e-09	-3.238868e+01	-2.580597e+02
1.600000e-07	-4.046088e-09	-2.169162e-09	-3.236371e+01	-2.583076e+02
1.700000e-07	-4.042767e-09	-2.200128e-09	-3.233713e+01	-2.583569e+02
1.800000e-07	-4.039290e-09	-2.206050e-09	-3.230931e+01	-2.582069e+02
1.900000e-07	-4.035690e-09	-2.230833e-09	-3.228050e+01	-2.578749e+02
2.000000e-07	-4.032000e-09	-2.242220e-09	-3.225097e+01	-2.573939e+02
2.100000e-07	-4.028242e-09	-2.200902e-09	-3.222091e+01	-2.568083e+02
2.200000e-07	-4.024389e-09	-2.160961e-09	-3.219012e+01	-2.561682e+02
2.300000e-07	-4.020429e-09	-2.145259e-09	-3.215847e+01	-2.555238e+02
2.400000e-07	-4.016360e-09	-2.159343e-09	-3.212593e+01	-2.549193e+02
2.500000e-07	-4.012140e-09	-2.185505e-09	-3.209219e+01	-2.543883e+02
2.600000e-07	-4.007735e-09	-2.203785e-09	-3.205696e+01	-2.539510e+02
2.700000e-07	-4.003147e-09	-2.195125e-09	-3.202023e+01	-2.536122e+02
2.800000e-07	-3.998362e-09	-2.185328e-09	-3.198193e+01	-2.533629e+02
2.900000e-07	-3.993366e-09	-2.174409e-09	-3.194195e+01	-2.531818e+02
3.000000e-07	-3.988164e-09	-2.150304e-09	-3.190034e+01	-2.530397e+02
3.100000e-07	-3.982761e-09	-2.136776e-09	-3.185715e+01	-2.529038e+02
3.200000e-07	-3.977163e-09	-2.150328e-09	-3.181241e+01	-2.527428e+02
3.300000e-07	-3.971382e-09	-2.176265e-09	-3.176619e+01	-2.525305e+02
3.400000e-07	-3.965426e-09	-2.182474e-09	-3.171854e+01	-2.522497e+02
3.500000e-07	-3.959313e-09	-2.175989e-09	-3.166961e+01	-2.518932e+02
3.600000e-07	-3.953023e-09	-2.154631e-09	-3.161929e+01	-2.514646e+02
3.700000e-07	-3.946533e-09	-2.129467e-09	-3.156740e+01	-2.509767e+02
3.800000e-07	-3.939826e-09	-2.121604e-09	-3.151377e+01	-2.504488e+02
3.900000e-07	-3.932916e-09	-2.129673e-09	-3.145853e+01	-2.499035e+02
4.000000e-07	-3.925838e-09	-2.129211e-09	-3.140194e+01	-2.493628e+02
4.100000e-07	-3.918587e-09	-2.125766e-09	-3.134391e+01	-2.488450e+02
4.200000e-07	-3.911198e-09	-2.139640e-09	-3.128476e+01	-2.483619e+02
4.300000e-07	-3.903682e-09	-2.138004e-09	-3.122462e+01	-2.479175e+02
4.400000e-07	-3.896058e-09	-2.113381e-09	-3.116362e+01	-2.475075e+02
4.500000e-07	-3.888354e-09	-2.101698e-09	-3.110198e+01	-2.471207e+02
4.600000e-07	-3.880559e-09	-2.105552e-09	-3.103961e+01	-2.467406e+02
4.700000e-07	-3.872667e-09	-2.104010e-09	-3.097645e+01	-2.463487e+02
4.800000e-07	-3.864672e-09	-2.104193e-09	-3.091247e+01	-2.459270e+02
4.900000e-07	-3.856511e-09	-2.110165e-09	-3.084719e+01	-2.454611e+02
5.000000e-07	-3.848165e-09	-2.099876e-09	-3.078040e+01	-2.449420e+02
5.100000e-07	-3.839622e-09	-2.085823e-09	-3.071205e+01	-2.443677e+02
5.200000e-07	-3.830809e-09	-2.082107e-09	-3.064157e+01	-2.437428e+02
5.300000e-07	-3.821707e-09	-2.069437e-09	-3.056878e+01	-2.430777e+02
5.400000e-07	-3.812295e-09	-2.054858e-09	-3.049354e+01	-2.423871e+02
5.500000e-07	-3.802558e-09	-2.057212e-09	-3.041568e+01	-2.416871e+02
5.600000e-07	-3.792500e-09	-2.059951e-09	-3.033524e+01	-2.409931e+02
5.700000e-07	-3.782158e-09	-2.047665e-09	-3.025253e+01	-2.403171e+02
5.800000e-07	-3.771553e-09	-2.038729e-09	-3.016769e+01	-2.396663e+02
5.900000e-07	-3.760683e-09	-2.032990e-09	-3.008079e+01	-2.390418e+02
6.000000e-07	-3.749585e-09	-2.022586e-09	-2.999208e+01	-2.384391e+02
6.100000e-07	-3.738289e-09	-2.017476e-09	-2.990175e+01	-2.378488e+02
6.200000e-07	-3.726830e-09	-2.014420e-09	-2.981008e+01	-2.372584e+02
6.300000e-07	-3.715238e-09	-2.006691e-09	-2.971732e+01	-2.366541e+02
6.400000e-07	-3.703511e-09	-2.000547e-09	-2.962349e+01	-2.360237e+02
6.500000e-07	-3.691647e-09	-1.998464e-09	-2.952860e+01	-2.353580e+02
6.600000e-07	-3.679632e-09	-1.988849e-09	-2.943253e+01	-2.346526e+02
6.700000e-07	-3.667460e-09	-1.975780e-09	-2.933521e+01	-2.339083e+02
6.800000e-07	-3.655129e-09	-1.967385e-09	-2.923660e+01	-2.331310e+02
6.900000e-07	-3.642612e-09	-1.960369e-09	-2.913647e+01	-2.323309e+02
7.000000e-07	-3.629908e-09	-1.955648e-09	-2.903485e+01	-2.315206e+02
7.100000e-07	-3.617002e-09	-1.951210e-09	-2.893165e+01	-2.307130e+02
7.200000e-07	-3.603901e-09	-1.944177e-09	-2.882687e+01	-2.299199e+02
7.300000e-07	-3.590633e-09	-1.937566e-09	-2.872070e+01	-2.291495e+02
7.400000e-07	-3.577171e-09	-1.933091e-09	-2.861301e+01	-2.284055e+02
7.500000e-07	-3.563546e-09	-1.926221e-09	-2.850406e+01	-2.276867e+02
7.600000e-07	-3.549793e-09	-1.919211e-09	-2.839409e+01	-2.269872e+02
7.700000e-07	-3.535886e-09	-1.914996e-09	-2.828286e+01	-2.262974e+02
7.800000e-07	-3.521805e-09	-1.910427e-09	-2.817018e+01	-2.256057e+02
7.900000e-07	-3.507514e-09	-1.904782e-09	-2.805582e+01	-2.248998e+02
8.000000e-07	-3.493035e-09	-1.896329e-09	-2.794001e+01	-2.241696e+02
8.100000e-07	-3.478355e-09	-1.887101e-09	-2.782260e+01	-2.234075e+02
8.200000e-07	-3.463426e-09	-1.880263e-09	-2.770323e+01	-2.226107e+02
8.300000e-07	-3.448279e-09	-1.875318e-09	-2.758214e+01	-2.217804e+02
8.400000e-07	-3.432879e-09	-1.869605e-09	-2.745903e+01	-2.209223e+02
8.500000e-07	-3.417234e-09	-1.864114e-09	-2.733393e+01	-2.200453e+02
8.600000e-07	-3.401371e-09	-1.862336e-09	-2.720712e+01	-2.191597e+02
8.700000e-07	-3.385308e-09	-1.860915e-09	-2.707867e+01	-2.182761e+02
8.800000e-07	-3.369088e-09	-1.856080e-09	-2.694889e+01	-2.174036e+02
8.900000e-07	-3.352693e-09	-1.845718e-09	-2.681775e+01	-2.165479e+02
9.000000e-07	-3.336147e-09	-1.833443e-09	-2.668543e+01	-2.157112e+02
9.100000e-07	-3.319469e-09	-1.823742e-09	-2.655206e+01	-2.148916e+02
9.200000e-07	-3.302647e-09	-1.815641e-09	-2.641752e+01	-2.140835e+02
9.300000e-07	-3.285709e-09	-1.810090e-09	-2.628205e+01	-2.132788e+02
9.400000e-07	-3.268648e-09	-1.807224e-09	-2.614561e+01	-2.124678e+02
9.500000e-07	-3.251465e-09	-1.804849e-09	-2.600818e+01	-2.116415e+02
9.600000e-07	-3.234177e-09	-1.798805e-09	-2.586990e+01	-2.107923e+02
9.700000e-07	-3.216787e-09	-1.789648e-09	-2.573082e+01	-2.099154e+02
9.800000e-07	-3.199283e-09	-1.779000e-09	-2.559082e+01	-2.090095e+02
9.900000e-07	-3.181640e-09	-1.768522e-09	-2.544971e+01	-2.080769e+02
1.000000e-06	-3.163874e-09	-1.761145e-09	-2.530757e+01	-2.071225e+02
1.010000e-06	-3.145985e-09	-1.755270e-09	-2.516443e+01	-2.061535e+02
1.020000e-06	-3.127952e-09	-1.750715e-09	-2.502018e+01	-2.051775e+02
1.030000e-06	-3.109768e-09	-1.745360e-09	-2.487477e+01	-2.042017e+02
1.040000e-06	-3.091415e-09	-1.736990e-09	-2.472795e+01	-2.032309e+02
1.050000e-06	-3.072890e-09	-1.724777e-09	-2.457975e+01	-2.022676e+02
1.060000e-06	-3.054188e-09	-1.710340e-09	-2.443015e+01	-2.013106e+02
1.070000e-06	-3.035318e-09	-1.698291e-09	-2.427919e+01	-2.003561e+02
1.080000e-06	-3.016293e-09	-1.688617e-09	-2.412700e+01	-1.993977e+02
1.090000e-06	-2.997105e-09	-1.681090e-09	-2.397349e+01	-1.984280e+02
1.100000e-06	-2.977785e-09	-1.673328e-09	-2.381896e+01	-1.974396e+02
1.110000e-06	-2.958357e-09	-1.664220e-09	-2.366357e+01	-1.964266e+02
1.120000e-06	-2.938834e-09	-1.656762e-09	-2.350742e+01	-1.953856e+02
1.130000e-06	-2.919247e-09	-1.650786e-09	-2.335077e+01	-1.943164e+02
1.140000e-06	-2.899608e-09	-1.643346e-09	-2.319370e+01	-1.932224e+02
1.150000e-06	-2.879914e-09	-1.630722e-09	-2.303615e+01	-1.921100e+02
1.160000e-06	-2.860159e-09	-1.616310e-09	-2.287810e+01	-1.909875e+02
1.170000e-06	-2.840339e-09	-1.604850e-09	-2.271954e+01	-1.898647e+02
1.180000e-06	-2.820464e-09	-1.594978e-09	-2.256052e+01	-1.887504e+02
1.190000e-06	-2.800519e-09	-1.583854e-09	-2.240096e+01	-1.876518e+02
1.200000e-06	-2.780476e-09	-1.571666e-09	-2.224065e+01	-1.865732e+02
1.210000e-06	-2.760347e-09	-1.562326e-09	-2.207967e+01	-1.855152e+02
1.220000e-06	-2.740109e-09	-1.556137e-09	-2.191781e+01	-1.844745e+02
1.230000e-06	-2.719732e-09	-1.547731e-09	-2.175483e+01	-1.834447e+02
1.240000e-06	-2.699229e-09	-1.534664e-09	-2.159082e+01	-1.824167e+02
1.250000e-06	-2.678584e-09	-1.521889e-09	-2.142569e+01	-1.813805e+02
1.260000e-06	-2.657815e-09	-1.512972e-09	-2.125955e+01	-1.803261e+02
1.270000e-06	-2.636914e-09	-1.505826e-09	-2.109235e+01	-1.792451e+02
1.280000e-06	-2.615861e-09	-1.497099e-09	-2.092394e+01	-1.781319e+02
1.290000e-06	-2.594667e-09	-1.484336e-09	-2.075445e+01	-1.769841e+02
1.300000e-06	-2.573357e-09	-1.470800e-09	-2.058402e+01	-1.758031e+02
1.310000e-06	-2.551940e-09	-1.459234e-09	-2.041270e+01	-1.745931e+02
1.320000e-06	-2.530400e-09	-1.447320e-09	-2.024042e+01	-1.733608e+02
1.330000e-06	-2.508770e-09	-1.434694e-09	-2.006743e+01	-1.721144e+02
1.340000e-06	-2.487048e-09	-1.422673e-09	-1.989366e+01	-1.708617e+02
1.350000e-06	-2.465227e-09	-1.414116e-09	-1.971911e+01	-1.696096e+02
1.360000e-06	-2.443318e-09	-1.407330e-09	-1.954385e+01	-1.683627e+02
1.370000e-06	-2.421281e-09	-1.397932e-09	-1.936755e+01	-1.671230e+02
1.380000e-06	-2.399154e-09	-1.385609e-09	-1.919053e+01	-1.658901e+02
1.390000e-06	-2.376945e-09	-1.372056e-09	-1.901288e+01	-1.646608e+02
1.400000e-06	-2.354610e-09	-1.360423e-09	-1.883424e+01	-1.634306e+02
1.410000e-06	-2.332152e-09	-1.349021e-09	-1.865459e+01	-1.621945e+02
1.420000e-06	-2.309582e-09	-1.335698e-09	-1.847399e+01	-1.609479e+02
1.430000e-06	-2.286906e-09	-1.323941e-09	-1.829259e+01	-1.596876e+02
1.440000e-06	-2.264096e-09	-1.315649e-09	-1.811017e+01	-1.584125e+02
1.450000e-06	-2.241163e-09	-1.308915e-09	-1.792676e+01	-1.571238e+02
1.460000e-06	-2.218116e-09	-1.299584e-09	-1.774245e+01	-1.558249e+02
1.470000e-06	-2.194971e-09	-1.286061e-09	-1.755738e+01	-1.545210e+02
1.480000e-06	-2.171740e-09	-1.270962e-09	-1.737163e+01	-1.532177e+02
1.490000e-06	-2.148410e-09	-1.256839e-09	-1.718505e+01	-1.519205e+02
1.500000e-06	-2.125005e-09	-1.244529e-09	-1.699784e+01	-1.506338e+02
1.510000e-06	-2.101530e-09	-1.233481e-09	-1.681006e+01	-1.493598e+02
1.520000e-06	-2.077979e-09	-1.224664e-09	-1.662165e+01	-1.480983e+02
1.530000e-06	-2.054369e-09	-1.219747e-09	-1.643280e+01	-1.468465e+02
1.540000e-06	-2.030704e-09	-1.215848e-09	-1.624353e+01	-1.455996e+02
1.550000e-06	-2.006991e-09	-1.209019e-09	-1.605385e+01	-1.443515e+02
1.560000e-06	-1.983234e-09	-1.197738e-09	-1.586379e+01	-1.430955e+02
1.570000e-06	-1.959432e-09	-1.181531e-09	-1.567338e+01	-1.418261e+02
1.580000e-06	-1.935591e-09	-1.163372e-09	-1.548264e+01	-1.405390e+02
1.590000e-06	-1.911687e-09	-1.146314e-09	-1.529140e+01	-1.392327e+02
1.600000e-06	-1.887712e-09	-1.131881e-09	-1.509960e+01	-1.379083e+02
1.610000e-06	-1.863666e-09	-1.120840e-09	-1.490724e+01	-1.365697e+02
1.620000e-06	-1.839567e-09	-1.111432e-09	-1.471447e+01	-1.352227e+02
1.630000e-06	-1.815422e-09	-1.102418e-09	-1.452132e+01	-1.338742e+02
1.640000e-06	-1.791204e-09	-1.093351e-09	-1.432758e+01	-1.325314e+02
1.650000e-06	-1.766887e-09	-1.083213e-09	-1.413306e+01	-1.311998e+02
1.660000e-06	-1.742474e-09	-1.071853e-09	-1.393779e+01	-1.298832e+02
1.670000e-06	-1.717959e-09	-1.058942e-09	-1.374170e+01	-1.285820e+02
1.680000e-06	-1.693364e-09	-1.046798e-09	-1.354495e+01	-1.272937e+02
1.690000e-06	-1.668690e-09	-1.036420e-09	-1.334761e+01	-1.260129e+02
1.700000e-06	-1.643879e-09	-1.025641e-09	-1.314918e+01	-1.247318e+02
1.710000e-06	-1.618955e-09	-1.014408e-09	-1.294977e+01	-1.234417e+02
1.720000e-06	-1.593937e-09	-1.002951e-09	-1.274963e+01	-1.221337e+02
1.730000e-06	-1.568780e-09	-9.920107e-10	-1.254844e+01	-1.208006e+02
1.740000e-06	-1.543511e-09	-9.805552e-10	-1.234634e+01	-1.194376e+02
1.750000e-06	-1.518162e-09	-9.682393e-10	-1.214358e+01	-1.180433e+02
1.760000e-06	-1.492685e-09	-9.551561e-10	-1.193983e+01	-1.166196e+02
1.770000e-06	-1.467065e-09	-9.417712e-10	-1.173494e+01	-1.151717e+02
1.780000e-06	-1.441303e-09	-9.281825e-10	-1.152887e+01	-1.137072e+02
1.790000e-06	-1.415411e-09	-9.144940e-10	-1.132178e+01	-1.122350e+02
1.800000e-06	-1.389399e-09	-9.048131e-10	-1.111379e+01	-1.107640e+02
1.810000e-06	-1.363241e-09	-8.968836e-10	-1.090463e+01	-1.093017e+02
1.820000e-06	-1.336955e-09	-8.863130e-10	-1.069438e+01	-1.078529e+02
1.830000e-06	-1.310546e-09	-8.718269e-10	-1.048314e+01	-1.064194e+02
1.840000e-06	-1.284027e-09	-8.551190e-10	-1.027099e+01	-1.049993e+02
1.850000e-06	-1.257416e-09	-8.407885e-10	-1.005807e+01	-1.035876e+02
1.860000e-06	-1.230724e-09	-8.272960e-10	-9.844507e+00	-1.021767e+02
1.870000e-06	-1.203956e-09	-8.130846e-10	-9.630405e+00	-1.007581e+02
1.880000e-06	-1.177111e-09	-7.987811e-10	-9.415701e+00	-9.932332e+01
1.890000e-06	-1.150201e-09	-7.865745e-10	-9.200467e+00	-9.786539e+01
1.900000e-06	-1.123202e-09	-7.763489e-10	-8.984495e+00	-9.638016e+01
1.910000e-06	-1.096127e-09	-7.641908e-10	-8.767890e+00	-9.486692e+01
1.920000e-06	-1.068997e-09	-7.511823e-10	-8.550864e+00	-9.332872e+01
1.930000e-06	-1.041809e-09	-7.374115e-10	-8.333403e+00	-9.177201e+01
1.940000e-06	-1.014567e-09	-7.246492e-10	-8.115533e+00	-9.020585e+01
1.950000e-06	-9.872739e-10	-7.127459e-10	-7.897221e+00	-8.864062e+01
1.960000e-06	-9.599340e-10	-7.004590e-10	-7.678535e+00	-8.708663e+01
1.970000e-06	-9.325422e-10	-6.885324e-10	-7.459438e+00	-8.555265e+01
1.980000e-06	-9.050998e-10	-6.739439e-10	-7.239934e+00	-8.404464e+01
1.990000e-06	-8.776234e-10	-6.580328e-10	-7.020174e+00	-8.256490e+01
2.000000e-06	-8.501398e-10	-6.403829e-10	-6.800336e+00	-8.111170e+01
2.010000e-06	-8.226295e-10	-6.239754e-10	-6.580256e+00	-7.967951e+01
2.020000e-06	-7.950828e-10	-6.123717e-10	-6.359898e+00	-7.825968e+01
2.030000e-06	-7.675130e-10	-6.033722e-10	-6.139359e+00	-7.684156e+01
2.040000e-06	-7.399350e-10	-5.963932e-10	-5.918734e+00	-7.541394e+01
2.050000e-06	-7.123469e-10	-5.881670e-10	-5.698026e+00	-7.396641e+01
2.060000e-06	-6.847398e-10	-5.785419e-10	-5.477174e+00	-7.249068e+01
2.070000e-06	-6.571249e-10	-5.671333e-10	-5.256247e+00	-7.098149e+01
2.080000e-06	-6.295010e-10	-5.510696e-10	-5.035257e+00	-6.943714e+01
2.090000e-06	-6.018599e-10	-5.322745e-10	-4.814128e+00	-6.785947e+01
2.100000e-06	-5.742053e-10	-5.152975e-10	-4.592884e+00	-6.625343e+01
2.110000e-06	-5.465378e-10	-5.032146e-10	-4.371559e+00	-6.462618e+01
2.120000e-06	-5.188585e-10	-4.933030e-10	-4.150128e+00	-6.298604e+01
2.130000e-06	-4.911692e-10	-4.826617e-10	-3.928622e+00	-6.134127e+01
2.140000e-06	-4.634707e-10	-4.698354e-10	-3.707072e+00	-5.969907e+01
2.150000e-06	-4.357705e-10	-4.556060e-10	-3.485491e+00	-5.806472e+01
2.160000e-06	-4.080706e-10	-4.406339e-10	-3.263903e+00	-5.644114e+01
2.170000e-06	-3.803663e-10	-4.231979e-10	-3.042292e+00	-5.482884e+01
2.180000e-06	-3.526499e-10	-4.074701e-10	-2.820569e+00	-5.322619e+01
2.190000e-06	-3.249277e-10	-3.954458e-10	-2.598786e+00	-5.163005e+01
2.200000e-06	-2.971963e-10	-3.873246e-10	-2.376944e+00	-5.003654e+01
2.210000e-06	-2.694523e-10	-3.802292e-10	-2.155017e+00	-4.844182e+01
2.220000e-06	-2.417019e-10	-3.687422e-10	-1.933041e+00	-4.684282e+01
2.230000e-06	-2.139482e-10	-3.526248e-10	-1.711032e+00	-4.523772e+01
2.240000e-06	-1.862018e-10	-3.336524e-10	-1.489080e+00	-4.362612e+01
2.250000e-06	-1.584589e-10	-3.168042e-10	-1.267167e+00	-4.200893e+01
2.260000e-06	-1.307114e-10	-3.026993e-10	-1.045213e+00	-4.038806e+01
2.270000e-06	-1.029614e-10	-2.911967e-10	-8.232232e-01	-3.876581e+01
2.280000e-06	-7.520903e-11	-2.815541e-10	-6.012025e-01	-3.714426e+01
2.290000e-06	-4.745523e-11	-2.715306e-10	-3.791730e-01	-3.552473e+01
2.300000e-06	-1.969196e-11	-2.607445e-10	-1.570668e-01	-3.390736e+01
2.310000e-06	8.072524e-12	-2.455656e-10	6.505646e-02	-3.229091e+01
2.320000e-06	3.582815e-11	-2.278669e-10	2.871032e-01	-3.067291e+01
2.330000e-06	6.358434e-11	-2.098525e-10	5.091528e-01	-2.904995e+01
2.340000e-06	9.134365e-11	-1.944843e-10	7.312220e-01	-2.741826e+01
2.350000e-06	1.191005e-10	-1.843703e-10	9.532716e-01	-2.577430e+01
2.360000e-06	1.468601e-10	-1.746898e-10	1.175340e+00	-2.411541e+01
2.370000e-06	1.746180e-10	-1.629240e-10	1.397382e+00	-2.244021e+01
2.380000e-06	2.023649e-10	-1.490350e-10	1.619341e+00	-2.074892e+01
2.390000e-06	2.301116e-10	-1.344129e-10	1.841307e+00	-1.904328e+01
2.400000e-06	2.578546e-10	-1.175490e-10	2.063256e+00	-1.732625e+01
2.410000e-06	2.855885e-10	-9.883943e-11	2.285139e+00	-1.560148e+01
2.420000e-06	3.133183e-10	-8.164411e-11	2.506959e+00	-1.387263e+01
2.430000e-06	3.410424e-10	-6.721093e-11	2.728727e+00	-1.214263e+01
2.440000e-06	3.687647e-10	-5.603901e-11	2.950491e+00	-1.041311e+01
2.450000e-06	3.964890e-10	-4.468170e-11	3.172266e+00	-8.683950e+00
2.460000e-06	4.242076e-10	-3.231667e-11	3.394003e+00	-6.953146e+00
2.470000e-06	4.519039e-10	-1.834757e-11	3.615575e+00	-5.217029e+00
2.480000e-06	4.795851e-10	-2.613583e-12	3.837028e+00	-3.470725e+00
2.490000e-06	5.072685e-10	1.470701e-11	4.058487e+00	-1.708874e+00
2.500000e-06	5.349483e-10	3.451220e-11	4.279907e+00	7.354198e-02
2.510000e-06	5.626261e-10	5.373829e-11	4.501325e+00	1.880378e+00
2.520000e-06	5.902898e-10	7.039941e-11	4.722628e+00	3.713647e+00
2.530000e-06	6.179402e-10	8.515727e-11	4.943811e+00	5.573101e+00
2.540000e-06	6.455772e-10	1.012403e-10	5.164896e+00	7.456133e+00
2.550000e-06	6.731903e-10	1.171971e-10	5.385808e+00	9.358030e+00
2.560000e-06	7.007908e-10	1.312686e-10	5.606600e+00	1.127254e+01
2.570000e-06	7.283717e-10	1.452935e-10	5.827213e+00	1.319268e+01
2.580000e-06	7.559388e-10	1.599837e-10	6.047714e+00	1.511163e+01
2.590000e-06	7.834947e-10	1.775075e-10	6.268128e+00	1.702363e+01
2.600000e-06	8.110256e-10	1.958294e-10	6.488347e+00	1.892465e+01
2.610000e-06	8.385293e-10	2.133875e-10	6.708356e+00	2.081289e+01
2.620000e-06	8.660004e-10	2.297965e-10	6.928107e+00	2.268880e+01
2.630000e-06	8.934520e-10	2.445636e-10	7.147665e+00	2.455487e+01
2.640000e-06	9.208894e-10	2.584076e-10	7.367109e+00	2.641503e+01
2.650000e-06	9.482886e-10	2.723987e-10	7.586289e+00	2.827387e+01
2.660000e-06	9.756455e-10	2.892852e-10	7.805109e+00	3.013578e+01
2.670000e-06	1.002952e-09	3.065617e-10	8.023496e+00	3.200417e+01
2.680000e-06	1.030212e-09	3.215895e-10	8.241512e+00	3.388079e+01
2.690000e-06	1.057405e-09	3.335959e-10	8.459028e+00	3.576550e+01
2.700000e-06	1.084529e-09	3.447715e-10	8.676006e+00	3.765626e+01
2.710000e-06	1.111588e-09	3.576075e-10	8.892497e+00	3.954954e+01
2.720000e-06	1.138552e-09	3.737419e-10	9.108239e+00	4.144098e+01
2.730000e-06	1.165423e-09	3.938122e-10	9.323203e+00	4.332621e+01
2.740000e-06	1.192217e-09	4.130374e-10	9.537577e+00	4.520180e+01
2.750000e-06	1.218928e-09	4.283534e-10	9.751291e+00	4.706594e+01
2.760000e-06	1.245547e-09	4.388680e-10	9.964257e+00	4.891896e+01
2.770000e-06	1.272055e-09	4.482952e-10	1.017630e+01	5.076353e+01
2.780000e-06	1.298459e-09	4.604454e-10	1.038745e+01	5.260438e+01
2.790000e-06	1.324761e-09	4.762366e-10	1.059777e+01	5.444770e+01
2.800000e-06	1.350950e-09	4.944361e-10	1.080724e+01	5.630028e+01
2.810000e-06	1.377041e-09	5.126726e-10	1.101593e+01	5.816846e+01
2.820000e-06	1.402996e-09	5.312626e-10	1.122348e+01	6.005705e+01
2.830000e-06	1.428830e-09	5.473047e-10	1.143003e+01	6.196851e+01
2.840000e-06	1.454528e-09	5.600871e-10	1.163552e+01	6.390235e+01
2.850000e-06	1.480079e-09	5.699342e-10	1.183985e+01	6.585498e+01
2.860000e-06	1.505528e-09	5.788339e-10	1.204341e+01	6.782001e+01
2.870000e-06	1.530883e-09	5.917737e-10	1.224616e+01	6.978894e+01
2.880000e-06	1.556101e-09	6.089877e-10	1.244778e+01	7.175221e+01
2.890000e-06	1.581167e-09	6.283799e-10	1.264825e+01	7.370037e+01
2.900000e-06	1.606110e-09	6.469516e-10	1.284774e+01	7.562535e+01
2.910000e-06	1.630944e-09	6.639998e-10	1.304635e+01	7.752143e+01
2.920000e-06	1.655660e-09	6.802227e-10	1.324404e+01	7.938602e+01
2.930000e-06	1.680264e-09	6.957594e-10	1.344084e+01	8.121989e+01
2.940000e-06	1.704759e-09	7.097916e-10	1.363677e+01	8.302704e+01
2.950000e-06	1.729143e-09	7.219240e-10	1.383184e+01	8.481400e+01
2.960000e-06	1.753447e-09	7.359793e-10	1.402632e+01	8.658886e+01
2.970000e-06	1.777675e-09	7.519403e-10	1.422015e+01	8.836007e+01
2.980000e-06	1.801826e-09	7.668744e-10	1.441334e+01	9.013521e+01
2.990000e-06	1.825915e-09	7.808646e-10	1.460605e+01	9.191986e+01
3.000000e-06	1.849948e-09	7.940466e-10	1.479831e+01	9.371685e+01
3.010000e-06	1.873921e-09	8.073235e-10	1.499009e+01	9.552591e+01
3.020000e-06	1.897828e-09	8.220632e-10	1.518134e+01	9.734372e+01
3.030000e-06	1.921683e-09	8.383969e-10	1.537218e+01	9.916451e+01
3.040000e-06	1.945496e-09	8.539959e-10	1.556267e+01	1.009810e+02
3.050000e-06	1.969269e-09	8.701348e-10	1.575282e+01	1.027854e+02
3.060000e-06	1.992992e-09	8.881717e-10	1.594255e+01	1.045708e+02
3.070000e-06	2.016659e-09	9.054490e-10	1.613187e+01	1.063321e+02
3.080000e-06	2.040278e-09	9.207020e-10	1.632080e+01	1.080669e+02
3.090000e-06	2.063848e-09	9.349041e-10	1.650934e+01	1.097757e+02
3.100000e-06	2.087353e-09	9.480317e-10	1.669735e+01	1.114621e+02
3.110000e-06	2.110791e-09	9.599985e-10	1.688481e+01	1.131322e+02
3.120000e-06	2.134149e-09	9.737482e-10	1.707164e+01	1.147937e+02
3.130000e-06	2.157408e-09	9.880418e-10	1.725769e+01	1.164550e+02
3.140000e-06	2.180580e-09	1.000186e-09	1.744307e+01	1.181237e+02
3.150000e-06	2.203648e-09	1.011523e-09	1.762757e+01	1.198060e+02
3.160000e-06	2.226590e-09	1.024992e-09	1.781103e+01	1.215058e+02
3.170000e-06	2.249409e-09	1.040454e-09	1.799355e+01	1.232238e+02
3.180000e-06	2.272109e-09	1.055633e-09	1.817514e+01	1.249579e+02
3.190000e-06	2.294690e-09	1.070684e-09	1.835577e+01	1.267035e+02
3.200000e-06	2.317167e-09	1.087159e-09	1.853553e+01	1.284540e+02
3.210000e-06	2.339543e-09	1.105553e-09	1.871446e+01	1.302017e+02
3.220000e-06	2.361806e-09	1.123107e-09	1.889250e+01	1.319387e+02
3.230000e-06	2.383961e-09	1.137317e-09	1.906971e+01	1.336583e+02
3.240000e-06	2.406008e-09	1.148133e-09	1.924605e+01	1.353551e+02
3.250000e-06	2.427940e-09	1.156791e-09	1.942146e+01	1.370260e+02
3.260000e-06	2.449792e-09	1.165111e-09	1.959625e+01	1.386701e+02
3.270000e-06	2.471581e-09	1.174820e-09	1.977056e+01	1.402887e+02
3.280000e-06	2.493281e-09	1.186903e-09	1.994416e+01	1.418847e+02
3.290000e-06	2.514891e-09	1.203136e-09	2.011702e+01	1.434622e+02
3.300000e-06	2.536393e-09	1.222672e-09	2.028901e+01	1.450259e+02
3.310000e-06	2.557772e-09	1.240477e-09	2.046002e+01	1.465799e+02
3.320000e-06	2.579050e-09	1.255156e-09	2.063020e+01	1.481281e+02
3.330000e-06	2.600221e-09	1.267089e-09	2.079949e+01	1.496730e+02
3.340000e-06	2.621253e-09	1.277140e-09	2.096770e+01	1.512160e+02
3.350000e-06	2.642142e-09	1.286036e-09	2.113480e+01	1.527576e+02
3.360000e-06	2.662872e-09	1.293166e-09	2.130066e+01	1.542973e+02
3.370000e-06	2.683471e-09	1.301489e-09	2.146543e+01	1.558340e+02
3.380000e-06	2.703946e-09	1.313137e-09	2.162922e+01	1.573666e+02
3.390000e-06	2.724278e-09	1.328471e-09	2.179188e+01	1.588940e+02
3.400000e-06	2.744489e-09	1.345313e-09	2.195357e+01	1.604150e+02
3.410000e-06	2.764605e-09	1.358812e-09	2.211450e+01	1.619292e+02
3.420000e-06	2.784634e-09	1.368638e-09	2.227472e+01	1.634357e+02
3.430000e-06	2.804575e-09	1.377723e-09	2.243424e+01	1.649341e+02
3.440000e-06	2.824452e-09	1.387991e-09	2.259324e+01	1.664233e+02
3.450000e-06	2.844272e-09	1.398788e-09	2.275180e+01	1.679018e+02
3.460000e-06	2.864042e-09	1.411057e-09	2.290996e+01	1.693677e+02
3.470000e-06	2.883763e-09	1.426487e-09	2.306773e+01	1.708185e+02
3.480000e-06	2.903434e-09	1.443000e-09	2.322508e+01	1.722514e+02
3.490000e-06	2.923045e-09	1.456931e-09	2.338195e+01	1.736637e+02
3.500000e-06	2.942572e-09	1.465023e-09	2.353813e+01	1.750531e+02
3.510000e-06	2.962002e-09	1.470009e-09	2.369352e+01	1.764186e+02
3.520000e-06	2.981324e-09	1.476839e-09	2.384809e+01	1.777601e+02
3.530000e-06	3.000531e-09	1.486709e-09	2.400176e+01	1.790794e+02
3.540000e-06	3.019605e-09	1.498609e-09	2.415433e+01	1.803798e+02
3.550000e-06	3.038520e-09	1.510622e-09	2.430564e+01	1.816660e+02
3.560000e-06	3.057255e-09	1.521409e-09	2.445549e+01	1.829435e+02
3.570000e-06	3.075811e-09	1.531291e-09	2.460390e+01	1.842181e+02
3.580000e-06	3.094167e-09	1.541544e-09	2.475070e+01	1.854953e+02
3.590000e-06	3.112325e-09	1.552996e-09	2.489589e+01	1.867791e+02
3.600000e-06	3.130299e-09	1.566763e-09	2.503963e+01	1.880719e+02
3.610000e-06	3.148105e-09	1.581102e-09	2.518202e+01	1.893738e+02
3.620000e-06	3.165750e-09	1.592080e-09	2.532313e+01	1.906825e+02
3.630000e-06	3.183242e-09	1.599310e-09	2.546304e+01	1.919936e+02
3.640000e-06	3.200632e-09	1.604804e-09	2.560215e+01	1.933011e+02
3.650000e-06	3.217908e-09	1.610856e-09	2.574033e+01	1.945982e+02
3.660000e-06	3.235052e-09	1.619563e-09	2.587747e+01	1.958781e+02
3.670000e-06	3.252106e-09	1.630706e-09	2.601384e+01	1.971348e+02
3.680000e-06	3.269052e-09	1.643319e-09	2.614935e+01	1.983641e+02
3.690000e-06	3.285875e-09	1.657034e-09	2.628390e+01	1.995642e+02
3.700000e-06	3.302591e-09	1.669891e-09	2.641760e+01	2.007356e+02
3.710000e-06	3.319186e-09	1.679747e-09	2.655031e+01	2.018812e+02
3.720000e-06	3.335663e-09	1.686627e-09	2.668214e+01	2.030060e+02
3.730000e-06	3.352014e-09	1.694319e-09	2.681296e+01	2.041162e+02
3.740000e-06	3.368203e-09	1.706155e-09	2.694245e+01	2.052182e+02
3.750000e-06	3.384213e-09	1.718526e-09	2.707047e+01	2.063180e+02
3.760000e-06	3.399996e-09	1.729767e-09	2.719670e+01	2.074203e+02
3.770000e-06	3.415525e-09	1.739665e-09	2.732095e+01	2.085280e+02
3.780000e-06	3.430847e-09	1.747534e-09	2.744351e+01	2.096416e+02
3.790000e-06	3.445972e-09	1.754342e-09	2.756451e+01	2.107596e+02
3.800000e-06	3.460863e-09	1.759704e-09	2.768358e+01	2.118788e+02
3.810000e-06	3.475530e-09	1.765052e-09	2.780083e+01	2.129949e+02
3.820000e-06	3.490009e-09	1.773600e-09	2.791659e+01	2.141031e+02
3.830000e-06	3.504295e-09	1.787137e-09	2.803082e+01	2.151990e+02
3.840000e-06	3.518389e-09	1.802703e-09	2.814353e+01	2.162792e+02
3.850000e-06	3.532343e-09	1.816154e-09	2.825514e+01	2.173418e+02
3.860000e-06	3.546171e-09	1.826763e-09	2.836574e+01	2.183862e+02
3.870000e-06	3.559827e-09	1.834687e-09	2.847498e+01	2.194138e+02
3.880000e-06	3.573321e-09	1.840766e-09	2.858292e+01	2.204265e+02
3.890000e-06	3.586668e-09	1.846602e-09	2.868967e+01	2.214272e+02
3.900000e-06	3.599862e-09	1.853577e-09	2.879521e+01	2.224182e+02
3.910000e-06	3.612875e-09	1.861830e-09	2.889929e+01	2.234016e+02
3.920000e-06	3.625693e-09	1.870197e-09	2.900180e+01	2.243779e+02
3.930000e-06	3.638322e-09	1.877399e-09	2.910283e+01	2.253464e+02
3.940000e-06	3.650757e-09	1.883667e-09	2.920233e+01	2.263051e+02
3.950000e-06	3.663009e-09	1.891156e-09	2.930035e+01	2.272512e+02
3.960000e-06	3.675116e-09	1.899751e-09	2.939720e+01	2.281812e+02
3.970000e-06	3.687104e-09	1.907611e-09	2.949306e+01	2.290920e+02
3.980000e-06	3.698953e-09	1.914269e-09	2.958784e+01	2.299813e+02
3.990000e-06	3.710651e-09	1.921400e-09	2.968142e+01	2.308481e+02
4.000000e-06	3.722210e-09	1.929718e-09	2.977384e+01	2.316930e+02
4.010000e-06	3.733634e-09	1.937259e-09	2.986517e+01	2.325184e+02
4.020000e-06	3.744902e-09	1.944586e-09	2.995526e+01	2.333277e+02
4.030000e-06	3.755962e-09	1.952731e-09	3.004370e+01	2.341251e+02
4.040000e-06	3.766764e-09	1.960290e-09	3.013009e+01	2.349148e+02
4.050000e-06	3.777288e-09	1.965572e-09	3.021425e+01	2.357002e+02
4.060000e-06	3.787526e-09	1.968645e-09	3.029611e+01	2.364832e+02
4.070000e-06	3.797474e-09	1.970682e-09	3.037565e+01	2.372636e+02
4.080000e-06	3.807128e-09	1.972302e-09	3.045280e+01	2.380392e+02
4.090000e-06	3.816482e-09	1.976056e-09	3.052760e+01	2.388059e+02
4.100000e-06	3.825532e-09	1.981986e-09	3.059999e+01	2.395580e+02
4.110000e-06	3.834313e-09	1.989529e-09	3.067021e+01	2.402895e+02
4.120000e-06	3.842874e-09	1.997357e-09	3.073869e+01	2.409944e+02
4.130000e-06	3.851202e-09	2.003535e-09	3.080533e+01	2.416682e+02
4.140000e-06	3.859346e-09	2.008432e-09	3.087050e+01	2.423084e+02
4.150000e-06	3.867373e-09	2.012111e-09	3.093473e+01	2.429148e+02
4.160000e-06	3.875288e-09	2.015404e-09	3.099807e+01	2.434900e+02
4.170000e-06	3.883100e-09	2.017512e-09	3.106058e+01	2.440386e+02
4.180000e-06	3.890824e-09	2.020297e-09	3.112238e+01	2.445670e+02
4.190000e-06	3.898459e-09	2.024225e-09	3.118347e+01	2.450818e+02
4.200000e-06	3.905996e-09	2.027265e-09	3.124375e+01	2.455895e+02
4.210000e-06	3.913410e-09	2.030507e-09	3.130302e+01	2.460947e+02
4.220000e-06	3.920666e-09	2.034472e-09	3.136104e+01	2.466000e+02
4.230000e-06	3.927747e-09	2.040299e-09	3.141767e+01	2.471050e+02
4.240000e-06	3.934653e-09	2.047516e-09	3.147290e+01	2.476068e+02
4.250000e-06	3.941356e-09	2.053806e-09	3.152650e+01	2.481003e+02
4.260000e-06	3.947865e-09	2.058253e-09	3.157854e+01	2.485793e+02
4.270000e-06	3.954190e-09	2.059878e-09	3.162915e+01	2.490372e+02
4.280000e-06	3.960332e-09	2.061402e-09	3.167831e+01	2.494687e+02
4.290000e-06	3.966311e-09	2.064763e-09	3.172613e+01	2.498704e+02
4.300000e-06	3.972125e-09	2.068620e-09	3.177263e+01	2.502421e+02
4.310000e-06	3.977769e-09	2.072759e-09	3.181775e+01	2.505863e+02
4.320000e-06	3.983260e-09	2.077372e-09	3.186162e+01	2.509082e+02
4.330000e-06	3.988575e-09	2.081890e-09	3.190412e+01	2.512152e+02
4.340000e-06	3.993691e-09	2.084281e-09	3.194501e+01	2.515152e+02
4.350000e-06	3.998600e-09	2.085459e-09	3.198429e+01	2.518152e+02
4.360000e-06	4.003286e-09	2.087564e-09	3.202180e+01	2.521203e+02
4.370000e-06	4.007779e-09	2.090610e-09	3.205775e+01	2.524321e+02
4.380000e-06	4.012117e-09	2.093832e-09	3.209246e+01	2.527484e+02
4.390000e-06	4.016307e-09	2.097407e-09	3.212600e+01	2.530631e+02
4.400000e-06	4.020359e-09	2.101429e-09	3.215842e+01	2.533667e+02
4.410000e-06	4.024298e-09	2.106460e-09	3.218993e+01	2.536482e+02
4.420000e-06	4.028142e-09	2.111834e-09	3.222068e+01	2.538963e+02
4.430000e-06	4.031898e-09	2.114089e-09	3.225072e+01	2.541016e+02
4.440000e-06	4.035565e-09	2.112786e-09	3.228005e+01	2.542584e+02
4.450000e-06	4.039135e-09	2.109599e-09	3.230859e+01	2.543662e+02
4.460000e-06	4.042586e-09	2.106299e-09	3.233618e+01	2.544300e+02
4.470000e-06	4.045883e-09	2.105271e-09	3.236254e+01	2.544606e+02
4.480000e-06	4.048987e-09	2.108870e-09	3.238732e+01	2.544731e+02
4.490000e-06	4.051866e-09	2.115297e-09	3.241033e+01	2.544850e+02
4.500000e-06	4.054463e-09	2.120955e-09	3.243113e+01	2.545138e+02
4.510000e-06	4.056749e-09	2.124534e-09	3.244941e+01	2.545740e+02
4.520000e-06	4.058739e-09	2.126087e-09	3.246528e+01	2.546748e+02
4.530000e-06	4.060414e-09	2.125490e-09	3.247864e+01	2.548179e+02
4.540000e-06	4.061773e-09	2.124802e-09	3.248950e+01	2.549964e+02
4.550000e-06	4.062863e-09	2.124937e-09	3.249823e+01	2.551954e+02
4.560000e-06	4.063704e-09	2.123730e-09	3.250497e+01	2.553930e+02
4.570000e-06	4.064272e-09	2.122157e-09	3.250952e+01	2.555632e+02
4.580000e-06	4.064602e-09	2.119996e-09	3.251221e+01	2.556793e+02
4.590000e-06	4.064766e-09	2.120778e-09	3.251357e+01	2.557180e+02
4.600000e-06	4.064796e-09	2.125564e-09	3.251382e+01	2.556632e+02
4.610000e-06	4.064704e-09	2.129245e-09	3.251307e+01	2.555092e+02
4.620000e-06	4.064516e-09	2.130171e-09	3.251158e+01	2.552626e+02
4.630000e-06	4.064240e-09	2.126748e-09	3.250939e+01	2.549433e+02
4.640000e-06	4.063864e-09	2.122306e-09	3.250637e+01	2.545829e+02
4.650000e-06	4.063358e-09	2.118766e-09	3.250224e+01	2.542219e+02
4.660000e-06	4.062729e-09	2.127020e-09	3.249714e+01	2.539056e+02
4.670000e-06	4.061958e-09	2.166166e-09	3.249094e+01	2.536788e+02
4.680000e-06	4.060990e-09	2.187423e-09	3.248315e+01	2.535804e+02
4.690000e-06	4.059781e-09	2.127007e-09	3.247348e+01	2.536383e+02
4.700000e-06	4.058352e-09	2.076886e-09	3.246205e+01	2.538653e+02
4.710000e-06	4.056715e-09	2.076613e-09	3.244894e+01	2.542568e+02
4.720000e-06	4.054879e-09	2.043663e-09	3.243425e+01	2.547904e+02
4.730000e-06	4.052877e-09	2.021696e-09	3.241825e+01	2.554275e+02
4.740000e-06	4.050704e-09	2.085695e-09	3.240087e+01	2.561171e+02
4.750000e-06	4.048385e-09	2.185446e-09	3.238230e+01	2.568008e+02
4.760000e-06	4.045939e-09	2.237952e-09	3.236272e+01	2.574190e+02
4.770000e-06	4.043361e-09	2.224801e-09	3.234209e+01	2.579174e+02
4.780000e-06	4.040596e-09	2.192458e-09	3.231995e+01	2.582525e+02
4.790000e-06	4.037629e-09	2.176578e-09	3.229618e+01	2.583964e+02
4.800000e-06	4.034447e-09	2.141649e-09	3.227074e+01	2.583394e+02
4.810000e-06	4.031055e-09	2.084128e-09	3.224363e+01	2.580903e+02
4.820000e-06	4.027497e-09	2.098950e-09	3.221516e+01	2.576752e+02
4.830000e-06	4.023804e-09	2.168800e-09	3.218561e+01	2.571336e+02
4.840000e-06	4.019963e-09	2.187026e-09	3.215487e+01	2.565135e+02
4.850000e-06	4.015986e-09	2.150429e-09	3.212305e+01	2.558658e+02
4.860000e-06	4.011923e-09	2.132113e-09	3.209056e+01	2.552380e+02
4.870000e-06	4.007766e-09	2.115366e-09	3.205734e+01	2.546693e+02
4.880000e-06	4.003528e-09	2.077555e-09	3.202345e+01	2.541863e+02
4.890000e-06	3.999213e-09	2.071024e-09	3.198892e+01	2.538013e+02
4.900000e-06	3.994790e-09	2.106861e-09	3.195352e+01	2.535115e+02
4.910000e-06	3.990208e-09	2.137661e-09	3.191683e+01	2.533011e+02
4.920000e-06	3.985462e-09	2.132577e-09	3.187880e+01	2.531442e+02
4.930000e-06	3.980524e-09	2.126989e-09	3.183924e+01	2.530091e+02
4.940000e-06	3.975309e-09	2.106488e-09	3.179744e+01	2.528633e+02
4.950000e-06	3.969791e-09	2.077284e-09	3.175327e+01	2.526778e+02
4.960000e-06	3.963924e-09	2.072318e-09	3.170635e+01	2.524307e+02
4.970000e-06	3.957686e-09	2.092665e-09	3.165639e+01	2.521101e+02
4.980000e-06	3.951120e-09	2.104298e-09	3.160384e+01	2.517146e+02
4.990000e-06	3.944253e-09	2.105926e-09	3.154894e+01	2.512529e+02
5.000000e-06	3.937117e-09	2.111784e-09	3.149188e+01	2.507414e+02
5.010000e-06	3.929742e-09	2.088983e-09	3.143287e+01	2.502015e+02
5.020000e-06	3.922139e-09	2.061735e-09	3.137203e+01	2.496562e+02
5.030000e-06	3.914343e-09	2.058782e-09	3.130969e+01	2.491256e+02
5.040000e-06	3.906402e-09	2.059441e-09	3.124619e+01	2.486250e+02
5.050000e-06	3.898349e-09	2.064383e-09	3.118181e+01	2.481622e+02
5.060000e-06	3.890203e-09	2.085244e-09	3.111668e+01	2.477367e+02
5.070000e-06	3.881980e-09	2.093601e-09	3.105090e+01	2.473404e+02
5.080000e-06	3.873666e-09	2.064423e-09	3.098440e+01	2.469590e+02
5.090000e-06	3.865257e-09	2.048026e-09	3.091711e+01	2.465747e+02
5.100000e-06	3.856729e-09	2.046616e-09	3.084887e+01	2.461690e+02
5.110000e-06	3.848052e-09	2.027962e-09	3.077946e+01	2.457253e+02
5.120000e-06	3.839196e-09	2.026793e-09	3.070864e+01	2.452320e+02
5.130000e-06	3.830144e-09	2.048557e-09	3.063626e+01	2.446836e+02
5.140000e-06	3.820899e-09	2.051652e-09	3.056237e+01	2.440816e+02
5.150000e-06	3.811469e-09	2.039639e-09	3.048699e+01	2.434339e+02
5.160000e-06	3.801841e-09	2.036661e-09	3.041004e+01	2.427534e+02
5.170000e-06	3.792029e-09	2.017962e-09	3.033160e+01	2.420558e+02
5.180000e-06	3.782056e-09	1.998055e-09	3.025183e+01	2.413572e+02
5.190000e-06	3.771938e-09	2.006802e-09	3.017089e+01	2.406713e+02
5.200000e-06	3.761687e-09	2.013508e-09	3.008889e+01	2.400077e+02
5.210000e-06	3.751305e-09	2.009530e-09	3.000580e+01	2.393707e+02
5.220000e-06	3.740784e-09	2.015847e-09	2.992163e+01	2.387583e+02
5.230000e-06	3.730097e-09	2.015811e-09	2.983613e+01	2.381633e+02
5.240000e-06	3.719229e-09	1.997265e-09	2.974918e+01	2.375744e+02
5.250000e-06	3.708187e-09	1.987176e-09	2.966084e+01	2.369782e+02
5.260000e-06	3.696964e-09	1.980477e-09	2.957104e+01	2.363616e+02
5.270000e-06	3.685550e-09	1.969098e-09	2.947975e+01	2.357136e+02
5.280000e-06	3.673955e-09	1.971324e-09	2.938704e+01	2.350274e+02
5.290000e-06	3.662174e-09	1.975074e-09	2.929284e+01	2.343013e+02
5.300000e-06	3.650237e-09	1.967368e-09	2.919739e+01	2.335390e+02
5.310000e-06	3.638145e-09	1.962447e-09	2.910066e+01	2.327485e+02
5.320000e-06	3.625882e-09	1.959996e-09	2.900256e+01	2.319416e+02
5.330000e-06	3.613467e-09	1.949566e-09	2.890324e+01	2.311313e+02
5.340000e-06	3.600893e-09	1.943568e-09	2.880266e+01	2.303301e+02
5.350000e-06	3.588116e-09	1.940470e-09	2.870044e+01	2.295480e+02
5.360000e-06	3.575107e-09	1.930997e-09	2.859636e+01	2.287911e+02
5.370000e-06	3.561870e-09	1.925802e-09	2.849046e+01	2.280604e+02
5.380000e-06	3.548355e-09	1.919194e-09	2.838238e+01	2.273524e+02
5.390000e-06	3.534550e-09	1.907502e-09	2.827197e+01	2.266589e+02
5.400000e-06	3.520467e-09	1.900308e-09	2.815929e+01	2.259692e+02
5.410000e-06	3.506121e-09	1.897214e-09	2.804452e+01	2.252711e+02
5.420000e-06	3.491509e-09	1.893236e-09	2.792762e+01	2.245533e+02
5.430000e-06	3.476612e-09	1.888837e-09	2.780844e+01	2.238069e+02
5.440000e-06	3.461438e-09	1.882066e-09	2.768712e+01	2.230267e+02
5.450000e-06	3.446028e-09	1.871175e-09	2.756391e+01	2.222120e+02
5.460000e-06	3.430442e-09	1.861720e-09	2.743927e+01	2.213665e+02
5.470000e-06	3.414704e-09	1.852641e-09	2.731341e+01	2.204975e+02
5.480000e-06	3.398826e-09	1.843351e-09	2.718645e+01	2.196149e+02
5.490000e-06	3.382832e-09	1.836164e-09	2.705855e+01	2.187294e+02
5.500000e-06	3.366749e-09	1.829304e-09	2.692989e+01	2.178509e+02
5.510000e-06	3.350583e-09	1.824048e-09	2.680055e+01	2.169867e+02
5.520000e-06	3.334345e-09	1.820543e-09	2.667063e+01	2.161410e+02
5.530000e-06	3.318041e-09	1.812808e-09	2.654019e+01	2.153136e+02
5.540000e-06	3.301650e-09	1.801016e-09	2.640906e+01	2.145007e+02
5.550000e-06	3.285144e-09	1.789825e-09	2.627701e+01	2.136952e+02
5.560000e-06	3.268511e-09	1.778949e-09	2.614396e+01	2.128882e+02
5.570000e-06	3.251743e-09	1.770214e-09	2.600982e+01	2.120700e+02
5.580000e-06	3.234815e-09	1.764338e-09	2.587440e+01	2.112322e+02
5.590000e-06	3.217730e-09	1.760487e-09	2.573774e+01	2.103688e+02
5.600000e-06	3.200458e-09	1.757897e-09	2.559960e+01	2.094766e+02
5.610000e-06	3.182996e-09	1.753546e-09	2.545996e+01	2.085563e+02
5.620000e-06	3.165390e-09	1.746427e-09	2.531916e+01	2.076116e+02
5.630000e-06	3.147654e-09	1.736475e-09	2.517731e+01	2.066488e+02
5.640000e-06	3.129802e-09	1.725340e-09	2.503452e+01	2.056754e+02
5.650000e-06	3.111829e-09	1.714005e-09	2.489074e+01	2.046988e+02
5.660000e-06	3.093733e-09	1.704414e-09	2.474596e+01	2.037253e+02
5.670000e-06	3.075542e-09	1.697461e-09	2.460044e+01	2.027583e+02
5.680000e-06	3.057257e-09	1.691646e-09	2.445414e+01	2.017985e+02
5.690000e-06	3.038852e-09	1.686962e-09	2.430690e+01	2.008433e+02
5.700000e-06	3.020331e-09	1.680939e-09	2.415872e+01	1.998874e+02
5.710000e-06	3.001690e-09	1.673293e-09	2.400956e+01	1.989237e+02
5.720000e-06	2.982912e-09	1.665550e-09	2.385931e+01	1.979447e+02
5.730000e-06	2.963991e-09	1.657728e-09	2.370791e+01	1.969437e+02
5.740000e-06	2.944912e-09	1.651042e-09	2.355526e+01	1.959161e+02
5.750000e-06	2.925676e-09	1.644669e-09	2.340138e+01	1.948600e+02
5.760000e-06	2.906265e-09	1.638711e-09	2.324613e+01	1.937771e+02
5.770000e-06	2.886707e-09	1.631197e-09	2.308972e+01	1.926725e+02
5.780000e-06	2.867044e-09	1.620140e-09	2.293245e+01	1.915538e+02
5.790000e-06	2.847258e-09	1.607456e-09	2.277416e+01	1.904301e+02
5.800000e-06	2.827361e-09	1.595129e-09	2.261499e+01	1.893108e+02
5.810000e-06	2.807374e-09	1.586182e-09	2.245509e+01	1.882040e+02
5.820000e-06	2.787322e-09	1.580501e-09	2.229470e+01	1.871156e+02
5.830000e-06	2.767206e-09	1.576157e-09	2.213382e+01	1.860478e+02
5.840000e-06	2.747024e-09	1.572170e-09	2.197239e+01	1.849993e+02
5.850000e-06	2.726799e-09	1.566904e-09	2.181060e+01	1.839651e+02
5.860000e-06	2.706539e-09	1.558994e-09	2.164856e+01	1.829372e+02
5.870000e-06	2.686240e-09	1.548915e-09	2.148618e+01	1.819058e+02
5.880000e-06	2.665888e-09	1.537520e-09	2.132334e+01	1.808609e+02
5.890000e-06	2.645452e-09	1.526524e-09	2.115986e+01	1.797932e+02
5.900000e-06	2.624923e-09	1.518889e-09	2.099567e+01	1.786956e+02
5.910000e-06	2.604308e-09	1.514975e-09	2.083077e+01	1.775642e+02
5.920000e-06	2.583584e-09	1.511661e-09	2.066496e+01	1.763985e+02
5.930000e-06	2.562699e-09	1.505001e-09	2.049786e+01	1.752015e+02
5.940000e-06	2.541636e-09	1.492543e-09	2.032936e+01	1.739790e+02
5.950000e-06	2.520386e-09	1.477564e-09	2.015932e+01	1.727383e+02
5.960000e-06	2.498939e-09	1.463703e-09	1.998768e+01	1.714876e+02
5.970000e-06	2.477281e-09	1.451578e-09	1.981437e+01	1.702344e+02
5.980000e-06	2.455409e-09	1.441612e-09	1.963935e+01	1.689844e+02
5.990000e-06	2.433340e-09	1.434672e-09	1.946277e+01	1.677411e+02
6.000000e-06	2.411047e-09	1.430624e-09	1.928448e+01	1.665049e+02
6.010000e-06	2.388537e-09	1.424342e-09	1.910447e+01	1.652741e+02
6.020000e-06	2.365833e-09	1.412951e-09	1.892290e+01	1.640447e+02
6.030000e-06	2.342947e-09	1.400434e-09	1.873984e+01	1.628118e+02
6.040000e-06	2.319866e-09	1.391321e-09	1.855523e+01	1.615705e+02
6.050000e-06	2.296608e-09	1.383776e-09	1.836925e+01	1.603168e+02
6.060000e-06	2.273216e-09	1.372352e-09	1.818218e+01	1.590487e+02
6.070000e-06	2.249702e-09	1.356843e-09	1.799412e+01	1.577663e+02
6.080000e-06	2.226063e-09	1.340684e-09	1.780507e+01	1.564720e+02
6.090000e-06	2.202308e-09	1.328113e-09	1.761507e+01	1.551700e+02
6.100000e-06	2.178470e-09	1.319491e-09	1.742439e+01	1.538660e+02
6.110000e-06	2.154558e-09	1.312674e-09	1.723313e+01	1.525655e+02
6.120000e-06	2.130577e-09	1.305527e-09	1.704131e+01	1.512736e+02
6.130000e-06	2.106534e-09	1.297103e-09	1.684899e+01	1.499935e+02
6.140000e-06	2.082437e-09	1.287396e-09	1.665625e+01	1.487262e+02
6.150000e-06	2.058293e-09	1.273967e-09	1.646313e+01	1.474701e+02
6.160000e-06	2.034107e-09	1.257781e-09	1.626968e+01	1.462214e+02
6.170000e-06	2.009889e-09	1.242871e-09	1.607597e+01	1.449744e+02
6.180000e-06	1.985635e-09	1.232605e-09	1.588194e+01	1.437226e+02
6.190000e-06	1.961335e-09	1.225400e-09	1.568754e+01	1.424599e+02
6.200000e-06	1.936972e-09	1.217343e-09	1.549263e+01	1.411813e+02
6.210000e-06	1.912560e-09	1.209174e-09	1.529733e+01	1.398841e+02
6.220000e-06	1.888102e-09	1.199632e-09	1.510168e+01	1.385680e+02
6.230000e-06	1.863598e-09	1.190260e-09	1.490570e+01	1.372356e+02
6.240000e-06	1.839040e-09	1.181596e-09	1.470933e+01	1.358920e+02
6.250000e-06	1.814411e-09	1.169937e-09	1.451238e+01	1.345436e+02
6.260000e-06	1.789697e-09	1.158058e-09	1.431473e+01	1.331976e+02
6.270000e-06	1.764901e-09	1.146409e-09	1.411639e+01	1.318604e+02
6.280000e-06	1.740036e-09	1.132806e-09	1.391749e+01	1.305367e+02
6.290000e-06	1.715092e-09	1.118907e-09	1.371803e+01	1.292284e+02
6.300000e-06	1.690069e-09	1.108300e-09	1.351789e+01	1.279345e+02
6.310000e-06	1.664958e-09	1.100376e-09	1.331699e+01	1.266508e+02
6.320000e-06	1.639753e-09	1.092724e-09	1.311536e+01	1.253706e+02
6.330000e-06	1.614451e-09	1.085890e-09	1.291301e+01	1.240854e+02
6.340000e-06	1.589069e-09	1.077647e-09	1.271005e+01	1.227864e+02
6.350000e-06	1.563616e-09	1.065814e-09	1.250649e+01	1.214655e+02
6.360000e-06	1.538072e-09	1.049861e-09	1.230215e+01	1.201167e+02
6.370000e-06	1.512451e-09	1.030025e-09	1.209720e+01	1.187369e+02
6.380000e-06	1.486752e-09	1.010908e-09	1.189165e+01	1.173264e+02
6.390000e-06	1.460970e-09	9.969339e-10	1.168542e+01	1.158891e+02
6.400000e-06	1.435120e-09	9.908179e-10	1.147862e+01	1.144314e+02
6.410000e-06	1.409223e-09	9.912673e-10	1.127145e+01	1.129619e+02
6.420000e-06	1.383258e-09	9.903480e-10	1.106375e+01	1.114895e+02
6.430000e-06	1.357221e-09	9.815964e-10	1.085547e+01	1.100225e+02
6.440000e-06	1.331154e-09	9.646232e-10	1.064698e+01	1.085671e+02
6.450000e-06	1.305045e-09	9.434271e-10	1.043813e+01	1.071265e+02
6.460000e-06	1.278867e-09	9.212787e-10	1.022875e+01	1.057006e+02
6.470000e-06	1.252653e-09	9.020872e-10	1.001909e+01	1.042857e+02
6.480000e-06	1.226428e-09	8.915947e-10	9.809323e+00	1.028754e+02
6.490000e-06	1.200151e-09	8.893591e-10	9.599146e+00	1.014614e+02
6.500000e-06	1.173815e-09	8.897921e-10	9.388521e+00	1.000350e+02
6.510000e-06	1.147456e-09	8.857568e-10	9.177687e+00	9.858849e+01
6.520000e-06	1.121050e-09	8.741579e-10	8.966450e+00	9.711622e+01
6.530000e-06	1.094590e-09	8.559523e-10	8.754819e+00	9.561585e+01
6.540000e-06	1.068095e-09	8.338536e-10	8.542919e+00	9.408867e+01
6.550000e-06	1.041559e-09	8.140210e-10	8.330677e+00	9.253960e+01
6.560000e-06	1.014971e-09	8.002515e-10	8.118022e+00	9.097659e+01
6.570000e-06	9.883184e-10	7.930472e-10	7.904859e+00	8.940956e+01
6.580000e-06	9.616149e-10	7.878271e-10	7.691311e+00	8.784903e+01
6.590000e-06	9.348751e-10	7.799856e-10	7.477431e+00	8.630464e+01
6.600000e-06	9.080877e-10	7.672852e-10	7.263109e+00	8.478380e+01
6.610000e-06	8.812444e-10	7.520742e-10	7.048333e+00	8.329060e+01
6.620000e-06	8.543416e-10	7.388579e-10	6.833123e+00	8.182523e+01
6.630000e-06	8.273940e-10	7.258919e-10	6.617546e+00	8.038389e+01
6.640000e-06	8.003962e-10	7.128349e-10	6.401571e+00	7.895928e+01
6.650000e-06	7.733576e-10	7.004481e-10	6.185329e+00	7.754158e+01
6.660000e-06	7.462820e-10	6.895687e-10	5.968810e+00	7.611967e+01
6.670000e-06	7.191624e-10	6.787240e-10	5.751914e+00	7.468262e+01
6.680000e-06	6.920148e-10	6.665432e-10	5.534761e+00	7.322101e+01
6.690000e-06	6.648237e-10	6.523791e-10	5.317241e+00	7.172805e+01
6.700000e-06	6.375926e-10	6.365106e-10	5.099444e+00	7.020035e+01
6.710000e-06	6.103301e-10	6.221639e-10	4.881412e+00	6.863809e+01
6.720000e-06	5.830493e-10	6.082430e-10	4.663194e+00	6.704483e+01
6.730000e-06	5.557594e-10	5.952851e-10	4.444903e+00	6.542678e+01
6.740000e-06	5.284480e-10	5.837441e-10	4.226461e+00	6.379183e+01
6.750000e-06	5.010980e-10	5.714032e-10	4.007705e+00	6.214838e+01
6.760000e-06	4.737150e-10	5.554634e-10	3.788670e+00	6.050425e+01
6.770000e-06	4.463064e-10	5.370959e-10	3.569488e+00	5.886568e+01
6.780000e-06	4.188543e-10	5.210021e-10	3.349986e+00	5.723674e+01
6.790000e-06	3.913894e-10	5.071014e-10	3.130326e+00	5.561906e+01
6.800000e-06	3.639061e-10	4.956394e-10	2.910474e+00	5.401198e+01
6.810000e-06	3.364042e-10	4.848414e-10	2.690481e+00	5.241300e+01
6.820000e-06	3.088998e-10	4.732073e-10	2.470477e+00	5.081853e+01
6.830000e-06	2.813690e-10	4.593197e-10	2.250268e+00	4.922464e+01
6.840000e-06	2.537947e-10	4.424271e-10	2.029743e+00	4.762783e+01
6.850000e-06	2.262301e-10	4.255536e-10	1.809276e+00	4.602568e+01
6.860000e-06	1.986743e-10	4.095839e-10	1.588863e+00	4.441710e+01
6.870000e-06	1.710853e-10	3.954345e-10	1.368179e+00	4.280244e+01
6.880000e-06	1.434939e-10	3.825954e-10	1.147474e+00	4.118317e+01
6.890000e-06	1.159072e-10	3.710180e-10	9.268168e-01	3.956146e+01
6.900000e-06	8.831520e-11	3.587787e-10	7.061073e-01	3.793956e+01
6.910000e-06	6.071184e-11	3.445083e-10	4.852937e-01	3.631919e+01
6.920000e-06	3.310394e-11	3.306754e-10	2.644437e-01	3.470105e+01
6.930000e-06	5.494359e-12	3.172479e-10	4.357547e-02	3.308454e+01
6.940000e-06	-2.210552e-11	3.046198e-10	-1.772307e-01	3.146774e+01
6.950000e-06	-4.968899e-11	2.911754e-10	-3.978749e-01	2.984762e+01
6.960000e-06	-7.726831e-11	2.774132e-10	-6.184611e-01	2.822049e+01
6.970000e-06	-1.048513e-10	2.637972e-10	-8.390660e-01	2.658264e+01
6.980000e-06	-1.324374e-10	2.494786e-10	-1.059676e+00	2.493094e+01
6.990000e-06	-1.600126e-10	2.345061e-10	-1.280220e+00	2.326336e+01
7.000000e-06	-1.875686e-10	2.179458e-10	-1.500655e+00	2.157937e+01
7.010000e-06	-2.151185e-10	2.016302e-10	-1.721021e+00	1.988003e+01
7.020000e-06	-2.426771e-10	1.861023e-10	-1.941457e+00	1.816777e+01
7.030000e-06	-2.702267e-10	1.723695e-10	-2.161855e+00	1.644601e+01
7.040000e-06	-2.977634e-10	1.587673e-10	-2.382144e+00	1.471848e+01
7.050000e-06	-3.252870e-10	1.455109e-10	-2.602323e+00	1.298855e+01
7.060000e-06	-3.527890e-10	1.348604e-10	-2.822333e+00	1.125853e+01
7.070000e-06	-3.802475e-10	1.245761e-10	-3.042014e+00	9.529143e+00
7.080000e-06	-4.076856e-10	1.124136e-10	-3.261497e+00	7.799278e+00
7.090000e-06	-4.351125e-10	9.546236e-11	-3.480880e+00	6.066016e+00
7.100000e-06	-4.624970e-10	7.603092e-11	-3.699977e+00	4.324978e+00
7.110000e-06	-4.898732e-10	5.831602e-11	-3.919006e+00	2.570943e+00
7.120000e-06	-5.172307e-10	4.278908e-11	-4.137871e+00	7.986345e-01
7.130000e-06	-5.445496e-10	2.939987e-11	-4.356393e+00	-9.964362e-01
7.140000e-06	-5.718081e-10	1.718708e-11	-4.574440e+00	-2.817215e+00
7.150000e-06	-5.990130e-10	5.567158e-12	-4.792067e+00	-4.664548e+00
7.160000e-06	-6.262005e-10	-7.014491e-12	-5.009495e+00	-6.536931e+00
7.170000e-06	-6.533375e-10	-2.346087e-11	-5.226540e+00	-8.430596e+00
7.180000e-06	-6.804468e-10	-4.526626e-11	-5.443407e+00	-1.033994e+01
7.190000e-06	-7.075500e-10	-6.637206e-11	-5.660199e+00	-1.225822e+01
7.200000e-06	-7.345922e-10	-8.068894e-11	-5.876485e+00	-1.417844e+01
7.210000e-06	-7.615954e-10	-9.150481e-11	-6.092500e+00	-1.609426e+01
7.220000e-06	-7.885702e-10	-1.035667e-10	-6.308330e+00	-1.800076e+01
7.230000e-06	-8.154902e-10	-1.186495e-10	-6.523722e+00	-1.989506e+01
7.240000e-06	-8.423629e-10	-1.349155e-10	-6.738732e+00	-2.177658e+01
7.250000e-06	-8.692087e-10	-1.515490e-10	-6.953501e+00	-2.364690e+01
7.260000e-06	-8.960050e-10	-1.705779e-10	-7.167823e+00	-2.550934e+01
7.270000e-06	-9.227469e-10	-1.911592e-10	-7.381694e+00	-2.736828e+01
7.280000e-06	-9.494550e-10	-2.102087e-10	-7.595323e+00	-2.922832e+01
7.290000e-06	-9.761007e-10	-2.260803e-10	-7.808438e+00	-3.109341e+01
7.300000e-06	-1.002689e-09	-2.418626e-10	-8.021093e+00	-3.296613e+01
7.310000e-06	-1.029243e-09	-2.587624e-10	-8.233492e+00	-3.484724e+01
7.320000e-06	-1.055757e-09	-2.761202e-10	-8.445553e+00	-3.673559e+01
7.330000e-06	-1.082231e-09	-2.924106e-10	-8.657304e+00	-3.862826e+01
7.340000e-06	-1.108650e-09	-3.050424e-10	-8.868616e+00	-4.052119e+01
7.350000e-06	-1.135012e-09	-3.178657e-10	-9.079476e+00	-4.240993e+01
7.360000e-06	-1.161330e-09	-3.343009e-10	-9.289959e+00	-4.429048e+01
7.370000e-06	-1.187609e-09	-3.541262e-10	-9.500097e+00	-4.616019e+01
7.380000e-06	-1.213838e-09	-3.744594e-10	-9.709866e+00	-4.801834e+01
7.390000e-06	-1.240011e-09	-3.937804e-10	-9.919189e+00	-4.986651e+01
7.400000e-06	-1.266134e-09	-4.127219e-10	-1.012810e+01	-5.170848e+01
7.410000e-06	-1.292204e-09	-4.308930e-10	-1.033658e+01	-5.354986e+01
7.420000e-06	-1.318225e-09	-4.460319e-10	-1.054471e+01	-5.539727e+01
7.430000e-06	-1.344197e-09	-4.572091e-10	-1.075246e+01	-5.725739e+01
7.440000e-06	-1.370117e-09	-4.705637e-10	-1.095980e+01	-5.913586e+01
7.450000e-06	-1.395986e-09	-4.899917e-10	-1.116671e+01	-6.103635e+01
7.460000e-06	-1.421807e-09	-5.128221e-10	-1.137324e+01	-6.295981e+01
7.470000e-06	-1.447577e-09	-5.338156e-10	-1.157932e+01	-6.490412e+01
7.480000e-06	-1.473286e-09	-5.520607e-10	-1.178489e+01	-6.686415e+01
7.490000e-06	-1.498907e-09	-5.698634e-10	-1.198980e+01	-6.883231e+01
7.500000e-06	-1.524448e-09	-5.854967e-10	-1.219408e+01	-7.079940e+01
7.510000e-06	-1.549918e-09	-5.981040e-10	-1.239778e+01	-7.275579e+01
7.520000e-06	-1.575269e-09	-6.092833e-10	-1.260055e+01	-7.469262e+01
7.530000e-06	-1.600538e-09	-6.240389e-10	-1.280269e+01	-7.660293e+01
7.540000e-06	-1.625746e-09	-6.441163e-10	-1.300432e+01	-7.848261e+01
7.550000e-06	-1.650836e-09	-6.659315e-10	-1.320499e+01	-8.033082e+01
7.560000e-06	-1.675837e-09	-6.857526e-10	-1.340496e+01	-8.215007e+01
7.570000e-06	-1.700758e-09	-7.024058e-10	-1.360432e+01	-8.394578e+01
7.580000e-06	-1.725582e-09	-7.191517e-10	-1.380286e+01	-8.572543e+01
7.590000e-06	-1.750316e-09	-7.343875e-10	-1.400066e+01	-8.749744e+01
7.600000e-06	-1.774987e-09	-7.456317e-10	-1.419797e+01	-8.926994e+01
7.610000e-06	-1.799597e-09	-7.543033e-10	-1.439481e+01	-9.104956e+01
7.620000e-06	-1.824141e-09	-7.651297e-10	-1.459112e+01	-9.284051e+01
7.630000e-06	-1.848618e-09	-7.810161e-10	-1.478690e+01	-9.464400e+01
7.640000e-06	-1.873042e-09	-7.996088e-10	-1.498227e+01	-9.645813e+01
7.650000e-06	-1.897427e-09	-8.186258e-10	-1.517732e+01	-9.827821e+01
7.660000e-06	-1.921763e-09	-8.359214e-10	-1.537196e+01	-1.000976e+02
7.670000e-06	-1.946059e-09	-8.515551e-10	-1.556632e+01	-1.019085e+02
7.680000e-06	-1.970323e-09	-8.670502e-10	-1.576044e+01	-1.037036e+02
7.690000e-06	-1.994554e-09	-8.828139e-10	-1.595428e+01	-1.054768e+02
7.700000e-06	-2.018740e-09	-8.964785e-10	-1.614774e+01	-1.072243e+02
7.710000e-06	-2.042895e-09	-9.081347e-10	-1.634096e+01	-1.089452e+02
7.720000e-06	-2.067019e-09	-9.194344e-10	-1.653393e+01	-1.106418e+02
7.730000e-06	-2.091091e-09	-9.318673e-10	-1.672649e+01	-1.123189e+02
7.740000e-06	-2.115110e-09	-9.463717e-10	-1.691864e+01	-1.139837e+02
7.750000e-06	-2.139066e-09	-9.602541e-10	-1.711026e+01	-1.156442e+02
7.760000e-06	-2.162933e-09	-9.746337e-10	-1.730117e+01	-1.173087e+02
7.770000e-06	-2.186705e-09	-9.910414e-10	-1.749131e+01	-1.189841e+02
7.780000e-06	-2.210381e-09	-1.009277e-09	-1.768066e+01	-1.206754e+02
7.790000e-06	-2.233957e-09	-1.027118e-09	-1.786922e+01	-1.223849e+02
7.800000e-06	-2.257420e-09	-1.042039e-09	-1.805692e+01	-1.241118e+02
7.810000e-06	-2.280738e-09	-1.055771e-09	-1.824349e+01	-1.258527e+02
7.820000e-06	-2.303927e-09	-1.069333e-09	-1.842902e+01	-1.276017e+02
7.830000e-06	-2.326956e-09	-1.082651e-09	-1.861325e+01	-1.293515e+02
7.840000e-06	-2.349801e-09	-1.094291e-09	-1.879600e+01	-1.310944e+02
7.850000e-06	-2.372494e-09	-1.107261e-09	-1.897754e+01	-1.328230e+02
7.860000e-06	-2.394990e-09	-1.123605e-09	-1.915751e+01	-1.345310e+02
7.870000e-06	-2.417256e-09	-1.140634e-09	-1.933563e+01	-1.362144e+02
7.880000e-06	-2.439298e-09	-1.157429e-09	-1.951195e+01	-1.378712e+02
7.890000e-06	-2.461135e-09	-1.173870e-09	-1.968660e+01	-1.395016e+02
7.900000e-06	-2.482768e-09	-1.190345e-09	-1.985966e+01	-1.411079e+02
7.910000e-06	-2.504203e-09	-1.204166e-09	-2.003114e+01	-1.426936e+02
7.920000e-06	-2.525462e-09	-1.214880e-09	-2.020119e+01	-1.442633e+02
7.930000e-06	-2.546531e-09	-1.224356e-09	-2.036971e+01	-1.458213e+02
7.940000e-06	-2.567441e-09	-1.235491e-09	-2.053699e+01	-1.473718e+02
7.950000e-06	-2.588213e-09	-1.250749e-09	-2.070316e+01	-1.489180e+02
7.960000e-06	-2.608856e-09	-1.267521e-09	-2.086827e+01	-1.504617e+02
7.970000e-06	-2.629394e-09	-1.283907e-09	-2.103254e+01	-1.520039e+02
7.980000e-06	-2.649836e-09	-1.298834e-09	-2.119605e+01	-1.535445e+02
7.990000e-06	-2.670208e-09	-1.313149e-09	-2.135901e+01	-1.550826e+02
8.000000e-06	-2.690521e-09	-1.327201e-09	-2.152148e+01	-1.566173e+02
8.010000e-06	-2.710777e-09	-1.338950e-09	-2.168349e+01	-1.581472e+02
8.020000e-06	-2.730990e-09	-1.349061e-09	-2.184516e+01	-1.596713e+02
8.030000e-06	-2.751162e-09	-1.359645e-09	-2.200652e+01	-1.611887e+02
8.040000e-06	-2.771284e-09	-1.373745e-09	-2.216747e+01	-1.626989e+02
8.050000e-06	-2.791338e-09	-1.391103e-09	-2.232788e+01	-1.642012e+02
8.060000e-06	-2.811312e-09	-1.408835e-09	-2.248767e+01	-1.656949e+02
8.070000e-06	-2.831192e-09	-1.424512e-09	-2.264672e+01	-1.671786e+02
8.080000e-06	-2.850973e-09	-1.438206e-09	-2.280497e+01	-1.686507e+02
8.090000e-06	-2.870649e-09	-1.452909e-09	-2.296238e+01	-1.701090e+02
8.100000e-06	-2.890198e-09	-1.466702e-09	-2.311875e+01	-1.715506e+02
8.110000e-06	-2.909581e-09	-1.475575e-09	-2.327379e+01	-1.729729e+02
8.120000e-06	-2.928806e-09	-1.481873e-09	-2.342755e+01	-1.743733e+02
8.130000e-06	-2.947876e-09	-1.490161e-09	-2.358008e+01	-1.757502e+02
8.140000e-06	-2.966798e-09	-1.501459e-09	-2.373144e+01	-1.771029e+02
8.150000e-06	-2.985578e-09	-1.513683e-09	-2.388165e+01	-1.784325e+02
8.160000e-06	-3.004213e-09	-1.526086e-09	-2.403069e+01	-1.797415e+02
8.170000e-06	-3.022722e-09	-1.540608e-09	-2.417871e+01	-1.810339e+02
8.180000e-06	-3.041115e-09	-1.556164e-09	-2.432581e+01	-1.823149e+02
8.190000e-06	-3.059400e-09	-1.570119e-09	-2.447205e+01	-1.835904e+02
8.200000e-06	-3.077580e-09	-1.581052e-09	-2.461745e+01	-1.848659e+02
8.210000e-06	-3.095663e-09	-1.590842e-09	-2.476205e+01	-1.861464e+02
8.220000e-06	-3.113631e-09	-1.601351e-09	-2.490576e+01	-1.874349e+02
8.230000e-06	-3.131466e-09	-1.611728e-09	-2.504840e+01	-1.887327e+02
8.240000e-06	-3.149163e-09	-1.621710e-09	-2.518994e+01	-1.900386e+02
8.250000e-06	-3.166729e-09	-1.631053e-09	-2.533043e+01	-1.913492e+02
8.260000e-06	-3.184139e-09	-1.642563e-09	-2.546973e+01	-1.926591e+02
8.270000e-06	-3.201373e-09	-1.656437e-09	-2.560763e+01	-1.939619e+02
8.280000e-06	-3.218426e-09	-1.669801e-09	-2.574407e+01	-1.952505e+02
8.290000e-06	-3.235325e-09	-1.681404e-09	-2.587923e+01	-1.965186e+02
8.300000e-06	-3.252089e-09	-1.692244e-09	-2.601330e+01	-1.977611e+02
8.310000e-06	-3.268720e-09	-1.704340e-09	-2.614635e+01	-1.989749e+02
8.320000e-06	-3.285239e-09	-1.714297e-09	-2.627849e+01	-2.001594e+02
8.330000e-06	-3.301672e-09	-1.720386e-09	-2.640989e+01	-2.013166e+02
8.340000e-06	-3.318021e-09	-1.726051e-09	-2.654062e+01	-2.024505e+02
8.350000e-06	-3.334275e-09	-1.734581e-09	-2.667064e+01	-2.035667e+02
8.360000e-06	-3.350465e-09	-1.746077e-09	-2.680012e+01	-2.046717e+02
8.370000e-06	-3.366586e-09	-1.758193e-09	-2.692906e+01	-2.057719e+02
8.380000e-06	-3.382606e-09	-1.769906e-09	-2.705721e+01	-2.068727e+02
8.390000e-06	-3.398502e-09	-1.780641e-09	-2.718439e+01	-2.079777e+02
8.400000e-06	-3.414260e-09	-1.789495e-09	-2.731051e+01	-2.090886e+02
8.410000e-06	-3.429838e-09	-1.795508e-09	-2.743515e+01	-2.102050e+02
8.420000e-06	-3.445209e-09	-1.800896e-09	-2.755808e+01	-2.113243e+02
8.430000e-06	-3.460331e-09	-1.808647e-09	-2.767902e+01	-2.124426e+02
8.440000e-06	-3.475153e-09	-1.818566e-09	-2.779755e+01	-2.135553e+02
8.450000e-06	-3.489704e-09	-1.829272e-09	-2.791391e+01	-2.146577e+02
8.460000e-06	-3.504000e-09	-1.839026e-09	-2.802823e+01	-2.157459e+02
8.470000e-06	-3.517993e-09	-1.848882e-09	-2.814018e+01	-2.168171e+02
8.480000e-06	-3.531692e-09	-1.858656e-09	-2.824975e+01	-2.178702e+02
8.490000e-06	-3.545134e-09	-1.867876e-09	-2.835726e+01	-2.189057e+02
8.500000e-06	-3.558347e-09	-1.877342e-09	-2.846294e+01	-2.199253e+02
8.510000e-06	-3.571363e-09	-1.887219e-09	-2.856707e+01	-2.209313e+02
8.520000e-06	-3.584182e-09	-1.895946e-09	-2.866959e+01	-2.219267e+02
8.530000e-06	-3.596820e-09	-1.901749e-09	-2.877067e+01	-2.229135e+02
8.540000e-06	-3.609327e-09	-1.907341e-09	-2.887073e+01	-2.238931e+02
8.550000e-06	-3.621679e-09	-1.914876e-09	-2.896950e+01	-2.248653e+02
8.560000e-06	-3.633862e-09	-1.924839e-09	-2.906691e+01	-2.258289e+02
8.570000e-06	-3.645914e-09	-1.936388e-09	-2.916328e+01	-2.267813e+02
8.580000e-06	-3.657838e-09	-1.946934e-09	-2.925861e+01	-2.277193e+02
8.590000e-06	-3.669597e-09	-1.956681e-09	-2.935262e+01	-2.286395e+02
8.600000e-06	-3.681165e-09	-1.964945e-09	-2.944512e+01	-2.295391e+02
8.610000e-06	-3.692528e-09	-1.970822e-09	-2.953598e+01	-2.304166e+02
8.620000e-06	-3.703686e-09	-1.975167e-09	-2.962525e+01	-2.312718e+02
8.630000e-06	-3.714644e-09	-1.979557e-09	-2.971294e+01	-2.321061e+02
8.640000e-06	-3.725411e-09	-1.987108e-09	-2.979909e+01	-2.329226e+02
8.650000e-06	-3.736037e-09	-1.996806e-09	-2.988407e+01	-2.337252e+02
8.660000e-06	-3.746530e-09	-2.006210e-09	-2.996798e+01	-2.345181e+02
8.670000e-06	-3.756894e-09	-2.014630e-09	-3.005086e+01	-2.353052e+02
8.680000e-06	-3.767127e-09	-2.023191e-09	-3.013270e+01	-2.360891e+02
8.690000e-06	-3.777224e-09	-2.031703e-09	-3.021345e+01	-2.368707e+02
8.700000e-06	-3.787173e-09	-2.037971e-09	-3.029304e+01	-2.376488e+02
8.710000e-06	-3.796960e-09	-2.044121e-09	-3.037132e+01	-2.384202e+02
8.720000e-06	-3.806562e-09	-2.051904e-09	-3.044806e+01	-2.391797e+02
8.730000e-06	-3.815961e-09	-2.060614e-09	-3.052317e+01	-2.399215e+02
8.740000e-06	-3.825161e-09	-2.069313e-09	-3.059673e+01	-2.406395e+02
8.750000e-06	-3.834195e-09	-2.076247e-09	-3.066896e+01	-2.413284e+02
8.760000e-06	-3.843057e-09	-2.081054e-09	-3.073982e+01	-2.419846e+02
8.770000e-06	-3.851731e-09	-2.085923e-09	-3.080920e+01	-2.426069e+02
8.780000e-06	-3.860254e-09	-2.092832e-09	-3.087738e+01	-2.431965e+02
8.790000e-06	-3.868677e-09	-2.100025e-09	-3.094473e+01	-2.437571e+02
8.800000e-06	-3.877008e-09	-2.106305e-09	-3.101136e+01	-2.442944e+02
8.810000e-06	-3.885245e-09	-2.112573e-09	-3.107725e+01	-2.448150e+02
8.820000e-06	-3.893399e-09	-2.117850e-09	-3.114249e+01	-2.453255e+02
8.830000e-06	-3.901475e-09	-2.121231e-09	-3.120711e+01	-2.458315e+02
8.840000e-06	-3.909446e-09	-2.123171e-09	-3.127087e+01	-2.463367e+02
8.850000e-06	-3.917282e-09	-2.125086e-09	-3.133358e+01	-2.468420e+02
8.860000e-06	-3.924962e-09	-2.127276e-09	-3.139503e+01	-2.473458e+02
8.870000e-06	-3.932439e-09	-2.131334e-09	-3.145484e+01	-2.478439e+02
8.880000e-06	-3.939666e-09	-2.138661e-09	-3.151265e+01	-2.483305e+02
8.890000e-06	-3.946646e-09	-2.146331e-09	-3.156848e+01	-2.487991e+02
8.900000e-06	-3.953353e-09	-2.151373e-09	-3.162212e+01	-2.492436e+02
8.910000e-06	-3.959731e-09	-2.153552e-09	-3.167312e+01	-2.496597e+02
8.920000e-06	-3.965811e-09	-2.155208e-09	-3.172171e+01	-2.500456e+02
8.930000e-06	-3.971585e-09	-2.156639e-09	-3.176786e+01	-2.504023e+02
8.940000e-06	-3.977031e-09	-2.156418e-09	-3.181141e+01	-2.507341e+02
8.950000e-06	-3.982213e-09	-2.154966e-09	-3.185284e+01	-2.510473e+02
8.960000e-06	-3.987163e-09	-2.155628e-09	-3.189243e+01	-2.513497e+02
8.970000e-06	-3.991898e-09	-2.160249e-09	-3.193032e+01	-2.516489e+02
8.980000e-06	-3.996466e-09	-2.166513e-09	-3.196688e+01	-2.519511e+02
8.990000e-06	-4.000898e-09	-2.172123e-09	-3.200233e+01	-2.522596e+02
9.000000e-06	-4.005227e-09	-2.175768e-09	-3.203695e+01	-2.525740e+02
9.010000e-06	-4.009485e-09	-2.177912e-09	-3.207100e+01	-2.528901e+02
9.020000e-06	-4.013671e-09	-2.179221e-09	-3.210447e+01	-2.531999e+02
9.030000e-06	-4.017753e-09	-2.178172e-09	-3.213708e+01	-2.534930e+02
9.040000e-06	-4.021714e-09	-2.173747e-09	-3.216875e+01	-2.537579e+02
9.050000e-06	-4.025529e-09	-2.170282e-09	-3.219925e+01	-2.539843e+02
9.060000e-06	-4.029172e-09	-2.173427e-09	-3.222837e+01	-2.541644e+02
9.070000e-06	-4.032633e-09	-2.179999e-09	-3.225605e+01	-2.542953e+02
9.080000e-06	-4.035902e-09	-2.183101e-09	-3.228225e+01	-2.543791e+02
9.090000e-06	-4.038967e-09	-2.182892e-09	-3.230680e+01	-2.544242e+02
9.100000e-06	-4.041832e-09	-2.183131e-09	-3.232971e+01	-2.544437e+02
9.110000e-06	-4.044516e-09	-2.183424e-09	-3.235118e+01	-2.544541e+02
9.120000e-06	-4.047051e-09	-2.182607e-09	-3.237150e+01	-2.544733e+02
9.130000e-06	-4.049462e-09	-2.180503e-09	-3.239079e+01	-2.545175e+02
9.140000e-06	-4.051733e-09	-2.179250e-09	-3.240894e+01	-2.545985e+02
9.150000e-06	-4.053884e-09	-2.181138e-09	-3.242612e+01	-2.547219e+02
9.160000e-06	-4.055900e-09	-2.184022e-09	-3.244224e+01	-2.548848e+02
9.170000e-06	-4.057642e-09	-2.185524e-09	-3.245628e+01	-2.550761e+02
9.180000e-06	-4.059107e-09	-2.186346e-09	-3.246805e+01	-2.552769e+02
9.190000e-06	-4.060431e-09	-2.188522e-09	-3.247857e+01	-2.554628e+02
9.200000e-06	-4.061604e-09	-2.189831e-09	-3.248793e+01	-2.556072e+02
9.210000e-06	-4.062582e-09	-2.188864e-09	-3.249576e+01	-2.556846e+02
9.220000e-06	-4.063384e-09	-2.185810e-09	-3.250218e+01	-2.556753e+02
9.230000e-06	-4.064044e-09	-2.181403e-09	-3.250748e+01	-2.555682e+02
9.240000e-06	-4.064572e-09	-2.177309e-09	-3.251170e+01	-2.553641e+02
