5.886575e-15
5.689368e-15
3.853806e-15
7.812108e-15
2.052971e-13
2.043081e-13
2.046425e-13
2.031062e-13
1.959781e-13
2.029896e-13
2.053211e-13
1.986368e-13
1.949383e-13
2.039148e-13
2.022437e-13
1.989872e-13
2.003296e-13
1.951341e-13
1.992878e-13
1.941957e-13
1.985948e-13
1.985840e-13
2.025486e-13
2.019097e-13
1.961245e-13
1.965231e-13
1.902898e-13
2.022830e-13
1.964485e-13
2.001734e-13
1.981265e-13
1.232188e-18
9.526635e-15
4.154151e-19
5.902684e-15
2.989279e-15
1.016667e-14
5.785901e-15
1.046657e-14
