# Temperatura_=_20.0
# Concentracion g/m^3_=_10770.0
# C_Vs_to_Am_M_A/Vsm_=_116720831517.84952
# pendiente_HvsI_1/m_=_3716.3
# ordenada_HvsI_A/m_=_1297.0
# frecuencia_Hz_=_108163.68071320507
# Promedio de 26 ciclos

Tiempo_(s)	Campo_(V.s)	Magnetizacion_(V.s)	Campo_(kA/m)	Magnetizacion_(A/m)
0.000000e+00	-4.613018e-09	-3.641359e-09	-3.768680e+01	-4.172384e+02
1.000000e-08	-4.613162e-09	-3.635323e-09	-3.768797e+01	-4.173115e+02
2.000000e-08	-4.613185e-09	-3.632655e-09	-3.768816e+01	-4.173895e+02
3.000000e-08	-4.613106e-09	-3.634431e-09	-3.768752e+01	-4.174675e+02
4.000000e-08	-4.612920e-09	-3.639288e-09	-3.768600e+01	-4.175390e+02
5.000000e-08	-4.612602e-09	-3.646566e-09	-3.768340e+01	-4.175971e+02
6.000000e-08	-4.612097e-09	-3.647683e-09	-3.767927e+01	-4.176356e+02
7.000000e-08	-4.611356e-09	-3.628926e-09	-3.767322e+01	-4.176498e+02
8.000000e-08	-4.610301e-09	-3.602084e-09	-3.766460e+01	-4.176376e+02
9.000000e-08	-4.608854e-09	-3.614364e-09	-3.765277e+01	-4.175998e+02
1.000000e-07	-4.607060e-09	-3.666070e-09	-3.763812e+01	-4.175396e+02
1.100000e-07	-4.604937e-09	-3.685094e-09	-3.762077e+01	-4.174628e+02
1.200000e-07	-4.602455e-09	-3.634814e-09	-3.760050e+01	-4.173763e+02
1.300000e-07	-4.599642e-09	-3.586896e-09	-3.757752e+01	-4.172875e+02
1.400000e-07	-4.596509e-09	-3.632623e-09	-3.755192e+01	-4.172030e+02
1.500000e-07	-4.593104e-09	-3.649624e-09	-3.752411e+01	-4.171274e+02
1.600000e-07	-4.589498e-09	-3.582729e-09	-3.749464e+01	-4.170626e+02
1.700000e-07	-4.585721e-09	-3.552687e-09	-3.746379e+01	-4.170076e+02
1.800000e-07	-4.581819e-09	-3.615658e-09	-3.743191e+01	-4.169584e+02
1.900000e-07	-4.577830e-09	-3.676170e-09	-3.739933e+01	-4.169085e+02
2.000000e-07	-4.573735e-09	-3.614926e-09	-3.736587e+01	-4.168496e+02
2.100000e-07	-4.569506e-09	-3.584008e-09	-3.733132e+01	-4.167729e+02
2.200000e-07	-4.565154e-09	-3.607792e-09	-3.729577e+01	-4.166704e+02
2.300000e-07	-4.560642e-09	-3.604907e-09	-3.725890e+01	-4.165353e+02
2.400000e-07	-4.555929e-09	-3.571041e-09	-3.722040e+01	-4.163637e+02
2.500000e-07	-4.551022e-09	-3.576414e-09	-3.718031e+01	-4.161544e+02
2.600000e-07	-4.545902e-09	-3.620781e-09	-3.713848e+01	-4.159092e+02
2.700000e-07	-4.540552e-09	-3.600781e-09	-3.709477e+01	-4.156324e+02
2.800000e-07	-4.534977e-09	-3.592996e-09	-3.704923e+01	-4.153300e+02
2.900000e-07	-4.529186e-09	-3.594907e-09	-3.700192e+01	-4.150090e+02
3.000000e-07	-4.523179e-09	-3.570074e-09	-3.695285e+01	-4.146758e+02
3.100000e-07	-4.516960e-09	-3.541347e-09	-3.690204e+01	-4.143357e+02
3.200000e-07	-4.510537e-09	-3.571149e-09	-3.684956e+01	-4.139916e+02
3.300000e-07	-4.503918e-09	-3.607244e-09	-3.679549e+01	-4.136441e+02
3.400000e-07	-4.497048e-09	-3.567580e-09	-3.673936e+01	-4.132911e+02
3.500000e-07	-4.489925e-09	-3.561462e-09	-3.668117e+01	-4.129286e+02
3.600000e-07	-4.482594e-09	-3.591856e-09	-3.662128e+01	-4.125506e+02
3.700000e-07	-4.475058e-09	-3.578436e-09	-3.655971e+01	-4.121512e+02
3.800000e-07	-4.467348e-09	-3.530663e-09	-3.649673e+01	-4.117246e+02
3.900000e-07	-4.459497e-09	-3.537030e-09	-3.643258e+01	-4.112667e+02
4.000000e-07	-4.451539e-09	-3.565497e-09	-3.636757e+01	-4.107754e+02
4.100000e-07	-4.443493e-09	-3.547001e-09	-3.630184e+01	-4.102513e+02
4.200000e-07	-4.435345e-09	-3.546796e-09	-3.623527e+01	-4.096978e+02
4.300000e-07	-4.427053e-09	-3.549673e-09	-3.616752e+01	-4.091202e+02
4.400000e-07	-4.418593e-09	-3.531442e-09	-3.609841e+01	-4.085255e+02
4.500000e-07	-4.409966e-09	-3.521285e-09	-3.602793e+01	-4.079214e+02
4.600000e-07	-4.401095e-09	-3.531584e-09	-3.595546e+01	-4.073151e+02
4.700000e-07	-4.391929e-09	-3.518040e-09	-3.588058e+01	-4.067124e+02
4.800000e-07	-4.382473e-09	-3.493795e-09	-3.580333e+01	-4.061172e+02
4.900000e-07	-4.372681e-09	-3.512118e-09	-3.572333e+01	-4.055308e+02
5.000000e-07	-4.362503e-09	-3.512311e-09	-3.564018e+01	-4.049518e+02
5.100000e-07	-4.351988e-09	-3.488923e-09	-3.555427e+01	-4.043769e+02
5.200000e-07	-4.341144e-09	-3.478334e-09	-3.546569e+01	-4.038006e+02
5.300000e-07	-4.329992e-09	-3.484635e-09	-3.537458e+01	-4.032167e+02
5.400000e-07	-4.318569e-09	-3.481965e-09	-3.528125e+01	-4.026191e+02
5.500000e-07	-4.306887e-09	-3.475819e-09	-3.518581e+01	-4.020023e+02
5.600000e-07	-4.295016e-09	-3.475255e-09	-3.508883e+01	-4.013622e+02
5.700000e-07	-4.282965e-09	-3.459246e-09	-3.499038e+01	-4.006968e+02
5.800000e-07	-4.270739e-09	-3.454934e-09	-3.489050e+01	-4.000059e+02
5.900000e-07	-4.258356e-09	-3.449178e-09	-3.478933e+01	-3.992909e+02
6.000000e-07	-4.245770e-09	-3.433548e-09	-3.468651e+01	-3.985549e+02
6.100000e-07	-4.232931e-09	-3.420900e-09	-3.458162e+01	-3.978016e+02
6.200000e-07	-4.219904e-09	-3.420680e-09	-3.447520e+01	-3.970345e+02
6.300000e-07	-4.206695e-09	-3.421576e-09	-3.436728e+01	-3.962569e+02
6.400000e-07	-4.193252e-09	-3.410219e-09	-3.425746e+01	-3.954712e+02
6.500000e-07	-4.179626e-09	-3.399545e-09	-3.414614e+01	-3.946784e+02
6.600000e-07	-4.165832e-09	-3.384943e-09	-3.403345e+01	-3.938784e+02
6.700000e-07	-4.151857e-09	-3.380225e-09	-3.391928e+01	-3.930705e+02
6.800000e-07	-4.137700e-09	-3.374931e-09	-3.380362e+01	-3.922532e+02
6.900000e-07	-4.123363e-09	-3.362405e-09	-3.368649e+01	-3.914254e+02
7.000000e-07	-4.108811e-09	-3.351788e-09	-3.356760e+01	-3.905862e+02
7.100000e-07	-4.094024e-09	-3.342813e-09	-3.344680e+01	-3.897361e+02
7.200000e-07	-4.078971e-09	-3.337145e-09	-3.332382e+01	-3.888761e+02
7.300000e-07	-4.063615e-09	-3.326311e-09	-3.319837e+01	-3.880088e+02
7.400000e-07	-4.047975e-09	-3.315732e-09	-3.307059e+01	-3.871373e+02
7.500000e-07	-4.032036e-09	-3.304438e-09	-3.294038e+01	-3.862647e+02
7.600000e-07	-4.015817e-09	-3.301179e-09	-3.280787e+01	-3.853942e+02
7.700000e-07	-3.999357e-09	-3.299163e-09	-3.267340e+01	-3.845276e+02
7.800000e-07	-3.982684e-09	-3.286681e-09	-3.253719e+01	-3.836655e+02
7.900000e-07	-3.965827e-09	-3.273866e-09	-3.239947e+01	-3.828065e+02
8.000000e-07	-3.948802e-09	-3.264019e-09	-3.226039e+01	-3.819475e+02
8.100000e-07	-3.931620e-09	-3.259886e-09	-3.212001e+01	-3.810834e+02
8.200000e-07	-3.914322e-09	-3.251163e-09	-3.197870e+01	-3.802083e+02
8.300000e-07	-3.896916e-09	-3.240652e-09	-3.183649e+01	-3.793159e+02
8.400000e-07	-3.879364e-09	-3.232254e-09	-3.169310e+01	-3.784002e+02
8.500000e-07	-3.861676e-09	-3.225808e-09	-3.154859e+01	-3.774565e+02
8.600000e-07	-3.843851e-09	-3.219075e-09	-3.140297e+01	-3.764823e+02
8.700000e-07	-3.825896e-09	-3.207425e-09	-3.125629e+01	-3.754776e+02
8.800000e-07	-3.807787e-09	-3.197582e-09	-3.110834e+01	-3.744450e+02
8.900000e-07	-3.789456e-09	-3.187911e-09	-3.095858e+01	-3.733897e+02
9.000000e-07	-3.770899e-09	-3.180445e-09	-3.080698e+01	-3.723189e+02
9.100000e-07	-3.752120e-09	-3.168915e-09	-3.065357e+01	-3.712410e+02
9.200000e-07	-3.733141e-09	-3.156072e-09	-3.049851e+01	-3.701645e+02
9.300000e-07	-3.713967e-09	-3.149572e-09	-3.034187e+01	-3.690972e+02
9.400000e-07	-3.694594e-09	-3.145541e-09	-3.018359e+01	-3.680451e+02
9.500000e-07	-3.675052e-09	-3.141206e-09	-3.002394e+01	-3.670118e+02
9.600000e-07	-3.655365e-09	-3.131142e-09	-2.986311e+01	-3.659979e+02
9.700000e-07	-3.635567e-09	-3.120107e-09	-2.970136e+01	-3.650012e+02
9.800000e-07	-3.615657e-09	-3.108927e-09	-2.953870e+01	-3.640168e+02
9.900000e-07	-3.595663e-09	-3.098192e-09	-2.937536e+01	-3.630378e+02
1.000000e-06	-3.575601e-09	-3.088669e-09	-2.921146e+01	-3.620561e+02
1.010000e-06	-3.555466e-09	-3.080545e-09	-2.904697e+01	-3.610635e+02
1.020000e-06	-3.535259e-09	-3.075804e-09	-2.888188e+01	-3.600525e+02
1.030000e-06	-3.514964e-09	-3.071004e-09	-2.871607e+01	-3.590171e+02
1.040000e-06	-3.494566e-09	-3.063572e-09	-2.854943e+01	-3.579532e+02
1.050000e-06	-3.474037e-09	-3.049882e-09	-2.838172e+01	-3.568594e+02
1.060000e-06	-3.453347e-09	-3.034552e-09	-2.821268e+01	-3.557364e+02
1.070000e-06	-3.432485e-09	-3.021285e-09	-2.804225e+01	-3.545870e+02
1.080000e-06	-3.411437e-09	-3.010094e-09	-2.787030e+01	-3.534153e+02
1.090000e-06	-3.390224e-09	-3.001580e-09	-2.769699e+01	-3.522265e+02
1.100000e-06	-3.368857e-09	-2.994561e-09	-2.752243e+01	-3.510257e+02
1.110000e-06	-3.347329e-09	-2.988471e-09	-2.734656e+01	-3.498176e+02
1.120000e-06	-3.325664e-09	-2.980135e-09	-2.716956e+01	-3.486060e+02
1.130000e-06	-3.303838e-09	-2.970616e-09	-2.699125e+01	-3.473933e+02
1.140000e-06	-3.281865e-09	-2.958596e-09	-2.681174e+01	-3.461809e+02
1.150000e-06	-3.259765e-09	-2.943199e-09	-2.663118e+01	-3.449685e+02
1.160000e-06	-3.237522e-09	-2.926698e-09	-2.644946e+01	-3.437554e+02
1.170000e-06	-3.215150e-09	-2.912181e-09	-2.626670e+01	-3.425400e+02
1.180000e-06	-3.192636e-09	-2.901068e-09	-2.608277e+01	-3.413203e+02
1.190000e-06	-3.169964e-09	-2.890930e-09	-2.589754e+01	-3.400945e+02
1.200000e-06	-3.147144e-09	-2.880915e-09	-2.571111e+01	-3.388609e+02
1.210000e-06	-3.124157e-09	-2.869952e-09	-2.552331e+01	-3.376180e+02
1.220000e-06	-3.100996e-09	-2.858072e-09	-2.533409e+01	-3.363646e+02
1.230000e-06	-3.077690e-09	-2.844618e-09	-2.514369e+01	-3.350994e+02
1.240000e-06	-3.054251e-09	-2.829521e-09	-2.495220e+01	-3.338211e+02
1.250000e-06	-3.030665e-09	-2.815566e-09	-2.475951e+01	-3.325282e+02
1.260000e-06	-3.006959e-09	-2.803943e-09	-2.456585e+01	-3.312190e+02
1.270000e-06	-2.983146e-09	-2.792312e-09	-2.437130e+01	-3.298913e+02
1.280000e-06	-2.959252e-09	-2.778750e-09	-2.417610e+01	-3.285432e+02
1.290000e-06	-2.935310e-09	-2.764053e-09	-2.398050e+01	-3.271729e+02
1.300000e-06	-2.911283e-09	-2.748756e-09	-2.378420e+01	-3.257788e+02
1.310000e-06	-2.887177e-09	-2.733396e-09	-2.358727e+01	-3.243607e+02
1.320000e-06	-2.862996e-09	-2.717166e-09	-2.338972e+01	-3.229192e+02
1.330000e-06	-2.838702e-09	-2.701469e-09	-2.319124e+01	-3.214561e+02
1.340000e-06	-2.814284e-09	-2.689282e-09	-2.299175e+01	-3.199748e+02
1.350000e-06	-2.789768e-09	-2.679547e-09	-2.279147e+01	-3.184795e+02
1.360000e-06	-2.765129e-09	-2.670354e-09	-2.259018e+01	-3.169752e+02
1.370000e-06	-2.740307e-09	-2.659737e-09	-2.238739e+01	-3.154670e+02
1.380000e-06	-2.715343e-09	-2.647412e-09	-2.218345e+01	-3.139598e+02
1.390000e-06	-2.690224e-09	-2.633702e-09	-2.197823e+01	-3.124571e+02
1.400000e-06	-2.664880e-09	-2.617536e-09	-2.177118e+01	-3.109613e+02
1.410000e-06	-2.639320e-09	-2.598514e-09	-2.156236e+01	-3.094727e+02
1.420000e-06	-2.613557e-09	-2.579783e-09	-2.135188e+01	-3.079896e+02
1.430000e-06	-2.587594e-09	-2.565519e-09	-2.113978e+01	-3.065085e+02
1.440000e-06	-2.561420e-09	-2.555872e-09	-2.092595e+01	-3.050247e+02
1.450000e-06	-2.535012e-09	-2.547827e-09	-2.071020e+01	-3.035324e+02
1.460000e-06	-2.508398e-09	-2.539933e-09	-2.049278e+01	-3.020257e+02
1.470000e-06	-2.481614e-09	-2.531467e-09	-2.027396e+01	-3.004995e+02
1.480000e-06	-2.454661e-09	-2.519963e-09	-2.005377e+01	-2.989497e+02
1.490000e-06	-2.427536e-09	-2.504610e-09	-1.983216e+01	-2.973741e+02
1.500000e-06	-2.400273e-09	-2.485770e-09	-1.960944e+01	-2.957729e+02
1.510000e-06	-2.372882e-09	-2.465768e-09	-1.938566e+01	-2.941479e+02
1.520000e-06	-2.345347e-09	-2.448485e-09	-1.916071e+01	-2.925031e+02
1.530000e-06	-2.317725e-09	-2.435501e-09	-1.893505e+01	-2.908438e+02
1.540000e-06	-2.290024e-09	-2.424653e-09	-1.870874e+01	-2.891760e+02
1.550000e-06	-2.262219e-09	-2.413612e-09	-1.848158e+01	-2.875057e+02
1.560000e-06	-2.234339e-09	-2.401080e-09	-1.825381e+01	-2.858383e+02
1.570000e-06	-2.206412e-09	-2.385474e-09	-1.802565e+01	-2.841779e+02
1.580000e-06	-2.178441e-09	-2.367388e-09	-1.779714e+01	-2.825271e+02
1.590000e-06	-2.150419e-09	-2.349876e-09	-1.756821e+01	-2.808869e+02
1.600000e-06	-2.122352e-09	-2.335878e-09	-1.733891e+01	-2.792563e+02
1.610000e-06	-2.094242e-09	-2.324751e-09	-1.710926e+01	-2.776334e+02
1.620000e-06	-2.066079e-09	-2.314478e-09	-1.687918e+01	-2.760151e+02
1.630000e-06	-2.037857e-09	-2.303324e-09	-1.664861e+01	-2.743980e+02
1.640000e-06	-2.009584e-09	-2.292490e-09	-1.641763e+01	-2.727789e+02
1.650000e-06	-1.981261e-09	-2.280949e-09	-1.618624e+01	-2.711550e+02
1.660000e-06	-1.952853e-09	-2.266692e-09	-1.595416e+01	-2.695243e+02
1.670000e-06	-1.924369e-09	-2.251122e-09	-1.572146e+01	-2.678857e+02
1.680000e-06	-1.895825e-09	-2.235692e-09	-1.548826e+01	-2.662387e+02
1.690000e-06	-1.867221e-09	-2.220965e-09	-1.525458e+01	-2.645833e+02
1.700000e-06	-1.838545e-09	-2.204340e-09	-1.502030e+01	-2.629198e+02
1.710000e-06	-1.809772e-09	-2.185270e-09	-1.478524e+01	-2.612482e+02
1.720000e-06	-1.780904e-09	-2.167374e-09	-1.454939e+01	-2.595678e+02
1.730000e-06	-1.751961e-09	-2.151867e-09	-1.431294e+01	-2.578775e+02
1.740000e-06	-1.722922e-09	-2.138084e-09	-1.407570e+01	-2.561754e+02
1.750000e-06	-1.693754e-09	-2.125168e-09	-1.383741e+01	-2.544590e+02
1.760000e-06	-1.664490e-09	-2.113106e-09	-1.359833e+01	-2.527256e+02
1.770000e-06	-1.635145e-09	-2.099714e-09	-1.335859e+01	-2.509724e+02
1.780000e-06	-1.605741e-09	-2.083148e-09	-1.311837e+01	-2.491972e+02
1.790000e-06	-1.576276e-09	-2.063883e-09	-1.287765e+01	-2.473988e+02
1.800000e-06	-1.546733e-09	-2.045072e-09	-1.263630e+01	-2.455769e+02
1.810000e-06	-1.517110e-09	-2.027650e-09	-1.239429e+01	-2.437325e+02
1.820000e-06	-1.487416e-09	-2.009769e-09	-1.215170e+01	-2.418678e+02
1.830000e-06	-1.457661e-09	-1.993886e-09	-1.190861e+01	-2.399858e+02
1.840000e-06	-1.427831e-09	-1.979513e-09	-1.166490e+01	-2.380901e+02
1.850000e-06	-1.397942e-09	-1.964304e-09	-1.142072e+01	-2.361842e+02
1.860000e-06	-1.368010e-09	-1.945745e-09	-1.117619e+01	-2.342712e+02
1.870000e-06	-1.338045e-09	-1.924529e-09	-1.093138e+01	-2.323531e+02
1.880000e-06	-1.308039e-09	-1.904336e-09	-1.068625e+01	-2.304310e+02
1.890000e-06	-1.277982e-09	-1.886745e-09	-1.044069e+01	-2.285045e+02
1.900000e-06	-1.247896e-09	-1.870406e-09	-1.019489e+01	-2.265722e+02
1.910000e-06	-1.217776e-09	-1.854334e-09	-9.948825e+00	-2.246317e+02
1.920000e-06	-1.187614e-09	-1.838691e-09	-9.702417e+00	-2.226801e+02
1.930000e-06	-1.157421e-09	-1.821518e-09	-9.455743e+00	-2.207146e+02
1.940000e-06	-1.127164e-09	-1.802487e-09	-9.208554e+00	-2.187327e+02
1.950000e-06	-1.096849e-09	-1.783267e-09	-8.960892e+00	-2.167331e+02
1.960000e-06	-1.066524e-09	-1.763734e-09	-8.713148e+00	-2.147155e+02
1.970000e-06	-1.036172e-09	-1.743924e-09	-8.465179e+00	-2.126805e+02
1.980000e-06	-1.005761e-09	-1.724366e-09	-8.216737e+00	-2.106300e+02
1.990000e-06	-9.752904e-10	-1.706357e-09	-7.967800e+00	-2.085664e+02
2.000000e-06	-9.447784e-10	-1.689007e-09	-7.718528e+00	-2.064925e+02
2.010000e-06	-9.142478e-10	-1.671680e-09	-7.469103e+00	-2.044105e+02
2.020000e-06	-8.836893e-10	-1.654167e-09	-7.219450e+00	-2.023220e+02
2.030000e-06	-8.530862e-10	-1.635810e-09	-6.969434e+00	-2.002276e+02
2.040000e-06	-8.224606e-10	-1.618212e-09	-6.719233e+00	-1.981267e+02
2.050000e-06	-7.917919e-10	-1.601995e-09	-6.468680e+00	-1.960174e+02
2.060000e-06	-7.610686e-10	-1.586090e-09	-6.217681e+00	-1.938972e+02
2.070000e-06	-7.303240e-10	-1.569580e-09	-5.966509e+00	-1.917630e+02
2.080000e-06	-6.995587e-10	-1.553701e-09	-5.715166e+00	-1.896120e+02
2.090000e-06	-6.687391e-10	-1.537809e-09	-5.463381e+00	-1.874421e+02
2.100000e-06	-6.378805e-10	-1.519758e-09	-5.211276e+00	-1.852525e+02
2.110000e-06	-6.070121e-10	-1.499739e-09	-4.959091e+00	-1.830436e+02
2.120000e-06	-5.761128e-10	-1.478945e-09	-4.706655e+00	-1.808177e+02
2.130000e-06	-5.451858e-10	-1.458739e-09	-4.453991e+00	-1.785781e+02
2.140000e-06	-5.142294e-10	-1.440823e-09	-4.201087e+00	-1.763292e+02
2.150000e-06	-4.832425e-10	-1.426449e-09	-3.947935e+00	-1.740756e+02
2.160000e-06	-4.522314e-10	-1.413460e-09	-3.694585e+00	-1.718215e+02
2.170000e-06	-4.212187e-10	-1.399670e-09	-3.441221e+00	-1.695697e+02
2.180000e-06	-3.901860e-10	-1.384374e-09	-3.187694e+00	-1.673215e+02
2.190000e-06	-3.591048e-10	-1.366468e-09	-2.933772e+00	-1.650760e+02
2.200000e-06	-3.279957e-10	-1.347357e-09	-2.679621e+00	-1.628303e+02
2.210000e-06	-2.968865e-10	-1.328061e-09	-2.425469e+00	-1.605794e+02
2.220000e-06	-2.657782e-10	-1.307863e-09	-2.171324e+00	-1.583171e+02
2.230000e-06	-2.346349e-10	-1.288350e-09	-1.916894e+00	-1.560367e+02
2.240000e-06	-2.034506e-10	-1.270283e-09	-1.662129e+00	-1.537317e+02
2.250000e-06	-1.722785e-10	-1.253473e-09	-1.407463e+00	-1.513972e+02
2.260000e-06	-1.411163e-10	-1.238876e-09	-1.152879e+00	-1.490301e+02
2.270000e-06	-1.099259e-10	-1.223431e-09	-8.980639e-01	-1.466300e+02
2.280000e-06	-7.868998e-11	-1.204138e-09	-6.428775e-01	-1.441991e+02
2.290000e-06	-4.746001e-11	-1.182287e-09	-3.877394e-01	-1.417425e+02
2.300000e-06	-1.627236e-11	-1.161248e-09	-1.329470e-01	-1.392670e+02
2.310000e-06	1.491025e-11	-1.141357e-09	1.218046e-01	-1.367809e+02
2.320000e-06	4.610511e-11	-1.121080e-09	3.766561e-01	-1.342926e+02
2.330000e-06	7.728101e-11	-1.099751e-09	6.313526e-01	-1.318097e+02
2.340000e-06	1.084155e-10	-1.078563e-09	8.857107e-01	-1.293379e+02
2.350000e-06	1.395476e-10	-1.058613e-09	1.140049e+00	-1.268803e+02
2.360000e-06	1.706838e-10	-1.038668e-09	1.394421e+00	-1.244370e+02
2.370000e-06	2.018450e-10	-1.018723e-09	1.648998e+00	-1.220048e+02
2.380000e-06	2.329954e-10	-9.985449e-10	1.903485e+00	-1.195779e+02
2.390000e-06	2.641033e-10	-9.809146e-10	2.157627e+00	-1.171482e+02
2.400000e-06	2.952088e-10	-9.638799e-10	2.411748e+00	-1.147063e+02
2.410000e-06	3.262900e-10	-9.422016e-10	2.665670e+00	-1.122428e+02
2.420000e-06	3.573412e-10	-9.157873e-10	2.919347e+00	-1.097487e+02
2.430000e-06	3.883797e-10	-8.882105e-10	3.172921e+00	-1.072170e+02
2.440000e-06	4.194132e-10	-8.645014e-10	3.426454e+00	-1.046427e+02
2.450000e-06	4.504195e-10	-8.418752e-10	3.679765e+00	-1.020237e+02
2.460000e-06	4.813964e-10	-8.194181e-10	3.932837e+00	-9.936039e+01
2.470000e-06	5.123488e-10	-7.983330e-10	4.185707e+00	-9.665540e+01
2.480000e-06	5.432559e-10	-7.782683e-10	4.438207e+00	-9.391320e+01
2.490000e-06	5.741405e-10	-7.570557e-10	4.690524e+00	-9.113926e+01
2.500000e-06	6.049867e-10	-7.293561e-10	4.942528e+00	-8.833931e+01
2.510000e-06	6.357952e-10	-6.980572e-10	5.194223e+00	-8.551861e+01
2.520000e-06	6.665945e-10	-6.663567e-10	5.445843e+00	-8.268144e+01
2.530000e-06	6.973881e-10	-6.383981e-10	5.697416e+00	-7.983067e+01
2.540000e-06	7.281475e-10	-6.151511e-10	5.948710e+00	-7.696769e+01
2.550000e-06	7.588450e-10	-5.932608e-10	6.199498e+00	-7.409250e+01
2.560000e-06	7.894771e-10	-5.728682e-10	6.449752e+00	-7.120393e+01
2.570000e-06	8.200657e-10	-5.510898e-10	6.699650e+00	-6.830008e+01
2.580000e-06	8.506235e-10	-5.275630e-10	6.949297e+00	-6.537865e+01
2.590000e-06	8.811500e-10	-5.007124e-10	7.198689e+00	-6.243736e+01
2.600000e-06	9.116546e-10	-4.700653e-10	7.447901e+00	-5.947421e+01
2.610000e-06	9.421333e-10	-4.369753e-10	7.696902e+00	-5.648762e+01
2.620000e-06	9.725792e-10	-4.041823e-10	7.945636e+00	-5.347647e+01
2.630000e-06	1.002978e-09	-3.770037e-10	8.193981e+00	-5.043999e+01
2.640000e-06	1.033334e-09	-3.522469e-10	8.441979e+00	-4.737765e+01
2.650000e-06	1.063627e-09	-3.275069e-10	8.689469e+00	-4.428899e+01
2.660000e-06	1.093883e-09	-3.016521e-10	8.936645e+00	-4.117357e+01
2.670000e-06	1.124128e-09	-2.755680e-10	9.183742e+00	-3.803087e+01
2.680000e-06	1.154336e-09	-2.502049e-10	9.430529e+00	-3.486047e+01
2.690000e-06	1.184494e-09	-2.229273e-10	9.676910e+00	-3.166218e+01
2.700000e-06	1.214612e-09	-1.942050e-10	9.922966e+00	-2.843633e+01
2.710000e-06	1.244702e-09	-1.645688e-10	1.016879e+01	-2.518398e+01
2.720000e-06	1.274761e-09	-1.367459e-10	1.041436e+01	-2.190722e+01
2.730000e-06	1.304782e-09	-1.095385e-10	1.065963e+01	-1.860921e+01
2.740000e-06	1.334753e-09	-8.135401e-11	1.090448e+01	-1.529417e+01
2.750000e-06	1.364671e-09	-5.262044e-11	1.114890e+01	-1.196715e+01
2.760000e-06	1.394538e-09	-2.490416e-11	1.139290e+01	-8.633591e+00
2.770000e-06	1.424353e-09	-3.089799e-13	1.163648e+01	-5.298857e+00
2.780000e-06	1.454110e-09	2.378312e-11	1.187958e+01	-1.967573e+00
2.790000e-06	1.483803e-09	4.971114e-11	1.212216e+01	1.356940e+00
2.800000e-06	1.513449e-09	7.726794e-11	1.236436e+01	4.673152e+00
2.810000e-06	1.543036e-09	1.050339e-10	1.260608e+01	7.981617e+00
2.820000e-06	1.572538e-09	1.340087e-10	1.284710e+01	1.128502e+01
2.830000e-06	1.601967e-09	1.642749e-10	1.308752e+01	1.458796e+01
2.840000e-06	1.631325e-09	1.929133e-10	1.332737e+01	1.789643e+01
2.850000e-06	1.660607e-09	2.174525e-10	1.356659e+01	2.121715e+01
2.860000e-06	1.689801e-09	2.387235e-10	1.380510e+01	2.455676e+01
2.870000e-06	1.718903e-09	2.619916e-10	1.404286e+01	2.792094e+01
2.880000e-06	1.747922e-09	2.890523e-10	1.427993e+01	3.131375e+01
2.890000e-06	1.776865e-09	3.186190e-10	1.451638e+01	3.473706e+01
2.900000e-06	1.805683e-09	3.491535e-10	1.475181e+01	3.819036e+01
2.910000e-06	1.834378e-09	3.803982e-10	1.498624e+01	4.167083e+01
2.920000e-06	1.862982e-09	4.118343e-10	1.521993e+01	4.517376e+01
2.930000e-06	1.891525e-09	4.414660e-10	1.545311e+01	4.869322e+01
2.940000e-06	1.920006e-09	4.688052e-10	1.568580e+01	5.222287e+01
2.950000e-06	1.948407e-09	4.951966e-10	1.591783e+01	5.575691e+01
2.960000e-06	1.976747e-09	5.223847e-10	1.614935e+01	5.929080e+01
2.970000e-06	2.005015e-09	5.497338e-10	1.638029e+01	6.282196e+01
2.980000e-06	2.033226e-09	5.777311e-10	1.661077e+01	6.635005e+01
2.990000e-06	2.061395e-09	6.075228e-10	1.684090e+01	6.987699e+01
3.000000e-06	2.089522e-09	6.376117e-10	1.707069e+01	7.340661e+01
3.010000e-06	2.117604e-09	6.672910e-10	1.730011e+01	7.694405e+01
3.020000e-06	2.145657e-09	6.975046e-10	1.752929e+01	8.049499e+01
3.030000e-06	2.173684e-09	7.276657e-10	1.775826e+01	8.406473e+01
3.040000e-06	2.201667e-09	7.586226e-10	1.798687e+01	8.765742e+01
3.050000e-06	2.229607e-09	7.901003e-10	1.821514e+01	9.127543e+01
3.060000e-06	2.257511e-09	8.213034e-10	1.844311e+01	9.491900e+01
3.070000e-06	2.285359e-09	8.510476e-10	1.867062e+01	9.858619e+01
3.080000e-06	2.313118e-09	8.788820e-10	1.889739e+01	1.022732e+02
3.090000e-06	2.340774e-09	9.065947e-10	1.912333e+01	1.059749e+02
3.100000e-06	2.368315e-09	9.361040e-10	1.934834e+01	1.096856e+02
3.110000e-06	2.395717e-09	9.688186e-10	1.957220e+01	1.133999e+02
3.120000e-06	2.422952e-09	1.003055e-09	1.979470e+01	1.171133e+02
3.130000e-06	2.450014e-09	1.037693e-09	2.001578e+01	1.208231e+02
3.140000e-06	2.476907e-09	1.071271e-09	2.023549e+01	1.245283e+02
3.150000e-06	2.503615e-09	1.102122e-09	2.045369e+01	1.282300e+02
3.160000e-06	2.530128e-09	1.131603e-09	2.067028e+01	1.319307e+02
3.170000e-06	2.556405e-09	1.160277e-09	2.088496e+01	1.356342e+02
3.180000e-06	2.582426e-09	1.190818e-09	2.109755e+01	1.393445e+02
3.190000e-06	2.608233e-09	1.224787e-09	2.130838e+01	1.430652e+02
3.200000e-06	2.633802e-09	1.262064e-09	2.151727e+01	1.467988e+02
3.210000e-06	2.659148e-09	1.302010e-09	2.172433e+01	1.505461e+02
3.220000e-06	2.684312e-09	1.339228e-09	2.192992e+01	1.543062e+02
3.230000e-06	2.709318e-09	1.370324e-09	2.213420e+01	1.580763e+02
3.240000e-06	2.734166e-09	1.396897e-09	2.233721e+01	1.618520e+02
3.250000e-06	2.758861e-09	1.421866e-09	2.253895e+01	1.656283e+02
3.260000e-06	2.783414e-09	1.448425e-09	2.273954e+01	1.694000e+02
3.270000e-06	2.807851e-09	1.480536e-09	2.293919e+01	1.731625e+02
3.280000e-06	2.832193e-09	1.517245e-09	2.313805e+01	1.769123e+02
3.290000e-06	2.856425e-09	1.555091e-09	2.333602e+01	1.806480e+02
3.300000e-06	2.880579e-09	1.591913e-09	2.353335e+01	1.843698e+02
3.310000e-06	2.904654e-09	1.625068e-09	2.373003e+01	1.880797e+02
3.320000e-06	2.928655e-09	1.654325e-09	2.392612e+01	1.917808e+02
3.330000e-06	2.952583e-09	1.682845e-09	2.412160e+01	1.954770e+02
3.340000e-06	2.976404e-09	1.712872e-09	2.431621e+01	1.991717e+02
3.350000e-06	3.000122e-09	1.743021e-09	2.450997e+01	2.028675e+02
3.360000e-06	3.023744e-09	1.773477e-09	2.470296e+01	2.065650e+02
3.370000e-06	3.047243e-09	1.804325e-09	2.489494e+01	2.102629e+02
3.380000e-06	3.070563e-09	1.833180e-09	2.508545e+01	2.139576e+02
3.390000e-06	3.093705e-09	1.860039e-09	2.527451e+01	2.176435e+02
3.400000e-06	3.116690e-09	1.887926e-09	2.546230e+01	2.213135e+02
3.410000e-06	3.139509e-09	1.918727e-09	2.564872e+01	2.249600e+02
3.420000e-06	3.162163e-09	1.950442e-09	2.583379e+01	2.285753e+02
3.430000e-06	3.184677e-09	1.981830e-09	2.601773e+01	2.321533e+02
3.440000e-06	3.207065e-09	2.010898e-09	2.620063e+01	2.356895e+02
3.450000e-06	3.229324e-09	2.038488e-09	2.638248e+01	2.391819e+02
3.460000e-06	3.251469e-09	2.067155e-09	2.656340e+01	2.426312e+02
3.470000e-06	3.273501e-09	2.094752e-09	2.674339e+01	2.460401e+02
3.480000e-06	3.295404e-09	2.119577e-09	2.692233e+01	2.494136e+02
3.490000e-06	3.317197e-09	2.142120e-09	2.710038e+01	2.527575e+02
3.500000e-06	3.338876e-09	2.165327e-09	2.727748e+01	2.560778e+02
3.510000e-06	3.360387e-09	2.191430e-09	2.745322e+01	2.593794e+02
3.520000e-06	3.381722e-09	2.220447e-09	2.762752e+01	2.626660e+02
3.530000e-06	3.402891e-09	2.250389e-09	2.780047e+01	2.659387e+02
3.540000e-06	3.423877e-09	2.279556e-09	2.797192e+01	2.691965e+02
3.550000e-06	3.444682e-09	2.308218e-09	2.814188e+01	2.724358e+02
3.560000e-06	3.465305e-09	2.334376e-09	2.831037e+01	2.756513e+02
3.570000e-06	3.485776e-09	2.355402e-09	2.847760e+01	2.788366e+02
3.580000e-06	3.506135e-09	2.373302e-09	2.864393e+01	2.819849e+02
3.590000e-06	3.526397e-09	2.393376e-09	2.880947e+01	2.850900e+02
3.600000e-06	3.546578e-09	2.416819e-09	2.897434e+01	2.881472e+02
3.610000e-06	3.566685e-09	2.443360e-09	2.913861e+01	2.911539e+02
3.620000e-06	3.586720e-09	2.472127e-09	2.930228e+01	2.941093e+02
3.630000e-06	3.606677e-09	2.499307e-09	2.946533e+01	2.970150e+02
3.640000e-06	3.626559e-09	2.523984e-09	2.962776e+01	2.998742e+02
3.650000e-06	3.646339e-09	2.546326e-09	2.978935e+01	3.026911e+02
3.660000e-06	3.665986e-09	2.566036e-09	2.994987e+01	3.054703e+02
3.670000e-06	3.685479e-09	2.584100e-09	3.010911e+01	3.082157e+02
3.680000e-06	3.704793e-09	2.602377e-09	3.026690e+01	3.109302e+02
3.690000e-06	3.723909e-09	2.623418e-09	3.042308e+01	3.136147e+02
3.700000e-06	3.742829e-09	2.648570e-09	3.057764e+01	3.162685e+02
3.710000e-06	3.761538e-09	2.676423e-09	3.073049e+01	3.188889e+02
3.720000e-06	3.779994e-09	2.703214e-09	3.088127e+01	3.214717e+02
3.730000e-06	3.798210e-09	2.727077e-09	3.103009e+01	3.240122e+02
3.740000e-06	3.816238e-09	2.748154e-09	3.117737e+01	3.265054e+02
3.750000e-06	3.834089e-09	2.766740e-09	3.132321e+01	3.289470e+02
3.760000e-06	3.851776e-09	2.784236e-09	3.146771e+01	3.313342e+02
3.770000e-06	3.869321e-09	2.802222e-09	3.161104e+01	3.336655e+02
3.780000e-06	3.886745e-09	2.821750e-09	3.175339e+01	3.359419e+02
3.790000e-06	3.904029e-09	2.842354e-09	3.189460e+01	3.381658e+02
3.800000e-06	3.921193e-09	2.863495e-09	3.203482e+01	3.403411e+02
3.810000e-06	3.938218e-09	2.883582e-09	3.217391e+01	3.424728e+02
3.820000e-06	3.955092e-09	2.901586e-09	3.231177e+01	3.445660e+02
3.830000e-06	3.971850e-09	2.919647e-09	3.244867e+01	3.466254e+02
3.840000e-06	3.988413e-09	2.937757e-09	3.258399e+01	3.486549e+02
3.850000e-06	4.004716e-09	2.954165e-09	3.271718e+01	3.506568e+02
3.860000e-06	4.020774e-09	2.969498e-09	3.284836e+01	3.526321e+02
3.870000e-06	4.036605e-09	2.986678e-09	3.297769e+01	3.545806e+02
3.880000e-06	4.052166e-09	3.003645e-09	3.310482e+01	3.565008e+02
3.890000e-06	4.067470e-09	3.017470e-09	3.322985e+01	3.583907e+02
3.900000e-06	4.082537e-09	3.030619e-09	3.335294e+01	3.602481e+02
3.910000e-06	4.097335e-09	3.046057e-09	3.347384e+01	3.620714e+02
3.920000e-06	4.111899e-09	3.067170e-09	3.359283e+01	3.638594e+02
3.930000e-06	4.126271e-09	3.090395e-09	3.371024e+01	3.656122e+02
3.940000e-06	4.140488e-09	3.112480e-09	3.382639e+01	3.673308e+02
3.950000e-06	4.154541e-09	3.131657e-09	3.394120e+01	3.690167e+02
3.960000e-06	4.168399e-09	3.144250e-09	3.405441e+01	3.706722e+02
3.970000e-06	4.182070e-09	3.152064e-09	3.416610e+01	3.722992e+02
3.980000e-06	4.195539e-09	3.157280e-09	3.427614e+01	3.738996e+02
3.990000e-06	4.208791e-09	3.165646e-09	3.438440e+01	3.754740e+02
4.000000e-06	4.221812e-09	3.178714e-09	3.449078e+01	3.770225e+02
4.010000e-06	4.234615e-09	3.195006e-09	3.459538e+01	3.785437e+02
4.020000e-06	4.247236e-09	3.215325e-09	3.469848e+01	3.800355e+02
4.030000e-06	4.259691e-09	3.235306e-09	3.480024e+01	3.814953e+02
4.040000e-06	4.271975e-09	3.251281e-09	3.490059e+01	3.829201e+02
4.050000e-06	4.284099e-09	3.259446e-09	3.499964e+01	3.843073e+02
4.060000e-06	4.296079e-09	3.263153e-09	3.509752e+01	3.856550e+02
4.070000e-06	4.307891e-09	3.269112e-09	3.519401e+01	3.869624e+02
4.080000e-06	4.319513e-09	3.276507e-09	3.528896e+01	3.882296e+02
4.090000e-06	4.330923e-09	3.285809e-09	3.538217e+01	3.894578e+02
4.100000e-06	4.342063e-09	3.298187e-09	3.547318e+01	3.906489e+02
4.110000e-06	4.352901e-09	3.314677e-09	3.556173e+01	3.918053e+02
4.120000e-06	4.363397e-09	3.330226e-09	3.564748e+01	3.929292e+02
4.130000e-06	4.373509e-09	3.341380e-09	3.573009e+01	3.940221e+02
4.140000e-06	4.383264e-09	3.350146e-09	3.580978e+01	3.950848e+02
4.150000e-06	4.392685e-09	3.356327e-09	3.588675e+01	3.961171e+02
4.160000e-06	4.401800e-09	3.362879e-09	3.596122e+01	3.971179e+02
4.170000e-06	4.410636e-09	3.366903e-09	3.603341e+01	3.980852e+02
4.180000e-06	4.419230e-09	3.368492e-09	3.610361e+01	3.990171e+02
4.190000e-06	4.427643e-09	3.373566e-09	3.617235e+01	3.999119e+02
4.200000e-06	4.435908e-09	3.381448e-09	3.623987e+01	4.007689e+02
4.210000e-06	4.444059e-09	3.393055e-09	3.630646e+01	4.015888e+02
4.220000e-06	4.452107e-09	3.404631e-09	3.637221e+01	4.023741e+02
4.230000e-06	4.460052e-09	3.413284e-09	3.643712e+01	4.031289e+02
4.240000e-06	4.467887e-09	3.418808e-09	3.650112e+01	4.038588e+02
4.250000e-06	4.475560e-09	3.420665e-09	3.656381e+01	4.045702e+02
4.260000e-06	4.483036e-09	3.421881e-09	3.662488e+01	4.052698e+02
4.270000e-06	4.490310e-09	3.422497e-09	3.668431e+01	4.059632e+02
4.280000e-06	4.497376e-09	3.427779e-09	3.674204e+01	4.066547e+02
4.290000e-06	4.504233e-09	3.438649e-09	3.679806e+01	4.073460e+02
4.300000e-06	4.510891e-09	3.450019e-09	3.685245e+01	4.080361e+02
4.310000e-06	4.517331e-09	3.458337e-09	3.690507e+01	4.087211e+02
4.320000e-06	4.523568e-09	3.461509e-09	3.695602e+01	4.093946e+02
4.330000e-06	4.529624e-09	3.463550e-09	3.700549e+01	4.100484e+02
4.340000e-06	4.535500e-09	3.466496e-09	3.705350e+01	4.106731e+02
4.350000e-06	4.541185e-09	3.471608e-09	3.709995e+01	4.112600e+02
4.360000e-06	4.546630e-09	3.478914e-09	3.714443e+01	4.118014e+02
4.370000e-06	4.551834e-09	3.487786e-09	3.718694e+01	4.122923e+02
4.380000e-06	4.556821e-09	3.496324e-09	3.722768e+01	4.127308e+02
4.390000e-06	4.561582e-09	3.500580e-09	3.726658e+01	4.131186e+02
4.400000e-06	4.566132e-09	3.501335e-09	3.730375e+01	4.134607e+02
4.410000e-06	4.570518e-09	3.500399e-09	3.733959e+01	4.137648e+02
4.420000e-06	4.574778e-09	3.501976e-09	3.737439e+01	4.140407e+02
4.430000e-06	4.578936e-09	3.506705e-09	3.740836e+01	4.142985e+02
4.440000e-06	4.583011e-09	3.512784e-09	3.744165e+01	4.145480e+02
4.450000e-06	4.586985e-09	3.518755e-09	3.747412e+01	4.147970e+02
4.460000e-06	4.590831e-09	3.521926e-09	3.750553e+01	4.150507e+02
4.470000e-06	4.594525e-09	3.522816e-09	3.753571e+01	4.153109e+02
4.480000e-06	4.598015e-09	3.523694e-09	3.756423e+01	4.155762e+02
4.490000e-06	4.601249e-09	3.527044e-09	3.759065e+01	4.158422e+02
4.500000e-06	4.604184e-09	3.531022e-09	3.761462e+01	4.161024e+02
4.510000e-06	4.606805e-09	3.535042e-09	3.763604e+01	4.163493e+02
4.520000e-06	4.609093e-09	3.539156e-09	3.765473e+01	4.165755e+02
4.530000e-06	4.611038e-09	3.543682e-09	3.767062e+01	4.167751e+02
4.540000e-06	4.612635e-09	3.547821e-09	3.768367e+01	4.169443e+02
4.550000e-06	4.613891e-09	3.549408e-09	3.769393e+01	4.170822e+02
4.560000e-06	4.614861e-09	3.551401e-09	3.770186e+01	4.171909e+02
4.570000e-06	4.615577e-09	3.553456e-09	3.770770e+01	4.172751e+02
4.580000e-06	4.616072e-09	3.556322e-09	3.771174e+01	4.173415e+02
4.590000e-06	4.616395e-09	3.558740e-09	3.771438e+01	4.173975e+02
4.600000e-06	4.616584e-09	3.558896e-09	3.771593e+01	4.174504e+02
4.610000e-06	4.616664e-09	3.559084e-09	3.771659e+01	4.175064e+02
4.620000e-06	4.616639e-09	3.560656e-09	3.771638e+01	4.175691e+02
4.630000e-06	4.616488e-09	3.564705e-09	3.771515e+01	4.176396e+02
4.640000e-06	4.616193e-09	3.567327e-09	3.771274e+01	4.177162e+02
4.650000e-06	4.615723e-09	3.566905e-09	3.770890e+01	4.177946e+02
4.660000e-06	4.615046e-09	3.564398e-09	3.770337e+01	4.178686e+02
4.670000e-06	4.614135e-09	3.559801e-09	3.769592e+01	4.179314e+02
4.680000e-06	4.612984e-09	3.564802e-09	3.768652e+01	4.179765e+02
4.690000e-06	4.611613e-09	3.594302e-09	3.767532e+01	4.179987e+02
4.700000e-06	4.610014e-09	3.608122e-09	3.766225e+01	4.179949e+02
4.710000e-06	4.608175e-09	3.567665e-09	3.764723e+01	4.179651e+02
4.720000e-06	4.606118e-09	3.506143e-09	3.763042e+01	4.179116e+02
4.730000e-06	4.603887e-09	3.509248e-09	3.761219e+01	4.178395e+02
4.740000e-06	4.601504e-09	3.587281e-09	3.759273e+01	4.177556e+02
4.750000e-06	4.598943e-09	3.590315e-09	3.757181e+01	4.176670e+02
4.760000e-06	4.596184e-09	3.529816e-09	3.754927e+01	4.175806e+02
4.770000e-06	4.593219e-09	3.557692e-09	3.752504e+01	4.175019e+02
4.780000e-06	4.590062e-09	3.608496e-09	3.749925e+01	4.174335e+02
4.790000e-06	4.586720e-09	3.581465e-09	3.747195e+01	4.173754e+02
4.800000e-06	4.583199e-09	3.480348e-09	3.744318e+01	4.173246e+02
4.810000e-06	4.579546e-09	3.477953e-09	3.741334e+01	4.172751e+02
4.820000e-06	4.575775e-09	3.570944e-09	3.738253e+01	4.172193e+02
4.830000e-06	4.571893e-09	3.550011e-09	3.735081e+01	4.171484e+02
4.840000e-06	4.567894e-09	3.501312e-09	3.731815e+01	4.170541e+02
4.850000e-06	4.563761e-09	3.525924e-09	3.728438e+01	4.169292e+02
4.860000e-06	4.559490e-09	3.573855e-09	3.724949e+01	4.167689e+02
4.870000e-06	4.555022e-09	3.512976e-09	3.721299e+01	4.165711e+02
4.880000e-06	4.550328e-09	3.469974e-09	3.717464e+01	4.163366e+02
4.890000e-06	4.545388e-09	3.532088e-09	3.713428e+01	4.160692e+02
4.900000e-06	4.540096e-09	3.551834e-09	3.709105e+01	4.157743e+02
4.910000e-06	4.534440e-09	3.534769e-09	3.704484e+01	4.154587e+02
4.920000e-06	4.528454e-09	3.541836e-09	3.699594e+01	4.151290e+02
4.930000e-06	4.522115e-09	3.580804e-09	3.694414e+01	4.147908e+02
4.940000e-06	4.515391e-09	3.520349e-09	3.688921e+01	4.144480e+02
4.950000e-06	4.508308e-09	3.475799e-09	3.683135e+01	4.141017e+02
4.960000e-06	4.500952e-09	3.531608e-09	3.677125e+01	4.137507e+02
4.970000e-06	4.493417e-09	3.535279e-09	3.670970e+01	4.133914e+02
4.980000e-06	4.485736e-09	3.493343e-09	3.664694e+01	4.130185e+02
4.990000e-06	4.477920e-09	3.502744e-09	3.658309e+01	4.126259e+02
5.000000e-06	4.469984e-09	3.552204e-09	3.651826e+01	4.122078e+02
5.010000e-06	4.461933e-09	3.498390e-09	3.645248e+01	4.117594e+02
5.020000e-06	4.453770e-09	3.452804e-09	3.638579e+01	4.112781e+02
5.030000e-06	4.445466e-09	3.487906e-09	3.631795e+01	4.107637e+02
5.040000e-06	4.436978e-09	3.488469e-09	3.624861e+01	4.102186e+02
5.050000e-06	4.428284e-09	3.472742e-09	3.617758e+01	4.096477e+02
5.060000e-06	4.419386e-09	3.492127e-09	3.610488e+01	4.090577e+02
5.070000e-06	4.410273e-09	3.508381e-09	3.603044e+01	4.084559e+02
5.080000e-06	4.400941e-09	3.466836e-09	3.595420e+01	4.078497e+02
5.090000e-06	4.391403e-09	3.463823e-09	3.587627e+01	4.072457e+02
5.100000e-06	4.381691e-09	3.465589e-09	3.579693e+01	4.066481e+02
5.110000e-06	4.371824e-09	3.423992e-09	3.571632e+01	4.060591e+02
5.120000e-06	4.361795e-09	3.421546e-09	3.563438e+01	4.054782e+02
5.130000e-06	4.351591e-09	3.451856e-09	3.555102e+01	4.049024e+02
5.140000e-06	4.341189e-09	3.457099e-09	3.546604e+01	4.043270e+02
5.150000e-06	4.330566e-09	3.441437e-09	3.537926e+01	4.037460e+02
5.160000e-06	4.319718e-09	3.451364e-09	3.529063e+01	4.031530e+02
5.170000e-06	4.308627e-09	3.436202e-09	3.520002e+01	4.025424e+02
5.180000e-06	4.297296e-09	3.417805e-09	3.510745e+01	4.019096e+02
5.190000e-06	4.285777e-09	3.419402e-09	3.501334e+01	4.012520e+02
5.200000e-06	4.274079e-09	3.403936e-09	3.491777e+01	4.005687e+02
5.210000e-06	4.262184e-09	3.398668e-09	3.482060e+01	3.998609e+02
5.220000e-06	4.250119e-09	3.405406e-09	3.472203e+01	3.991312e+02
5.230000e-06	4.237888e-09	3.407991e-09	3.462210e+01	3.983829e+02
5.240000e-06	4.225450e-09	3.396639e-09	3.452049e+01	3.976198e+02
5.250000e-06	4.212738e-09	3.395801e-09	3.441664e+01	3.968454e+02
5.260000e-06	4.199733e-09	3.386924e-09	3.431039e+01	3.960621e+02
5.270000e-06	4.186434e-09	3.373555e-09	3.420175e+01	3.952715e+02
5.280000e-06	4.172807e-09	3.371239e-09	3.409042e+01	3.944738e+02
5.290000e-06	4.158884e-09	3.354892e-09	3.397668e+01	3.936684e+02
5.300000e-06	4.144672e-09	3.352159e-09	3.386057e+01	3.928540e+02
5.310000e-06	4.130139e-09	3.353725e-09	3.374184e+01	3.920294e+02
5.320000e-06	4.115294e-09	3.347675e-09	3.362056e+01	3.911936e+02
5.330000e-06	4.100164e-09	3.340421e-09	3.349695e+01	3.903465e+02
5.340000e-06	4.084801e-09	3.338033e-09	3.337144e+01	3.894892e+02
5.350000e-06	4.069247e-09	3.334001e-09	3.324437e+01	3.886238e+02
5.360000e-06	4.053550e-09	3.327276e-09	3.311613e+01	3.877531e+02
5.370000e-06	4.037734e-09	3.325782e-09	3.298692e+01	3.868805e+02
5.380000e-06	4.021814e-09	3.312293e-09	3.285686e+01	3.860091e+02
5.390000e-06	4.005785e-09	3.303754e-09	3.272590e+01	3.851412e+02
5.400000e-06	3.989655e-09	3.296873e-09	3.259413e+01	3.842778e+02
5.410000e-06	3.973404e-09	3.287913e-09	3.246136e+01	3.834182e+02
5.420000e-06	3.956987e-09	3.281203e-09	3.232725e+01	3.825596e+02
5.430000e-06	3.940394e-09	3.273055e-09	3.219168e+01	3.816977e+02
5.440000e-06	3.923611e-09	3.270706e-09	3.205457e+01	3.808266e+02
5.450000e-06	3.906647e-09	3.268999e-09	3.191598e+01	3.799401e+02
5.460000e-06	3.889491e-09	3.265907e-09	3.177582e+01	3.790319e+02
5.470000e-06	3.872139e-09	3.255603e-09	3.163406e+01	3.780970e+02
5.480000e-06	3.854612e-09	3.246510e-09	3.149087e+01	3.771322e+02
5.490000e-06	3.836929e-09	3.235297e-09	3.134641e+01	3.761366e+02
5.500000e-06	3.819106e-09	3.224455e-09	3.120080e+01	3.751121e+02
5.510000e-06	3.801166e-09	3.218050e-09	3.105424e+01	3.740631e+02
5.520000e-06	3.783097e-09	3.207727e-09	3.090662e+01	3.729963e+02
5.530000e-06	3.764866e-09	3.202144e-09	3.075768e+01	3.719198e+02
5.540000e-06	3.746477e-09	3.195111e-09	3.060745e+01	3.708422e+02
5.550000e-06	3.727917e-09	3.187085e-09	3.045582e+01	3.697716e+02
5.560000e-06	3.709159e-09	3.175887e-09	3.030257e+01	3.687146e+02
5.570000e-06	3.690194e-09	3.164127e-09	3.014764e+01	3.676756e+02
5.580000e-06	3.671037e-09	3.156712e-09	2.999113e+01	3.666560e+02
5.590000e-06	3.651715e-09	3.149048e-09	2.983328e+01	3.656546e+02
5.600000e-06	3.632237e-09	3.141427e-09	2.967415e+01	3.646671e+02
5.610000e-06	3.612638e-09	3.131191e-09	2.951403e+01	3.636872e+02
5.620000e-06	3.592954e-09	3.122894e-09	2.935322e+01	3.627072e+02
5.630000e-06	3.573169e-09	3.111980e-09	2.919158e+01	3.617186e+02
5.640000e-06	3.553297e-09	3.101464e-09	2.902923e+01	3.607138e+02
5.650000e-06	3.533366e-09	3.093104e-09	2.886640e+01	3.596861e+02
5.660000e-06	3.513385e-09	3.086432e-09	2.870317e+01	3.586309e+02
5.670000e-06	3.493332e-09	3.083680e-09	2.853933e+01	3.575461e+02
5.680000e-06	3.473160e-09	3.078506e-09	2.837453e+01	3.564317e+02
5.690000e-06	3.452849e-09	3.071845e-09	2.820860e+01	3.552898e+02
5.700000e-06	3.432397e-09	3.060931e-09	2.804152e+01	3.541243e+02
5.710000e-06	3.411757e-09	3.047581e-09	2.787290e+01	3.529401e+02
5.720000e-06	3.390893e-09	3.031750e-09	2.770245e+01	3.517424e+02
5.730000e-06	3.369794e-09	3.017094e-09	2.753008e+01	3.505362e+02
5.740000e-06	3.348424e-09	3.008677e-09	2.735549e+01	3.493253e+02
5.750000e-06	3.326727e-09	3.003081e-09	2.717823e+01	3.481129e+02
5.760000e-06	3.304712e-09	2.997667e-09	2.699837e+01	3.469003e+02
5.770000e-06	3.282436e-09	2.988527e-09	2.681639e+01	3.456881e+02
5.780000e-06	3.259889e-09	2.979786e-09	2.663219e+01	3.444754e+02
5.790000e-06	3.237076e-09	2.970377e-09	2.644582e+01	3.432609e+02
5.800000e-06	3.214029e-09	2.959716e-09	2.625753e+01	3.420427e+02
5.810000e-06	3.190801e-09	2.947821e-09	2.606777e+01	3.408190e+02
5.820000e-06	3.167421e-09	2.935721e-09	2.587676e+01	3.395880e+02
5.830000e-06	3.143902e-09	2.928186e-09	2.568462e+01	3.383481e+02
5.840000e-06	3.120278e-09	2.922992e-09	2.549162e+01	3.370980e+02
5.850000e-06	3.096553e-09	2.919697e-09	2.529779e+01	3.358365e+02
5.860000e-06	3.072745e-09	2.913615e-09	2.510329e+01	3.345623e+02
5.870000e-06	3.048875e-09	2.905838e-09	2.490827e+01	3.332740e+02
5.880000e-06	3.024936e-09	2.897692e-09	2.471270e+01	3.319699e+02
5.890000e-06	3.000930e-09	2.886820e-09	2.451658e+01	3.306480e+02
5.900000e-06	2.976864e-09	2.871222e-09	2.431997e+01	3.293063e+02
5.910000e-06	2.952712e-09	2.852615e-09	2.412266e+01	3.279428e+02
5.920000e-06	2.928460e-09	2.840231e-09	2.392453e+01	3.265560e+02
5.930000e-06	2.904103e-09	2.832603e-09	2.372554e+01	3.251451e+02
5.940000e-06	2.879629e-09	2.828060e-09	2.352559e+01	3.237105e+02
5.950000e-06	2.855013e-09	2.821828e-09	2.332449e+01	3.222537e+02
5.960000e-06	2.830262e-09	2.812516e-09	2.312228e+01	3.207775e+02
5.970000e-06	2.805396e-09	2.802909e-09	2.291914e+01	3.192860e+02
5.980000e-06	2.780407e-09	2.789118e-09	2.271498e+01	3.177839e+02
5.990000e-06	2.755262e-09	2.773361e-09	2.250956e+01	3.162765e+02
6.000000e-06	2.729953e-09	2.757123e-09	2.230280e+01	3.147686e+02
6.010000e-06	2.704523e-09	2.743982e-09	2.209504e+01	3.132644e+02
6.020000e-06	2.678973e-09	2.733526e-09	2.188630e+01	3.117665e+02
6.030000e-06	2.653289e-09	2.723202e-09	2.167647e+01	3.102758e+02
6.040000e-06	2.627508e-09	2.712570e-09	2.146585e+01	3.087914e+02
6.050000e-06	2.601639e-09	2.700169e-09	2.125451e+01	3.073102e+02
6.060000e-06	2.575660e-09	2.688619e-09	2.104227e+01	3.058278e+02
6.070000e-06	2.549565e-09	2.676703e-09	2.082908e+01	3.043386e+02
6.080000e-06	2.523352e-09	2.664500e-09	2.061493e+01	3.028368e+02
6.090000e-06	2.497043e-09	2.649879e-09	2.040000e+01	3.013169e+02
6.100000e-06	2.470650e-09	2.632436e-09	2.018437e+01	2.997744e+02
6.110000e-06	2.444135e-09	2.616326e-09	1.996776e+01	2.982067e+02
6.120000e-06	2.417498e-09	2.601335e-09	1.975014e+01	2.966131e+02
6.130000e-06	2.390741e-09	2.587356e-09	1.953155e+01	2.949949e+02
6.140000e-06	2.363854e-09	2.574078e-09	1.931189e+01	2.933556e+02
6.150000e-06	2.336844e-09	2.564508e-09	1.909122e+01	2.917000e+02
6.160000e-06	2.309718e-09	2.557469e-09	1.886961e+01	2.900341e+02
6.170000e-06	2.282463e-09	2.547346e-09	1.864695e+01	2.883640e+02
6.180000e-06	2.255101e-09	2.532203e-09	1.842341e+01	2.866952e+02
6.190000e-06	2.227643e-09	2.512343e-09	1.819909e+01	2.850324e+02
6.200000e-06	2.200102e-09	2.492685e-09	1.797409e+01	2.833786e+02
6.210000e-06	2.172490e-09	2.475699e-09	1.774851e+01	2.817352e+02
6.220000e-06	2.144791e-09	2.461259e-09	1.752221e+01	2.801019e+02
6.230000e-06	2.117026e-09	2.447683e-09	1.729538e+01	2.784770e+02
6.240000e-06	2.089216e-09	2.436031e-09	1.706819e+01	2.768576e+02
6.250000e-06	2.061368e-09	2.426004e-09	1.684068e+01	2.752405e+02
6.260000e-06	2.033490e-09	2.411956e-09	1.661293e+01	2.736224e+02
6.270000e-06	2.005570e-09	2.393393e-09	1.638482e+01	2.720002e+02
6.280000e-06	1.977598e-09	2.374662e-09	1.615631e+01	2.703717e+02
6.290000e-06	1.949583e-09	2.361120e-09	1.592743e+01	2.687355e+02
6.300000e-06	1.921524e-09	2.348420e-09	1.569820e+01	2.670911e+02
6.310000e-06	1.893423e-09	2.335544e-09	1.546862e+01	2.654382e+02
6.320000e-06	1.865274e-09	2.323314e-09	1.523866e+01	2.637772e+02
6.330000e-06	1.837072e-09	2.310674e-09	1.500825e+01	2.621080e+02
6.340000e-06	1.808807e-09	2.296102e-09	1.477734e+01	2.604304e+02
6.350000e-06	1.780474e-09	2.277006e-09	1.454586e+01	2.587432e+02
6.360000e-06	1.752084e-09	2.259112e-09	1.431393e+01	2.570449e+02
6.370000e-06	1.723600e-09	2.243313e-09	1.408122e+01	2.553331e+02
6.380000e-06	1.695013e-09	2.229688e-09	1.384768e+01	2.536051e+02
6.390000e-06	1.666335e-09	2.218355e-09	1.361339e+01	2.518581e+02
6.400000e-06	1.637545e-09	2.207059e-09	1.337819e+01	2.500898e+02
6.410000e-06	1.608634e-09	2.194654e-09	1.314199e+01	2.482985e+02
6.420000e-06	1.579625e-09	2.178221e-09	1.290500e+01	2.464837e+02
6.430000e-06	1.550530e-09	2.157544e-09	1.266730e+01	2.446459e+02
6.440000e-06	1.521289e-09	2.136208e-09	1.242842e+01	2.427871e+02
6.450000e-06	1.491912e-09	2.119895e-09	1.218842e+01	2.409101e+02
6.460000e-06	1.462422e-09	2.108118e-09	1.194750e+01	2.390182e+02
6.470000e-06	1.432811e-09	2.097264e-09	1.170559e+01	2.371150e+02
6.480000e-06	1.403080e-09	2.086610e-09	1.146270e+01	2.352039e+02
6.490000e-06	1.373246e-09	2.073797e-09	1.121896e+01	2.332871e+02
6.500000e-06	1.343308e-09	2.058652e-09	1.097438e+01	2.313662e+02
6.510000e-06	1.313252e-09	2.040681e-09	1.072883e+01	2.294412e+02
6.520000e-06	1.283084e-09	2.021079e-09	1.048237e+01	2.275108e+02
6.530000e-06	1.252809e-09	2.003010e-09	1.023504e+01	2.255731e+02
6.540000e-06	1.222427e-09	1.987851e-09	9.986828e+00	2.236251e+02
6.550000e-06	1.191963e-09	1.975265e-09	9.737950e+00	2.216641e+02
6.560000e-06	1.161413e-09	1.963122e-09	9.488363e+00	2.196874e+02
6.570000e-06	1.130767e-09	1.948916e-09	9.237996e+00	2.176934e+02
6.580000e-06	1.100032e-09	1.932043e-09	8.986903e+00	2.156812e+02
6.590000e-06	1.069223e-09	1.912808e-09	8.735206e+00	2.136514e+02
6.600000e-06	1.038321e-09	1.891019e-09	8.482750e+00	2.116055e+02
6.610000e-06	1.007322e-09	1.870741e-09	8.229504e+00	2.095457e+02
6.620000e-06	9.762689e-10	1.853970e-09	7.975808e+00	2.074747e+02
6.630000e-06	9.451496e-10	1.838932e-09	7.721573e+00	2.053950e+02
6.640000e-06	9.139727e-10	1.824265e-09	7.466869e+00	2.033084e+02
6.650000e-06	8.827534e-10	1.808941e-09	7.211818e+00	2.012158e+02
6.660000e-06	8.514676e-10	1.793674e-09	6.956224e+00	1.991169e+02
6.670000e-06	8.201372e-10	1.776161e-09	6.700265e+00	1.970104e+02
6.680000e-06	7.887734e-10	1.754807e-09	6.444033e+00	1.948937e+02
6.690000e-06	7.573619e-10	1.731631e-09	6.187412e+00	1.927639e+02
6.700000e-06	7.259320e-10	1.707694e-09	5.930640e+00	1.906182e+02
6.710000e-06	6.944939e-10	1.684237e-09	5.673802e+00	1.884541e+02
6.720000e-06	6.630282e-10	1.663473e-09	5.416738e+00	1.862703e+02
6.730000e-06	6.315356e-10	1.646496e-09	5.159454e+00	1.840671e+02
6.740000e-06	6.000232e-10	1.631359e-09	4.902007e+00	1.818460e+02
6.750000e-06	5.684796e-10	1.615644e-09	4.644307e+00	1.796101e+02
6.760000e-06	5.369084e-10	1.597301e-09	4.386381e+00	1.773636e+02
6.770000e-06	5.053176e-10	1.575499e-09	4.128294e+00	1.751110e+02
6.780000e-06	4.737098e-10	1.551941e-09	3.870068e+00	1.728566e+02
6.790000e-06	4.420651e-10	1.528404e-09	3.611542e+00	1.706039e+02
6.800000e-06	4.104010e-10	1.503218e-09	3.352856e+00	1.683546e+02
6.810000e-06	3.787423e-10	1.477487e-09	3.094215e+00	1.661085e+02
6.820000e-06	3.470707e-10	1.454813e-09	2.835468e+00	1.638632e+02
6.830000e-06	3.153930e-10	1.435096e-09	2.576671e+00	1.616144e+02
6.840000e-06	2.837116e-10	1.415977e-09	2.317844e+00	1.593562e+02
6.850000e-06	2.520184e-10	1.395860e-09	2.058922e+00	1.570819e+02
6.860000e-06	2.203043e-10	1.376589e-09	1.799828e+00	1.547850e+02
6.870000e-06	1.885925e-10	1.357126e-09	1.540753e+00	1.524599e+02
6.880000e-06	1.568905e-10	1.335614e-09	1.281758e+00	1.501029e+02
6.890000e-06	1.251773e-10	1.311065e-09	1.022671e+00	1.477128e+02
6.900000e-06	9.346576e-11	1.282590e-09	7.635976e-01	1.452909e+02
6.910000e-06	6.175514e-11	1.253784e-09	5.045316e-01	1.428416e+02
6.920000e-06	3.004773e-11	1.228966e-09	2.454921e-01	1.403712e+02
6.930000e-06	-1.655510e-12	1.209089e-09	-1.351340e-02	1.378876e+02
6.940000e-06	-3.336224e-11	1.191582e-09	-2.725473e-01	1.353994e+02
6.950000e-06	-6.506944e-11	1.175740e-09	-5.315847e-01	1.329143e+02
6.960000e-06	-9.676704e-11	1.158194e-09	-7.905437e-01	1.304389e+02
6.970000e-06	-1.284589e-10	1.135380e-09	-1.049456e+00	1.279769e+02
6.980000e-06	-1.601686e-10	1.108940e-09	-1.308514e+00	1.255295e+02
6.990000e-06	-1.918880e-10	1.081993e-09	-1.567652e+00	1.230944e+02
7.000000e-06	-2.235883e-10	1.058009e-09	-1.826633e+00	1.206666e+02
7.010000e-06	-2.552670e-10	1.036035e-09	-2.085438e+00	1.182385e+02
7.020000e-06	-2.869381e-10	1.016074e-09	-2.344181e+00	1.158012e+02
7.030000e-06	-3.186018e-10	9.995896e-10	-2.602863e+00	1.133450e+02
7.040000e-06	-3.502569e-10	9.838798e-10	-2.861475e+00	1.108608e+02
7.050000e-06	-3.819081e-10	9.638418e-10	-3.120055e+00	1.083409e+02
7.060000e-06	-4.135409e-10	9.389337e-10	-3.378484e+00	1.057796e+02
7.070000e-06	-4.451500e-10	9.142662e-10	-3.636721e+00	1.031740e+02
7.080000e-06	-4.767465e-10	8.914988e-10	-3.894855e+00	1.005237e+02
7.090000e-06	-5.083243e-10	8.694566e-10	-4.152835e+00	9.783072e+01
7.100000e-06	-5.398945e-10	8.454601e-10	-4.410753e+00	9.509907e+01
7.110000e-06	-5.714426e-10	8.216765e-10	-4.668490e+00	9.233400e+01
7.120000e-06	-6.029438e-10	8.012808e-10	-4.925845e+00	8.954124e+01
7.130000e-06	-6.344398e-10	7.810235e-10	-5.183156e+00	8.672628e+01
7.140000e-06	-6.659296e-10	7.576513e-10	-5.440417e+00	8.389373e+01
7.150000e-06	-6.973742e-10	7.321622e-10	-5.697308e+00	8.104691e+01
7.160000e-06	-7.287596e-10	7.082257e-10	-5.953717e+00	7.818766e+01
7.170000e-06	-7.601078e-10	6.849434e-10	-6.209821e+00	7.531637e+01
7.180000e-06	-7.914485e-10	6.610065e-10	-6.465864e+00	7.243219e+01
7.190000e-06	-8.227813e-10	6.354923e-10	-6.721842e+00	6.953335e+01
7.200000e-06	-8.540547e-10	6.091183e-10	-6.977335e+00	6.661763e+01
7.210000e-06	-8.852295e-10	5.834351e-10	-7.232022e+00	6.368270e+01
7.220000e-06	-9.163510e-10	5.585872e-10	-7.486274e+00	6.072643e+01
7.230000e-06	-9.474439e-10	5.354362e-10	-7.740292e+00	5.774708e+01
7.240000e-06	-9.784869e-10	5.133966e-10	-7.993902e+00	5.474339e+01
7.250000e-06	-1.009465e-09	4.908942e-10	-8.246982e+00	5.171449e+01
7.260000e-06	-1.040376e-09	4.660972e-10	-8.499512e+00	4.865982e+01
7.270000e-06	-1.071207e-09	4.394376e-10	-8.751391e+00	4.557892e+01
7.280000e-06	-1.101951e-09	4.104730e-10	-9.002557e+00	4.247136e+01
7.290000e-06	-1.132587e-09	3.801122e-10	-9.252839e+00	3.933668e+01
7.300000e-06	-1.163136e-09	3.523807e-10	-9.502414e+00	3.617444e+01
7.310000e-06	-1.193637e-09	3.268861e-10	-9.751602e+00	3.298438e+01
7.320000e-06	-1.224056e-09	3.023450e-10	-1.000011e+01	2.976666e+01
7.330000e-06	-1.254348e-09	2.777351e-10	-1.024759e+01	2.652212e+01
7.340000e-06	-1.284512e-09	2.509221e-10	-1.049401e+01	2.325253e+01
7.350000e-06	-1.314561e-09	2.210057e-10	-1.073951e+01	1.996070e+01
7.360000e-06	-1.344496e-09	1.891159e-10	-1.098406e+01	1.665054e+01
7.370000e-06	-1.374313e-09	1.577111e-10	-1.122765e+01	1.332684e+01
7.380000e-06	-1.404016e-09	1.271352e-10	-1.147032e+01	9.994952e+00
7.390000e-06	-1.433601e-09	9.735910e-11	-1.171202e+01	6.660290e+00
7.400000e-06	-1.463041e-09	6.782017e-11	-1.195253e+01	3.327731e+00
7.410000e-06	-1.492369e-09	3.745420e-11	-1.219213e+01	1.024700e-03
7.420000e-06	-1.521592e-09	5.867715e-12	-1.243087e+01	-3.317732e+00
7.430000e-06	-1.550666e-09	-2.653528e-11	-1.266839e+01	-6.628449e+00
7.440000e-06	-1.579610e-09	-5.775923e-11	-1.290486e+01	-9.933169e+00
7.450000e-06	-1.608464e-09	-8.714532e-11	-1.314059e+01	-1.323593e+01
7.460000e-06	-1.637200e-09	-1.151570e-10	-1.337534e+01	-1.654233e+01
7.470000e-06	-1.665820e-09	-1.436733e-10	-1.360916e+01	-1.985893e+01
7.480000e-06	-1.694360e-09	-1.751999e-10	-1.384233e+01	-2.319244e+01
7.490000e-06	-1.722810e-09	-2.084855e-10	-1.407475e+01	-2.654888e+01
7.500000e-06	-1.751172e-09	-2.409639e-10	-1.430646e+01	-2.993284e+01
7.510000e-06	-1.779453e-09	-2.720877e-10	-1.453751e+01	-3.334689e+01
7.520000e-06	-1.807656e-09	-3.021259e-10	-1.476791e+01	-3.679125e+01
7.530000e-06	-1.835785e-09	-3.326798e-10	-1.499772e+01	-4.026377e+01
7.540000e-06	-1.863867e-09	-3.634685e-10	-1.522714e+01	-4.376028e+01
7.550000e-06	-1.891916e-09	-3.948650e-10	-1.545629e+01	-4.727518e+01
7.560000e-06	-1.919924e-09	-4.290588e-10	-1.568511e+01	-5.080218e+01
7.570000e-06	-1.947891e-09	-4.642939e-10	-1.591359e+01	-5.433526e+01
7.580000e-06	-1.975833e-09	-4.983089e-10	-1.614187e+01	-5.786945e+01
7.590000e-06	-2.003738e-09	-5.290393e-10	-1.636984e+01	-6.140155e+01
7.600000e-06	-2.031597e-09	-5.571473e-10	-1.659744e+01	-6.493052e+01
7.610000e-06	-2.059422e-09	-5.842363e-10	-1.682476e+01	-6.845761e+01
7.620000e-06	-2.087211e-09	-6.112823e-10	-1.705179e+01	-7.198610e+01
7.630000e-06	-2.114954e-09	-6.415316e-10	-1.727844e+01	-7.552079e+01
7.640000e-06	-2.142635e-09	-6.760739e-10	-1.750459e+01	-7.906724e+01
7.650000e-06	-2.170237e-09	-7.136906e-10	-1.773009e+01	-8.263094e+01
7.660000e-06	-2.197758e-09	-7.504849e-10	-1.795492e+01	-8.621644e+01
7.670000e-06	-2.225212e-09	-7.852151e-10	-1.817921e+01	-8.982668e+01
7.680000e-06	-2.252568e-09	-8.164181e-10	-1.840270e+01	-9.346255e+01
7.690000e-06	-2.279796e-09	-8.420979e-10	-1.862515e+01	-9.712278e+01
7.700000e-06	-2.306932e-09	-8.664618e-10	-1.884683e+01	-1.008041e+02
7.710000e-06	-2.333959e-09	-8.938957e-10	-1.906764e+01	-1.045017e+02
7.720000e-06	-2.360823e-09	-9.293386e-10	-1.928711e+01	-1.082101e+02
7.730000e-06	-2.387574e-09	-9.695606e-10	-1.950566e+01	-1.119237e+02
7.740000e-06	-2.414222e-09	-1.007409e-09	-1.972336e+01	-1.156376e+02
7.750000e-06	-2.440716e-09	-1.042477e-09	-1.993981e+01	-1.193487e+02
7.760000e-06	-2.467080e-09	-1.072621e-09	-2.015520e+01	-1.230554e+02
7.770000e-06	-2.493347e-09	-1.098585e-09	-2.036979e+01	-1.267580e+02
7.780000e-06	-2.519507e-09	-1.120449e-09	-2.058350e+01	-1.304589e+02
7.790000e-06	-2.545546e-09	-1.143540e-09	-2.079624e+01	-1.341613e+02
7.800000e-06	-2.571473e-09	-1.173421e-09	-2.100805e+01	-1.378693e+02
7.810000e-06	-2.597303e-09	-1.208957e-09	-2.121907e+01	-1.415867e+02
7.820000e-06	-2.623040e-09	-1.246979e-09	-2.142934e+01	-1.453163e+02
7.830000e-06	-2.648672e-09	-1.283539e-09	-2.163874e+01	-1.490594e+02
7.840000e-06	-2.674187e-09	-1.319947e-09	-2.184720e+01	-1.528158e+02
7.850000e-06	-2.699589e-09	-1.352726e-09	-2.205472e+01	-1.565830e+02
7.860000e-06	-2.724849e-09	-1.380630e-09	-2.226108e+01	-1.603572e+02
7.870000e-06	-2.749950e-09	-1.405481e-09	-2.246615e+01	-1.641336e+02
7.880000e-06	-2.774935e-09	-1.431373e-09	-2.267027e+01	-1.679069e+02
7.890000e-06	-2.799781e-09	-1.463728e-09	-2.287325e+01	-1.716723e+02
7.900000e-06	-2.824478e-09	-1.500032e-09	-2.307502e+01	-1.754260e+02
7.910000e-06	-2.849016e-09	-1.538055e-09	-2.327549e+01	-1.791659e+02
7.920000e-06	-2.873421e-09	-1.574904e-09	-2.347486e+01	-1.828918e+02
7.930000e-06	-2.897740e-09	-1.610082e-09	-2.367355e+01	-1.866050e+02
7.940000e-06	-2.921951e-09	-1.643431e-09	-2.387134e+01	-1.903085e+02
7.950000e-06	-2.946071e-09	-1.673101e-09	-2.406839e+01	-1.940060e+02
7.960000e-06	-2.970114e-09	-1.701009e-09	-2.426482e+01	-1.977010e+02
7.970000e-06	-2.994089e-09	-1.728591e-09	-2.446068e+01	-2.013965e+02
7.980000e-06	-3.018006e-09	-1.759353e-09	-2.465608e+01	-2.050936e+02
7.990000e-06	-3.041861e-09	-1.792832e-09	-2.485097e+01	-2.087917e+02
8.000000e-06	-3.065653e-09	-1.829500e-09	-2.504534e+01	-2.124878e+02
8.010000e-06	-3.089378e-09	-1.869361e-09	-2.523917e+01	-2.161768e+02
8.020000e-06	-3.113028e-09	-1.907098e-09	-2.543238e+01	-2.198521e+02
8.030000e-06	-3.136569e-09	-1.941135e-09	-2.562470e+01	-2.235061e+02
8.040000e-06	-3.159963e-09	-1.972314e-09	-2.581583e+01	-2.271311e+02
8.050000e-06	-3.183185e-09	-2.003557e-09	-2.600554e+01	-2.307204e+02
8.060000e-06	-3.206222e-09	-2.034933e-09	-2.619374e+01	-2.342691e+02
8.070000e-06	-3.229053e-09	-2.066112e-09	-2.638027e+01	-2.377744e+02
8.080000e-06	-3.251666e-09	-2.097424e-09	-2.656501e+01	-2.412361e+02
8.090000e-06	-3.274050e-09	-2.128988e-09	-2.674787e+01	-2.446565e+02
8.100000e-06	-3.296159e-09	-2.162338e-09	-2.692850e+01	-2.480399e+02
8.110000e-06	-3.317992e-09	-2.195036e-09	-2.710686e+01	-2.513920e+02
8.120000e-06	-3.339561e-09	-2.225893e-09	-2.728308e+01	-2.547187e+02
8.130000e-06	-3.360850e-09	-2.256474e-09	-2.745700e+01	-2.580254e+02
8.140000e-06	-3.381882e-09	-2.287922e-09	-2.762882e+01	-2.613163e+02
8.150000e-06	-3.402675e-09	-2.320556e-09	-2.779870e+01	-2.645932e+02
8.160000e-06	-3.423229e-09	-2.352444e-09	-2.796661e+01	-2.678557e+02
8.170000e-06	-3.443590e-09	-2.382036e-09	-2.813295e+01	-2.711009e+02
8.180000e-06	-3.463814e-09	-2.409663e-09	-2.829818e+01	-2.743241e+02
8.190000e-06	-3.483928e-09	-2.437075e-09	-2.846250e+01	-2.775189e+02
8.200000e-06	-3.503956e-09	-2.467027e-09	-2.862612e+01	-2.806788e+02
8.210000e-06	-3.523917e-09	-2.500043e-09	-2.878920e+01	-2.837972e+02
8.220000e-06	-3.543815e-09	-2.532813e-09	-2.895176e+01	-2.868690e+02
8.230000e-06	-3.563647e-09	-2.562979e-09	-2.911379e+01	-2.898907e+02
8.240000e-06	-3.583382e-09	-2.590053e-09	-2.927501e+01	-2.928612e+02
8.250000e-06	-3.603002e-09	-2.614941e-09	-2.943530e+01	-2.957814e+02
8.260000e-06	-3.622519e-09	-2.638133e-09	-2.959475e+01	-2.986539e+02
8.270000e-06	-3.641906e-09	-2.660867e-09	-2.975313e+01	-3.014829e+02
8.280000e-06	-3.661113e-09	-2.683252e-09	-2.991005e+01	-3.042728e+02
8.290000e-06	-3.680133e-09	-2.705677e-09	-3.006543e+01	-3.070279e+02
8.300000e-06	-3.698956e-09	-2.733900e-09	-3.021921e+01	-3.097513e+02
8.310000e-06	-3.717581e-09	-2.763725e-09	-3.037137e+01	-3.124447e+02
8.320000e-06	-3.736047e-09	-2.790638e-09	-3.052224e+01	-3.151077e+02
8.330000e-06	-3.754356e-09	-2.813957e-09	-3.067181e+01	-3.177382e+02
8.340000e-06	-3.772509e-09	-2.834940e-09	-3.082012e+01	-3.203326e+02
8.350000e-06	-3.790537e-09	-2.854363e-09	-3.096740e+01	-3.228861e+02
8.360000e-06	-3.808446e-09	-2.872080e-09	-3.111371e+01	-3.253938e+02
8.370000e-06	-3.826219e-09	-2.892597e-09	-3.125891e+01	-3.278510e+02
8.380000e-06	-3.843819e-09	-2.914499e-09	-3.140270e+01	-3.302545e+02
8.390000e-06	-3.861247e-09	-2.938748e-09	-3.154507e+01	-3.326025e+02
8.400000e-06	-3.878496e-09	-2.961056e-09	-3.168600e+01	-3.348950e+02
8.410000e-06	-3.895561e-09	-2.977518e-09	-3.182541e+01	-3.371342e+02
8.420000e-06	-3.912429e-09	-2.990453e-09	-3.196321e+01	-3.393236e+02
8.430000e-06	-3.929107e-09	-3.003805e-09	-3.209947e+01	-3.414678e+02
8.440000e-06	-3.945591e-09	-3.022659e-09	-3.223414e+01	-3.435721e+02
8.450000e-06	-3.961899e-09	-3.043105e-09	-3.236737e+01	-3.456412e+02
8.460000e-06	-3.978081e-09	-3.065213e-09	-3.249957e+01	-3.476793e+02
8.470000e-06	-3.994150e-09	-3.088264e-09	-3.263085e+01	-3.496893e+02
8.480000e-06	-4.010140e-09	-3.108486e-09	-3.276149e+01	-3.516726e+02
8.490000e-06	-4.026050e-09	-3.124381e-09	-3.289146e+01	-3.536292e+02
8.500000e-06	-4.041844e-09	-3.134507e-09	-3.302049e+01	-3.555581e+02
8.510000e-06	-4.057508e-09	-3.144982e-09	-3.314846e+01	-3.574572e+02
8.520000e-06	-4.073020e-09	-3.159015e-09	-3.327519e+01	-3.593245e+02
8.530000e-06	-4.088332e-09	-3.175943e-09	-3.340029e+01	-3.611581e+02
8.540000e-06	-4.103392e-09	-3.193825e-09	-3.352332e+01	-3.629566e+02
8.550000e-06	-4.118165e-09	-3.212221e-09	-3.364401e+01	-3.647198e+02
8.560000e-06	-4.132624e-09	-3.230419e-09	-3.376213e+01	-3.664484e+02
8.570000e-06	-4.146739e-09	-3.244356e-09	-3.387745e+01	-3.681437e+02
8.580000e-06	-4.160472e-09	-3.256052e-09	-3.398964e+01	-3.698079e+02
8.590000e-06	-4.173838e-09	-3.267419e-09	-3.409884e+01	-3.714431e+02
8.600000e-06	-4.186918e-09	-3.279246e-09	-3.420569e+01	-3.730512e+02
8.610000e-06	-4.199713e-09	-3.291859e-09	-3.431023e+01	-3.746331e+02
8.620000e-06	-4.212282e-09	-3.305415e-09	-3.441292e+01	-3.761893e+02
8.630000e-06	-4.224652e-09	-3.319645e-09	-3.451397e+01	-3.777186e+02
8.640000e-06	-4.236833e-09	-3.333806e-09	-3.461349e+01	-3.792193e+02
8.650000e-06	-4.248868e-09	-3.349211e-09	-3.471181e+01	-3.806887e+02
8.660000e-06	-4.260741e-09	-3.362208e-09	-3.480881e+01	-3.821240e+02
8.670000e-06	-4.272449e-09	-3.373106e-09	-3.490446e+01	-3.835225e+02
8.680000e-06	-4.283981e-09	-3.383612e-09	-3.499867e+01	-3.848821e+02
8.690000e-06	-4.295311e-09	-3.394061e-09	-3.509123e+01	-3.862014e+02
8.700000e-06	-4.306419e-09	-3.404425e-09	-3.518198e+01	-3.874804e+02
8.710000e-06	-4.317299e-09	-3.413889e-09	-3.527087e+01	-3.887200e+02
8.720000e-06	-4.327961e-09	-3.426309e-09	-3.535797e+01	-3.899219e+02
8.730000e-06	-4.338405e-09	-3.440140e-09	-3.544330e+01	-3.910884e+02
8.740000e-06	-4.348645e-09	-3.451757e-09	-3.552695e+01	-3.922217e+02
8.750000e-06	-4.358729e-09	-3.459828e-09	-3.560934e+01	-3.933237e+02
8.760000e-06	-4.368655e-09	-3.466589e-09	-3.569043e+01	-3.943954e+02
8.770000e-06	-4.378433e-09	-3.473493e-09	-3.577031e+01	-3.954369e+02
8.780000e-06	-4.388058e-09	-3.480714e-09	-3.584895e+01	-3.964473e+02
8.790000e-06	-4.397486e-09	-3.489729e-09	-3.592597e+01	-3.974249e+02
8.800000e-06	-4.406681e-09	-3.500277e-09	-3.600109e+01	-3.983676e+02
8.810000e-06	-4.415642e-09	-3.512807e-09	-3.607430e+01	-3.992737e+02
8.820000e-06	-4.424378e-09	-3.525249e-09	-3.614567e+01	-4.001421e+02
8.830000e-06	-4.432916e-09	-3.535719e-09	-3.621542e+01	-4.009731e+02
8.840000e-06	-4.441287e-09	-3.543090e-09	-3.628381e+01	-4.017684e+02
8.850000e-06	-4.449494e-09	-3.548003e-09	-3.635085e+01	-4.025319e+02
8.860000e-06	-4.457588e-09	-3.551874e-09	-3.641698e+01	-4.032686e+02
8.870000e-06	-4.465591e-09	-3.554824e-09	-3.648236e+01	-4.039849e+02
8.880000e-06	-4.473478e-09	-3.559335e-09	-3.654680e+01	-4.046873e+02
8.890000e-06	-4.481252e-09	-3.566139e-09	-3.661031e+01	-4.053819e+02
8.900000e-06	-4.488901e-09	-3.574862e-09	-3.667280e+01	-4.060735e+02
8.910000e-06	-4.496402e-09	-3.583551e-09	-3.673408e+01	-4.067646e+02
8.920000e-06	-4.503731e-09	-3.590653e-09	-3.679395e+01	-4.074551e+02
8.930000e-06	-4.510823e-09	-3.597908e-09	-3.685190e+01	-4.081419e+02
8.940000e-06	-4.517618e-09	-3.604482e-09	-3.690741e+01	-4.088194e+02
8.950000e-06	-4.524083e-09	-3.608790e-09	-3.696022e+01	-4.094798e+02
8.960000e-06	-4.530181e-09	-3.610809e-09	-3.701004e+01	-4.101140e+02
8.970000e-06	-4.535925e-09	-3.612743e-09	-3.705697e+01	-4.107130e+02
8.980000e-06	-4.541308e-09	-3.617968e-09	-3.710095e+01	-4.112685e+02
8.990000e-06	-4.546335e-09	-3.623940e-09	-3.714201e+01	-4.117749e+02
9.000000e-06	-4.551074e-09	-3.628298e-09	-3.718073e+01	-4.122291e+02
9.010000e-06	-4.555593e-09	-3.632240e-09	-3.721765e+01	-4.126318e+02
9.020000e-06	-4.559897e-09	-3.635325e-09	-3.725282e+01	-4.129869e+02
9.030000e-06	-4.564027e-09	-3.635879e-09	-3.728656e+01	-4.133014e+02
9.040000e-06	-4.568059e-09	-3.633328e-09	-3.731949e+01	-4.135847e+02
9.050000e-06	-4.572001e-09	-3.631412e-09	-3.735170e+01	-4.138468e+02
9.060000e-06	-4.575837e-09	-3.632465e-09	-3.738304e+01	-4.140978e+02
9.070000e-06	-4.579537e-09	-3.634974e-09	-3.741326e+01	-4.143462e+02
9.080000e-06	-4.583083e-09	-3.636170e-09	-3.744223e+01	-4.145980e+02
9.090000e-06	-4.586457e-09	-3.636752e-09	-3.746980e+01	-4.148561e+02
9.100000e-06	-4.589622e-09	-3.638626e-09	-3.749566e+01	-4.151200e+02
9.110000e-06	-4.592582e-09	-3.638895e-09	-3.751984e+01	-4.153863e+02
9.120000e-06	-4.595318e-09	-3.638093e-09	-3.754220e+01	-4.156489e+02
9.130000e-06	-4.597827e-09	-3.638168e-09	-3.756269e+01	-4.159005e+02
9.140000e-06	-4.600135e-09	-3.639483e-09	-3.758155e+01	-4.161337e+02
9.150000e-06	-4.602275e-09	-3.640735e-09	-3.759903e+01	-4.163419e+02
9.160000e-06	-4.604271e-09	-3.641126e-09	-3.761534e+01	-4.165206e+02
9.170000e-06	-4.606118e-09	-3.640702e-09	-3.763042e+01	-4.166679e+02
9.180000e-06	-4.607772e-09	-3.636810e-09	-3.764393e+01	-4.167850e+02
9.190000e-06	-4.609135e-09	-3.633440e-09	-3.765507e+01	-4.168760e+02
9.200000e-06	-4.610216e-09	-3.633426e-09	-3.766390e+01	-4.169468e+02
9.210000e-06	-4.611137e-09	-3.635841e-09	-3.767143e+01	-4.170049e+02
9.220000e-06	-4.611882e-09	-3.639826e-09	-3.767752e+01	-4.170577e+02
9.230000e-06	-4.612396e-09	-3.643234e-09	-3.768171e+01	-4.171118e+02
9.240000e-06	-4.612756e-09	-3.644826e-09	-3.768465e+01	-4.171718e+02
