# Temperatura_=_20.0
# Concentracion g/m^3_=_10770.0
# C_Vs_to_Am_M_A/Vsm_=_116720831517.84952
# pendiente_HvsI_1/m_=_3716.3
# ordenada_HvsI_A/m_=_1297.0
# frecuencia_Hz_=_108198.82765221708
# Promedio de 29 ciclos

Tiempo_(s)	Campo_(V.s)	Magnetizacion_(V.s)	Campo_(kA/m)	Magnetizacion_(A/m)
0.000000e+00	-3.566782e-09	-1.655005e-09	-2.875880e+01	-1.861880e+02
1.000000e-08	-3.567048e-09	-1.656273e-09	-2.876094e+01	-1.861959e+02
2.000000e-08	-3.567214e-09	-1.659468e-09	-2.876229e+01	-1.861797e+02
3.000000e-08	-3.567294e-09	-1.664823e-09	-2.876293e+01	-1.861441e+02
4.000000e-08	-3.567268e-09	-1.661015e-09	-2.876272e+01	-1.860967e+02
5.000000e-08	-3.567097e-09	-1.641093e-09	-2.876134e+01	-1.860475e+02
6.000000e-08	-3.566744e-09	-1.620368e-09	-2.875849e+01	-1.860070e+02
7.000000e-08	-3.566197e-09	-1.629061e-09	-2.875409e+01	-1.859853e+02
8.000000e-08	-3.565430e-09	-1.652340e-09	-2.874790e+01	-1.859902e+02
9.000000e-08	-3.564420e-09	-1.640455e-09	-2.873975e+01	-1.860263e+02
1.000000e-07	-3.563181e-09	-1.662761e-09	-2.872976e+01	-1.860942e+02
1.100000e-07	-3.561705e-09	-1.664372e-09	-2.871787e+01	-1.861897e+02
1.200000e-07	-3.559996e-09	-1.611191e-09	-2.870408e+01	-1.863044e+02
1.300000e-07	-3.558055e-09	-1.592028e-09	-2.868843e+01	-1.864268e+02
1.400000e-07	-3.555831e-09	-1.616472e-09	-2.867050e+01	-1.865426e+02
1.500000e-07	-3.553307e-09	-1.603539e-09	-2.865015e+01	-1.866372e+02
1.600000e-07	-3.550520e-09	-1.628788e-09	-2.862767e+01	-1.866964e+02
1.700000e-07	-3.547485e-09	-1.659565e-09	-2.860320e+01	-1.867087e+02
1.800000e-07	-3.544260e-09	-1.669929e-09	-2.857720e+01	-1.866659e+02
1.900000e-07	-3.540886e-09	-1.695175e-09	-2.855000e+01	-1.865643e+02
2.000000e-07	-3.537372e-09	-1.638448e-09	-2.852166e+01	-1.864046e+02
2.100000e-07	-3.533752e-09	-1.614612e-09	-2.849248e+01	-1.861919e+02
2.200000e-07	-3.530044e-09	-1.608722e-09	-2.846258e+01	-1.859348e+02
2.300000e-07	-3.526257e-09	-1.603869e-09	-2.843205e+01	-1.856443e+02
2.400000e-07	-3.522395e-09	-1.600723e-09	-2.840091e+01	-1.853324e+02
2.500000e-07	-3.518461e-09	-1.610874e-09	-2.836919e+01	-1.850107e+02
2.600000e-07	-3.514442e-09	-1.645600e-09	-2.833679e+01	-1.846890e+02
2.700000e-07	-3.510309e-09	-1.629021e-09	-2.830346e+01	-1.843744e+02
2.800000e-07	-3.506047e-09	-1.615018e-09	-2.826909e+01	-1.840710e+02
2.900000e-07	-3.501631e-09	-1.590506e-09	-2.823349e+01	-1.837794e+02
3.000000e-07	-3.497032e-09	-1.581162e-09	-2.819641e+01	-1.834971e+02
3.100000e-07	-3.492267e-09	-1.590034e-09	-2.815798e+01	-1.832195e+02
3.200000e-07	-3.487335e-09	-1.596838e-09	-2.811822e+01	-1.829405e+02
3.300000e-07	-3.482201e-09	-1.617739e-09	-2.807683e+01	-1.826539e+02
3.400000e-07	-3.476877e-09	-1.602139e-09	-2.803390e+01	-1.823543e+02
3.500000e-07	-3.471389e-09	-1.607143e-09	-2.798965e+01	-1.820380e+02
3.600000e-07	-3.465773e-09	-1.599234e-09	-2.794437e+01	-1.817033e+02
3.700000e-07	-3.460020e-09	-1.590638e-09	-2.789798e+01	-1.813511e+02
3.800000e-07	-3.454114e-09	-1.577585e-09	-2.785036e+01	-1.809843e+02
3.900000e-07	-3.448062e-09	-1.578727e-09	-2.780156e+01	-1.806077e+02
4.000000e-07	-3.441846e-09	-1.595976e-09	-2.775144e+01	-1.802266e+02
4.100000e-07	-3.435477e-09	-1.582650e-09	-2.770009e+01	-1.798467e+02
4.200000e-07	-3.428940e-09	-1.582157e-09	-2.764738e+01	-1.794724e+02
4.300000e-07	-3.422232e-09	-1.570558e-09	-2.759330e+01	-1.791069e+02
4.400000e-07	-3.415387e-09	-1.568067e-09	-2.753810e+01	-1.787511e+02
4.500000e-07	-3.408383e-09	-1.564961e-09	-2.748164e+01	-1.784035e+02
4.600000e-07	-3.401208e-09	-1.570717e-09	-2.742378e+01	-1.780609e+02
4.700000e-07	-3.393875e-09	-1.575416e-09	-2.736466e+01	-1.777181e+02
4.800000e-07	-3.386415e-09	-1.567145e-09	-2.730450e+01	-1.773693e+02
4.900000e-07	-3.378854e-09	-1.572567e-09	-2.724354e+01	-1.770085e+02
5.000000e-07	-3.371193e-09	-1.557908e-09	-2.718177e+01	-1.766303e+02
5.100000e-07	-3.363447e-09	-1.543550e-09	-2.711932e+01	-1.762311e+02
5.200000e-07	-3.355629e-09	-1.535622e-09	-2.705628e+01	-1.758089e+02
5.300000e-07	-3.347711e-09	-1.540858e-09	-2.699244e+01	-1.753641e+02
5.400000e-07	-3.339693e-09	-1.539019e-09	-2.692779e+01	-1.748993e+02
5.500000e-07	-3.331577e-09	-1.531411e-09	-2.686235e+01	-1.744186e+02
5.600000e-07	-3.323310e-09	-1.534375e-09	-2.679569e+01	-1.739275e+02
5.700000e-07	-3.314874e-09	-1.524203e-09	-2.672767e+01	-1.734318e+02
5.800000e-07	-3.306247e-09	-1.519995e-09	-2.665811e+01	-1.729367e+02
5.900000e-07	-3.297391e-09	-1.514307e-09	-2.658671e+01	-1.724465e+02
6.000000e-07	-3.288313e-09	-1.509990e-09	-2.651351e+01	-1.719637e+02
6.100000e-07	-3.279019e-09	-1.500802e-09	-2.643857e+01	-1.714886e+02
6.200000e-07	-3.269486e-09	-1.500633e-09	-2.636171e+01	-1.710197e+02
6.300000e-07	-3.259687e-09	-1.503650e-09	-2.628270e+01	-1.705533e+02
6.400000e-07	-3.249636e-09	-1.489865e-09	-2.620166e+01	-1.700845e+02
6.500000e-07	-3.239341e-09	-1.484427e-09	-2.611865e+01	-1.696074e+02
6.600000e-07	-3.228788e-09	-1.478169e-09	-2.603357e+01	-1.691162e+02
6.700000e-07	-3.217979e-09	-1.474931e-09	-2.594642e+01	-1.686059e+02
6.800000e-07	-3.206947e-09	-1.466258e-09	-2.585747e+01	-1.680725e+02
6.900000e-07	-3.195729e-09	-1.460300e-09	-2.576701e+01	-1.675140e+02
7.000000e-07	-3.184345e-09	-1.454841e-09	-2.567522e+01	-1.669302e+02
7.100000e-07	-3.172815e-09	-1.448337e-09	-2.558226e+01	-1.663229e+02
7.200000e-07	-3.161157e-09	-1.450512e-09	-2.548826e+01	-1.656956e+02
7.300000e-07	-3.149370e-09	-1.443049e-09	-2.539322e+01	-1.650530e+02
7.400000e-07	-3.137481e-09	-1.438261e-09	-2.529736e+01	-1.644002e+02
7.500000e-07	-3.125476e-09	-1.433693e-09	-2.520056e+01	-1.637427e+02
7.600000e-07	-3.113322e-09	-1.433274e-09	-2.510257e+01	-1.630850e+02
7.700000e-07	-3.101023e-09	-1.428676e-09	-2.500340e+01	-1.624307e+02
7.800000e-07	-3.088582e-09	-1.417900e-09	-2.490309e+01	-1.617820e+02
7.900000e-07	-3.075989e-09	-1.408138e-09	-2.480155e+01	-1.611394e+02
8.000000e-07	-3.063223e-09	-1.396587e-09	-2.469862e+01	-1.605021e+02
8.100000e-07	-3.050291e-09	-1.393099e-09	-2.459435e+01	-1.598678e+02
8.200000e-07	-3.037204e-09	-1.384641e-09	-2.448883e+01	-1.592336e+02
8.300000e-07	-3.023974e-09	-1.376747e-09	-2.438216e+01	-1.585963e+02
8.400000e-07	-3.010612e-09	-1.372801e-09	-2.427442e+01	-1.579525e+02
8.500000e-07	-2.997118e-09	-1.373362e-09	-2.416562e+01	-1.572996e+02
8.600000e-07	-2.983503e-09	-1.373389e-09	-2.405584e+01	-1.566360e+02
8.700000e-07	-2.969774e-09	-1.365552e-09	-2.394514e+01	-1.559608e+02
8.800000e-07	-2.955922e-09	-1.356515e-09	-2.383346e+01	-1.552746e+02
8.900000e-07	-2.941930e-09	-1.345176e-09	-2.372064e+01	-1.545790e+02
9.000000e-07	-2.927794e-09	-1.338121e-09	-2.360666e+01	-1.538763e+02
9.100000e-07	-2.913522e-09	-1.330380e-09	-2.349159e+01	-1.531691e+02
9.200000e-07	-2.899050e-09	-1.324681e-09	-2.337490e+01	-1.524605e+02
9.300000e-07	-2.884348e-09	-1.321437e-09	-2.325636e+01	-1.517528e+02
9.400000e-07	-2.869476e-09	-1.317934e-09	-2.313645e+01	-1.510480e+02
9.500000e-07	-2.854424e-09	-1.313264e-09	-2.301508e+01	-1.503472e+02
9.600000e-07	-2.839139e-09	-1.302661e-09	-2.289184e+01	-1.496505e+02
9.700000e-07	-2.823633e-09	-1.294281e-09	-2.276682e+01	-1.489570e+02
9.800000e-07	-2.807926e-09	-1.286854e-09	-2.264017e+01	-1.482654e+02
9.900000e-07	-2.792057e-09	-1.283245e-09	-2.251222e+01	-1.475735e+02
1.000000e-06	-2.776044e-09	-1.280489e-09	-2.238311e+01	-1.468790e+02
1.010000e-06	-2.759870e-09	-1.277284e-09	-2.225270e+01	-1.461798e+02
1.020000e-06	-2.743546e-09	-1.275144e-09	-2.212108e+01	-1.454744e+02
1.030000e-06	-2.727101e-09	-1.270614e-09	-2.198848e+01	-1.447617e+02
1.040000e-06	-2.710536e-09	-1.266557e-09	-2.185492e+01	-1.440417e+02
1.050000e-06	-2.693864e-09	-1.259323e-09	-2.172049e+01	-1.433152e+02
1.060000e-06	-2.677092e-09	-1.250985e-09	-2.158526e+01	-1.425837e+02
1.070000e-06	-2.660221e-09	-1.240204e-09	-2.144923e+01	-1.418497e+02
1.080000e-06	-2.643265e-09	-1.230510e-09	-2.131252e+01	-1.411156e+02
1.090000e-06	-2.626210e-09	-1.224272e-09	-2.117500e+01	-1.403842e+02
1.100000e-06	-2.609054e-09	-1.218275e-09	-2.103667e+01	-1.396577e+02
1.110000e-06	-2.591795e-09	-1.215211e-09	-2.089751e+01	-1.389381e+02
1.120000e-06	-2.574461e-09	-1.211477e-09	-2.075775e+01	-1.382260e+02
1.130000e-06	-2.557064e-09	-1.209217e-09	-2.061748e+01	-1.375215e+02
1.140000e-06	-2.539568e-09	-1.206159e-09	-2.047642e+01	-1.368235e+02
1.150000e-06	-2.521961e-09	-1.201226e-09	-2.033445e+01	-1.361299e+02
1.160000e-06	-2.504254e-09	-1.193916e-09	-2.019168e+01	-1.354379e+02
1.170000e-06	-2.486430e-09	-1.184285e-09	-2.004796e+01	-1.347444e+02
1.180000e-06	-2.468479e-09	-1.175092e-09	-1.990322e+01	-1.340459e+02
1.190000e-06	-2.450402e-09	-1.165315e-09	-1.975747e+01	-1.333394e+02
1.200000e-06	-2.432195e-09	-1.158292e-09	-1.961067e+01	-1.326220e+02
1.210000e-06	-2.413856e-09	-1.152157e-09	-1.946281e+01	-1.318920e+02
1.220000e-06	-2.395395e-09	-1.146068e-09	-1.931395e+01	-1.311482e+02
1.230000e-06	-2.376806e-09	-1.137305e-09	-1.916407e+01	-1.303904e+02
1.240000e-06	-2.358068e-09	-1.127503e-09	-1.901298e+01	-1.296192e+02
1.250000e-06	-2.339191e-09	-1.119731e-09	-1.886079e+01	-1.288359e+02
1.260000e-06	-2.320179e-09	-1.112536e-09	-1.870749e+01	-1.280422e+02
1.270000e-06	-2.301033e-09	-1.105181e-09	-1.855311e+01	-1.272398e+02
1.280000e-06	-2.281782e-09	-1.094467e-09	-1.839790e+01	-1.264304e+02
1.290000e-06	-2.262438e-09	-1.083083e-09	-1.824193e+01	-1.256153e+02
1.300000e-06	-2.242996e-09	-1.073301e-09	-1.808517e+01	-1.247952e+02
1.310000e-06	-2.223473e-09	-1.065826e-09	-1.792775e+01	-1.239704e+02
1.320000e-06	-2.203887e-09	-1.057546e-09	-1.776983e+01	-1.231408e+02
1.330000e-06	-2.184254e-09	-1.048109e-09	-1.761154e+01	-1.223057e+02
1.340000e-06	-2.164582e-09	-1.039553e-09	-1.745292e+01	-1.214644e+02
1.350000e-06	-2.144863e-09	-1.029842e-09	-1.729392e+01	-1.206164e+02
1.360000e-06	-2.125103e-09	-1.019359e-09	-1.713460e+01	-1.197615e+02
1.370000e-06	-2.105306e-09	-1.007312e-09	-1.697498e+01	-1.188998e+02
1.380000e-06	-2.085482e-09	-9.966755e-10	-1.681514e+01	-1.180322e+02
1.390000e-06	-2.065636e-09	-9.890377e-10	-1.665512e+01	-1.171600e+02
1.400000e-06	-2.045755e-09	-9.827202e-10	-1.649482e+01	-1.162850e+02
1.410000e-06	-2.025806e-09	-9.750888e-10	-1.633397e+01	-1.154089e+02
1.420000e-06	-2.005797e-09	-9.644912e-10	-1.617264e+01	-1.145334e+02
1.430000e-06	-1.985747e-09	-9.542364e-10	-1.601098e+01	-1.136596e+02
1.440000e-06	-1.965635e-09	-9.462716e-10	-1.584882e+01	-1.127879e+02
1.450000e-06	-1.945452e-09	-9.383300e-10	-1.568608e+01	-1.119174e+02
1.460000e-06	-1.925206e-09	-9.265714e-10	-1.552284e+01	-1.110462e+02
1.470000e-06	-1.904887e-09	-9.136224e-10	-1.535901e+01	-1.101712e+02
1.480000e-06	-1.884458e-09	-9.022575e-10	-1.519429e+01	-1.092886e+02
1.490000e-06	-1.863911e-09	-8.928141e-10	-1.502862e+01	-1.083939e+02
1.500000e-06	-1.843280e-09	-8.833120e-10	-1.486227e+01	-1.074828e+02
1.510000e-06	-1.822557e-09	-8.730432e-10	-1.469519e+01	-1.065516e+02
1.520000e-06	-1.801703e-09	-8.670902e-10	-1.452704e+01	-1.055976e+02
1.530000e-06	-1.780732e-09	-8.648210e-10	-1.435795e+01	-1.046198e+02
1.540000e-06	-1.759674e-09	-8.617779e-10	-1.418816e+01	-1.036192e+02
1.550000e-06	-1.738538e-09	-8.527222e-10	-1.401775e+01	-1.025987e+02
1.560000e-06	-1.717313e-09	-8.399135e-10	-1.384660e+01	-1.015629e+02
1.570000e-06	-1.695992e-09	-8.270187e-10	-1.367469e+01	-1.005181e+02
1.580000e-06	-1.674602e-09	-8.146570e-10	-1.350223e+01	-9.947136e+01
1.590000e-06	-1.653154e-09	-8.027183e-10	-1.332930e+01	-9.842999e+01
1.600000e-06	-1.631615e-09	-7.901078e-10	-1.315563e+01	-9.740057e+01
1.610000e-06	-1.609989e-09	-7.800494e-10	-1.298126e+01	-9.638830e+01
1.620000e-06	-1.588296e-09	-7.715696e-10	-1.280635e+01	-9.539637e+01
1.630000e-06	-1.566551e-09	-7.624298e-10	-1.263102e+01	-9.442555e+01
1.640000e-06	-1.544757e-09	-7.516875e-10	-1.245530e+01	-9.347398e+01
1.650000e-06	-1.522917e-09	-7.411396e-10	-1.227920e+01	-9.253744e+01
1.660000e-06	-1.501022e-09	-7.344463e-10	-1.210267e+01	-9.160966e+01
1.670000e-06	-1.479073e-09	-7.315843e-10	-1.192569e+01	-9.068310e+01
1.680000e-06	-1.457075e-09	-7.294201e-10	-1.174832e+01	-8.974977e+01
1.690000e-06	-1.435030e-09	-7.227718e-10	-1.157057e+01	-8.880209e+01
1.700000e-06	-1.412926e-09	-7.127154e-10	-1.139235e+01	-8.783382e+01
1.710000e-06	-1.390762e-09	-7.011545e-10	-1.121364e+01	-8.684076e+01
1.720000e-06	-1.368554e-09	-6.902008e-10	-1.103458e+01	-8.582120e+01
1.730000e-06	-1.346292e-09	-6.807249e-10	-1.085508e+01	-8.477612e+01
1.740000e-06	-1.323965e-09	-6.712380e-10	-1.067506e+01	-8.370904e+01
1.750000e-06	-1.301540e-09	-6.621027e-10	-1.049425e+01	-8.262562e+01
1.760000e-06	-1.279026e-09	-6.537810e-10	-1.031272e+01	-8.153290e+01
1.770000e-06	-1.256452e-09	-6.456618e-10	-1.013071e+01	-8.043852e+01
1.780000e-06	-1.233825e-09	-6.350061e-10	-9.948267e+00	-7.934975e+01
1.790000e-06	-1.211115e-09	-6.243902e-10	-9.765158e+00	-7.827266e+01
1.800000e-06	-1.188328e-09	-6.160951e-10	-9.581422e+00	-7.721140e+01
1.810000e-06	-1.165489e-09	-6.105548e-10	-9.397275e+00	-7.616772e+01
1.820000e-06	-1.142603e-09	-6.053908e-10	-9.212749e+00	-7.514079e+01
1.830000e-06	-1.119657e-09	-5.964948e-10	-9.027733e+00	-7.412736e+01
1.840000e-06	-1.096649e-09	-5.859428e-10	-8.842224e+00	-7.312210e+01
1.850000e-06	-1.073582e-09	-5.770860e-10	-8.656232e+00	-7.211830e+01
1.860000e-06	-1.050438e-09	-5.689469e-10	-8.469627e+00	-7.110863e+01
1.870000e-06	-1.027251e-09	-5.582726e-10	-8.282672e+00	-7.008593e+01
1.880000e-06	-1.004045e-09	-5.468175e-10	-8.095559e+00	-6.904408e+01
1.890000e-06	-9.807763e-10	-5.373132e-10	-7.907946e+00	-6.797858e+01
1.900000e-06	-9.574514e-10	-5.292246e-10	-7.719878e+00	-6.688699e+01
1.910000e-06	-9.341029e-10	-5.197894e-10	-7.531620e+00	-6.576914e+01
1.920000e-06	-9.106960e-10	-5.063028e-10	-7.342892e+00	-6.462703e+01
1.930000e-06	-8.872660e-10	-4.943085e-10	-7.153977e+00	-6.346452e+01
1.940000e-06	-8.638219e-10	-4.862429e-10	-6.964948e+00	-6.228683e+01
1.950000e-06	-8.403276e-10	-4.792599e-10	-6.775514e+00	-6.109991e+01
1.960000e-06	-8.167942e-10	-4.707967e-10	-6.585764e+00	-5.990980e+01
1.970000e-06	-7.932344e-10	-4.604410e-10	-6.395803e+00	-5.872195e+01
1.980000e-06	-7.696652e-10	-4.487618e-10	-6.205766e+00	-5.754073e+01
1.990000e-06	-7.460844e-10	-4.373181e-10	-6.015634e+00	-5.636906e+01
2.000000e-06	-7.224800e-10	-4.268654e-10	-5.825313e+00	-5.520819e+01
2.010000e-06	-6.988352e-10	-4.152459e-10	-5.634666e+00	-5.405771e+01
2.020000e-06	-6.751691e-10	-4.055335e-10	-5.443847e+00	-5.291572e+01
2.030000e-06	-6.514992e-10	-3.965619e-10	-5.252998e+00	-5.177912e+01
2.040000e-06	-6.278174e-10	-3.863037e-10	-5.062052e+00	-5.064402e+01
2.050000e-06	-6.041169e-10	-3.729628e-10	-4.870956e+00	-4.950616e+01
2.060000e-06	-5.803856e-10	-3.597103e-10	-4.679611e+00	-4.836131e+01
2.070000e-06	-5.566306e-10	-3.506391e-10	-4.488076e+00	-4.720572e+01
2.080000e-06	-5.328647e-10	-3.425229e-10	-4.296453e+00	-4.603634e+01
2.090000e-06	-5.090919e-10	-3.374167e-10	-4.104773e+00	-4.485109e+01
2.100000e-06	-4.853127e-10	-3.311484e-10	-3.913043e+00	-4.364895e+01
2.110000e-06	-4.615263e-10	-3.197333e-10	-3.721254e+00	-4.242998e+01
2.120000e-06	-4.377296e-10	-3.040245e-10	-3.529382e+00	-4.119529e+01
2.130000e-06	-4.139208e-10	-2.867538e-10	-3.337412e+00	-3.994687e+01
2.140000e-06	-3.901057e-10	-2.714452e-10	-3.145392e+00	-3.868747e+01
2.150000e-06	-3.662819e-10	-2.575784e-10	-2.953302e+00	-3.742040e+01
2.160000e-06	-3.424500e-10	-2.484117e-10	-2.761146e+00	-3.614927e+01
2.170000e-06	-3.186183e-10	-2.426662e-10	-2.568992e+00	-3.487780e+01
2.180000e-06	-2.947771e-10	-2.381900e-10	-2.376761e+00	-3.360955e+01
2.190000e-06	-2.709223e-10	-2.316753e-10	-2.184421e+00	-3.234773e+01
2.200000e-06	-2.470698e-10	-2.201852e-10	-1.992100e+00	-3.109494e+01
2.210000e-06	-2.232111e-10	-2.064120e-10	-1.799728e+00	-2.985303e+01
2.220000e-06	-1.993490e-10	-1.916467e-10	-1.607329e+00	-2.862289e+01
2.230000e-06	-1.754919e-10	-1.796512e-10	-1.414970e+00	-2.740444e+01
2.240000e-06	-1.516267e-10	-1.704406e-10	-1.222546e+00	-2.619653e+01
2.250000e-06	-1.277639e-10	-1.625424e-10	-1.030141e+00	-2.499706e+01
2.260000e-06	-1.039005e-10	-1.549186e-10	-8.377314e-01	-2.380312e+01
2.270000e-06	-8.002601e-11	-1.469443e-10	-6.452322e-01	-2.261122e+01
2.280000e-06	-5.614540e-11	-1.384767e-10	-4.526839e-01	-2.141759e+01
2.290000e-06	-3.226005e-11	-1.275661e-10	-2.600974e-01	-2.021855e+01
2.300000e-06	-8.384325e-12	-1.153823e-10	-6.758846e-02	-1.901082e+01
2.310000e-06	1.548244e-11	-1.036596e-10	1.248483e-01	-1.779188e+01
2.320000e-06	3.934853e-11	-9.425440e-11	3.172796e-01	-1.656023e+01
2.330000e-06	6.321817e-11	-8.543884e-11	5.097396e-01	-1.531548e+01
2.340000e-06	8.709437e-11	-7.739906e-11	7.022523e-01	-1.405843e+01
2.350000e-06	1.109628e-10	-7.147724e-11	8.947024e-01	-1.279095e+01
2.360000e-06	1.348314e-10	-6.450416e-11	1.087154e+00	-1.151569e+01
2.370000e-06	1.587010e-10	-5.617797e-11	1.279614e+00	-1.023583e+01
2.380000e-06	1.825683e-10	-4.498324e-11	1.472055e+00	-8.954594e+00
2.390000e-06	2.064348e-10	-3.206557e-11	1.664489e+00	-7.674922e+00
2.400000e-06	2.302909e-10	-1.940074e-11	1.856840e+00	-6.399050e+00
2.410000e-06	2.541340e-10	-7.098162e-12	2.049086e+00	-5.128264e+00
2.420000e-06	2.779792e-10	5.168769e-12	2.241349e+00	-3.862747e+00
2.430000e-06	3.018185e-10	1.635401e-11	2.433564e+00	-2.601574e+00
2.440000e-06	3.256272e-10	2.500467e-11	2.625532e+00	-1.342861e+00
2.450000e-06	3.494340e-10	3.295691e-11	2.817486e+00	-8.403195e-02
2.460000e-06	3.732468e-10	3.994594e-11	3.009487e+00	1.177831e+00
2.470000e-06	3.970475e-10	4.654243e-11	3.201392e+00	2.445595e+00
2.480000e-06	4.208288e-10	5.427760e-11	3.393139e+00	3.721711e+00
2.490000e-06	4.446005e-10	6.645530e-11	3.584809e+00	5.007924e+00
2.500000e-06	4.683753e-10	8.394228e-11	3.776504e+00	6.305085e+00
2.510000e-06	4.921437e-10	1.026292e-10	3.968149e+00	7.613121e+00
2.520000e-06	5.158898e-10	1.166753e-10	4.159613e+00	8.931125e+00
2.530000e-06	5.396183e-10	1.243917e-10	4.350934e+00	1.025758e+01
2.540000e-06	5.633333e-10	1.310327e-10	4.542147e+00	1.159068e+01
2.550000e-06	5.870278e-10	1.401229e-10	4.733195e+00	1.292860e+01
2.560000e-06	6.107151e-10	1.519633e-10	4.924184e+00	1.426990e+01
2.570000e-06	6.343937e-10	1.649120e-10	5.115104e+00	1.561367e+01
2.580000e-06	6.580614e-10	1.788050e-10	5.305936e+00	1.695970e+01
2.590000e-06	6.817120e-10	1.937361e-10	5.496630e+00	1.830841e+01
2.600000e-06	7.053374e-10	2.066355e-10	5.687120e+00	1.966074e+01
2.610000e-06	7.289332e-10	2.168816e-10	5.877373e+00	2.101784e+01
2.620000e-06	7.525120e-10	2.249097e-10	6.067487e+00	2.238078e+01
2.630000e-06	7.760618e-10	2.342770e-10	6.257368e+00	2.375018e+01
2.640000e-06	7.995859e-10	2.451785e-10	6.447042e+00	2.512593e+01
2.650000e-06	8.230994e-10	2.585413e-10	6.636630e+00	2.650702e+01
2.660000e-06	8.465674e-10	2.733449e-10	6.825851e+00	2.789149e+01
2.670000e-06	8.700030e-10	2.859772e-10	7.014812e+00	2.927661e+01
2.680000e-06	8.934180e-10	2.998210e-10	7.203605e+00	3.065911e+01
2.690000e-06	9.167721e-10	3.146150e-10	7.391908e+00	3.203560e+01
2.700000e-06	9.400799e-10	3.297199e-10	7.579838e+00	3.340306e+01
2.710000e-06	9.633792e-10	3.430439e-10	7.767700e+00	3.475926e+01
2.720000e-06	9.866398e-10	3.548445e-10	7.955248e+00	3.610316e+01
2.730000e-06	1.009844e-09	3.664384e-10	8.142340e+00	3.743515e+01
2.740000e-06	1.032993e-09	3.756056e-10	8.328990e+00	3.875707e+01
2.750000e-06	1.056088e-09	3.819080e-10	8.515207e+00	4.007208e+01
2.760000e-06	1.079115e-09	3.862629e-10	8.700875e+00	4.138427e+01
2.770000e-06	1.102073e-09	3.950929e-10	8.885981e+00	4.269819e+01
2.780000e-06	1.124988e-09	4.103685e-10	9.070743e+00	4.401822e+01
2.790000e-06	1.147838e-09	4.283694e-10	9.254981e+00	4.534798e+01
2.800000e-06	1.170609e-09	4.453754e-10	9.438580e+00	4.668981e+01
2.810000e-06	1.193337e-09	4.598556e-10	9.621837e+00	4.804444e+01
2.820000e-06	1.216012e-09	4.730822e-10	9.804662e+00	4.941077e+01
2.830000e-06	1.238615e-09	4.827257e-10	9.986915e+00	5.078605e+01
2.840000e-06	1.261149e-09	4.906793e-10	1.016860e+01	5.216611e+01
2.850000e-06	1.283608e-09	5.001297e-10	1.034969e+01	5.354599e+01
2.860000e-06	1.306011e-09	5.125572e-10	1.053032e+01	5.492048e+01
2.870000e-06	1.328356e-09	5.257215e-10	1.071049e+01	5.628484e+01
2.880000e-06	1.350635e-09	5.372285e-10	1.089013e+01	5.763542e+01
2.890000e-06	1.372869e-09	5.476588e-10	1.106940e+01	5.897008e+01
2.900000e-06	1.395042e-09	5.562486e-10	1.124817e+01	6.028849e+01
2.910000e-06	1.417143e-09	5.652809e-10	1.142638e+01	6.159206e+01
2.920000e-06	1.439182e-09	5.739655e-10	1.160408e+01	6.288372e+01
2.930000e-06	1.461153e-09	5.853343e-10	1.178123e+01	6.416744e+01
2.940000e-06	1.483067e-09	6.000907e-10	1.195792e+01	6.544761e+01
2.950000e-06	1.504928e-09	6.134007e-10	1.213418e+01	6.672835e+01
2.960000e-06	1.526719e-09	6.231368e-10	1.230988e+01	6.801290e+01
2.970000e-06	1.548461e-09	6.290425e-10	1.248519e+01	6.930313e+01
2.980000e-06	1.570169e-09	6.345974e-10	1.266022e+01	7.059927e+01
2.990000e-06	1.591809e-09	6.383760e-10	1.283470e+01	7.189987e+01
3.000000e-06	1.613387e-09	6.415849e-10	1.300869e+01	7.320207e+01
3.010000e-06	1.634917e-09	6.475073e-10	1.318228e+01	7.450201e+01
3.020000e-06	1.656384e-09	6.602558e-10	1.335536e+01	7.579551e+01
3.030000e-06	1.677775e-09	6.802111e-10	1.352784e+01	7.707868e+01
3.040000e-06	1.699090e-09	6.976199e-10	1.369970e+01	7.834862e+01
3.050000e-06	1.720321e-09	7.063601e-10	1.387089e+01	7.960385e+01
3.060000e-06	1.741486e-09	7.082598e-10	1.404154e+01	8.084461e+01
3.070000e-06	1.762565e-09	7.117079e-10	1.421150e+01	8.207290e+01
3.080000e-06	1.783516e-09	7.186888e-10	1.438043e+01	8.329214e+01
3.090000e-06	1.804352e-09	7.265731e-10	1.454842e+01	8.450673e+01
3.100000e-06	1.825100e-09	7.375664e-10	1.471572e+01	8.572132e+01
3.110000e-06	1.845749e-09	7.532222e-10	1.488221e+01	8.694013e+01
3.120000e-06	1.866295e-09	7.720852e-10	1.504786e+01	8.816616e+01
3.130000e-06	1.886763e-09	7.859078e-10	1.521290e+01	8.940070e+01
3.140000e-06	1.907138e-09	7.903284e-10	1.537718e+01	9.064298e+01
3.150000e-06	1.927416e-09	7.912662e-10	1.554068e+01	9.189012e+01
3.160000e-06	1.947611e-09	7.967972e-10	1.570351e+01	9.313741e+01
3.170000e-06	1.967734e-09	8.085340e-10	1.586577e+01	9.437886e+01
3.180000e-06	1.987801e-09	8.217503e-10	1.602756e+01	9.560795e+01
3.190000e-06	2.007812e-09	8.340807e-10	1.618891e+01	9.681848e+01
3.200000e-06	2.027764e-09	8.458032e-10	1.634978e+01	9.800544e+01
3.210000e-06	2.047666e-09	8.573456e-10	1.651026e+01	9.916573e+01
3.220000e-06	2.067536e-09	8.654486e-10	1.667047e+01	1.002986e+02
3.230000e-06	2.087376e-09	8.705274e-10	1.683043e+01	1.014060e+02
3.240000e-06	2.107180e-09	8.763759e-10	1.699011e+01	1.024922e+02
3.250000e-06	2.126951e-09	8.850689e-10	1.714953e+01	1.035636e+02
3.260000e-06	2.146681e-09	8.967526e-10	1.730861e+01	1.046279e+02
3.270000e-06	2.166369e-09	9.070923e-10	1.746735e+01	1.056930e+02
3.280000e-06	2.186013e-09	9.136137e-10	1.762574e+01	1.067665e+02
3.290000e-06	2.205594e-09	9.180379e-10	1.778362e+01	1.078546e+02
3.300000e-06	2.225113e-09	9.255899e-10	1.794100e+01	1.089615e+02
3.310000e-06	2.244570e-09	9.375695e-10	1.809788e+01	1.100886e+02
3.320000e-06	2.263937e-09	9.514982e-10	1.825404e+01	1.112350e+02
3.330000e-06	2.283200e-09	9.652960e-10	1.840936e+01	1.123973e+02
3.340000e-06	2.302337e-09	9.791381e-10	1.856366e+01	1.135702e+02
3.350000e-06	2.321352e-09	9.933677e-10	1.871697e+01	1.147471e+02
3.360000e-06	2.340257e-09	1.002751e-09	1.886940e+01	1.159211e+02
3.370000e-06	2.359026e-09	1.006359e-09	1.902074e+01	1.170856e+02
3.380000e-06	2.377634e-09	1.009392e-09	1.917077e+01	1.182352e+02
3.390000e-06	2.396087e-09	1.018984e-09	1.931955e+01	1.193661e+02
3.400000e-06	2.414392e-09	1.036087e-09	1.946715e+01	1.204764e+02
3.410000e-06	2.432573e-09	1.053201e-09	1.961374e+01	1.215663e+02
3.420000e-06	2.450631e-09	1.065464e-09	1.975935e+01	1.226374e+02
3.430000e-06	2.468555e-09	1.072303e-09	1.990387e+01	1.236928e+02
3.440000e-06	2.486341e-09	1.076748e-09	2.004727e+01	1.247362e+02
3.450000e-06	2.504000e-09	1.080501e-09	2.018965e+01	1.257711e+02
3.460000e-06	2.521552e-09	1.084105e-09	2.033117e+01	1.268008e+02
3.470000e-06	2.538991e-09	1.091499e-09	2.047179e+01	1.278274e+02
3.480000e-06	2.556317e-09	1.105928e-09	2.061148e+01	1.288519e+02
3.490000e-06	2.573557e-09	1.124327e-09	2.075049e+01	1.298740e+02
3.500000e-06	2.590747e-09	1.137276e-09	2.088909e+01	1.308920e+02
3.510000e-06	2.607854e-09	1.141738e-09	2.102703e+01	1.319035e+02
3.520000e-06	2.624861e-09	1.143420e-09	2.116415e+01	1.329059e+02
3.530000e-06	2.641763e-09	1.147562e-09	2.130043e+01	1.338961e+02
3.540000e-06	2.658572e-09	1.155469e-09	2.143596e+01	1.348719e+02
3.550000e-06	2.675297e-09	1.163768e-09	2.157082e+01	1.358318e+02
3.560000e-06	2.691911e-09	1.169394e-09	2.170477e+01	1.367752e+02
3.570000e-06	2.708416e-09	1.174171e-09	2.183785e+01	1.377028e+02
3.580000e-06	2.724799e-09	1.181675e-09	2.196995e+01	1.386161e+02
3.590000e-06	2.741056e-09	1.190583e-09	2.210103e+01	1.395176e+02
3.600000e-06	2.757174e-09	1.198586e-09	2.223098e+01	1.404101e+02
3.610000e-06	2.773145e-09	1.205861e-09	2.235975e+01	1.412966e+02
3.620000e-06	2.788969e-09	1.212594e-09	2.248735e+01	1.421797e+02
3.630000e-06	2.804616e-09	1.219687e-09	2.261350e+01	1.430617e+02
3.640000e-06	2.820080e-09	1.227330e-09	2.273819e+01	1.439438e+02
3.650000e-06	2.835361e-09	1.233648e-09	2.286140e+01	1.448267e+02
3.660000e-06	2.850451e-09	1.237971e-09	2.298307e+01	1.457099e+02
3.670000e-06	2.865348e-09	1.243512e-09	2.310318e+01	1.465924e+02
3.680000e-06	2.880014e-09	1.251542e-09	2.322143e+01	1.474723e+02
3.690000e-06	2.894491e-09	1.258734e-09	2.333816e+01	1.483476e+02
3.700000e-06	2.908824e-09	1.264155e-09	2.345373e+01	1.492159e+02
3.710000e-06	2.923004e-09	1.270831e-09	2.356806e+01	1.500748e+02
3.720000e-06	2.937073e-09	1.278444e-09	2.368149e+01	1.509221e+02
3.730000e-06	2.951024e-09	1.286693e-09	2.379398e+01	1.517558e+02
3.740000e-06	2.964857e-09	1.295004e-09	2.390552e+01	1.525741e+02
3.750000e-06	2.978585e-09	1.302852e-09	2.401621e+01	1.533759e+02
3.760000e-06	2.992177e-09	1.309601e-09	2.412580e+01	1.541601e+02
3.770000e-06	3.005617e-09	1.313443e-09	2.423417e+01	1.549262e+02
3.780000e-06	3.018932e-09	1.314919e-09	2.434152e+01	1.556741e+02
3.790000e-06	3.032114e-09	1.314385e-09	2.444781e+01	1.564043e+02
3.800000e-06	3.045134e-09	1.314857e-09	2.455278e+01	1.571176e+02
3.810000e-06	3.057997e-09	1.319704e-09	2.465650e+01	1.578154e+02
3.820000e-06	3.070699e-09	1.329553e-09	2.475892e+01	1.584996e+02
3.830000e-06	3.083235e-09	1.341807e-09	2.485999e+01	1.591725e+02
3.840000e-06	3.095626e-09	1.353225e-09	2.495990e+01	1.598367e+02
3.850000e-06	3.107871e-09	1.362155e-09	2.505864e+01	1.604951e+02
3.860000e-06	3.119980e-09	1.365138e-09	2.515627e+01	1.611501e+02
3.870000e-06	3.131984e-09	1.362975e-09	2.525305e+01	1.618043e+02
3.880000e-06	3.143889e-09	1.361666e-09	2.534904e+01	1.624591e+02
3.890000e-06	3.155689e-09	1.365924e-09	2.544419e+01	1.631155e+02
3.900000e-06	3.167371e-09	1.376014e-09	2.553838e+01	1.637735e+02
3.910000e-06	3.178926e-09	1.387595e-09	2.563155e+01	1.644317e+02
3.920000e-06	3.190343e-09	1.398318e-09	2.572360e+01	1.650884e+02
3.930000e-06	3.201611e-09	1.405113e-09	2.581445e+01	1.657405e+02
3.940000e-06	3.212700e-09	1.407320e-09	2.590387e+01	1.663851e+02
3.950000e-06	3.223558e-09	1.406786e-09	2.599141e+01	1.670188e+02
3.960000e-06	3.234208e-09	1.406763e-09	2.607728e+01	1.676388e+02
3.970000e-06	3.244629e-09	1.411297e-09	2.616130e+01	1.682428e+02
3.980000e-06	3.254775e-09	1.419457e-09	2.624311e+01	1.688299e+02
3.990000e-06	3.264657e-09	1.429515e-09	2.632279e+01	1.693998e+02
4.000000e-06	3.274275e-09	1.438374e-09	2.640034e+01	1.699538e+02
4.010000e-06	3.283625e-09	1.443608e-09	2.647573e+01	1.704942e+02
4.020000e-06	3.292718e-09	1.445942e-09	2.654904e+01	1.710237e+02
4.030000e-06	3.301587e-09	1.448147e-09	2.662055e+01	1.715456e+02
4.040000e-06	3.310249e-09	1.452554e-09	2.669039e+01	1.720631e+02
4.050000e-06	3.318739e-09	1.459965e-09	2.675885e+01	1.725787e+02
4.060000e-06	3.327070e-09	1.469199e-09	2.682602e+01	1.730942e+02
4.070000e-06	3.335267e-09	1.476029e-09	2.689211e+01	1.736102e+02
4.080000e-06	3.343360e-09	1.479150e-09	2.695737e+01	1.741262e+02
4.090000e-06	3.351336e-09	1.478890e-09	2.702168e+01	1.746406e+02
4.100000e-06	3.359203e-09	1.477844e-09	2.708510e+01	1.751511e+02
4.110000e-06	3.366993e-09	1.479916e-09	2.714791e+01	1.756549e+02
4.120000e-06	3.374710e-09	1.486458e-09	2.721014e+01	1.761494e+02
4.130000e-06	3.382344e-09	1.496392e-09	2.727169e+01	1.766322e+02
4.140000e-06	3.389872e-09	1.505598e-09	2.733239e+01	1.771017e+02
4.150000e-06	3.397271e-09	1.511466e-09	2.739204e+01	1.775571e+02
4.160000e-06	3.404539e-09	1.514463e-09	2.745065e+01	1.779986e+02
4.170000e-06	3.411662e-09	1.516483e-09	2.750808e+01	1.784269e+02
4.180000e-06	3.418634e-09	1.517595e-09	2.756430e+01	1.788434e+02
4.190000e-06	3.425439e-09	1.517861e-09	2.761916e+01	1.792491e+02
4.200000e-06	3.432057e-09	1.519591e-09	2.767252e+01	1.796448e+02
4.210000e-06	3.438494e-09	1.523093e-09	2.772443e+01	1.800304e+02
4.220000e-06	3.444778e-09	1.526818e-09	2.777509e+01	1.804050e+02
4.230000e-06	3.450939e-09	1.530059e-09	2.782477e+01	1.807663e+02
4.240000e-06	3.456967e-09	1.532140e-09	2.787337e+01	1.811114e+02
4.250000e-06	3.462837e-09	1.531476e-09	2.792070e+01	1.814367e+02
4.260000e-06	3.468568e-09	1.528671e-09	2.796691e+01	1.817389e+02
4.270000e-06	3.474179e-09	1.526826e-09	2.801215e+01	1.820151e+02
4.280000e-06	3.479627e-09	1.528388e-09	2.805608e+01	1.822639e+02
4.290000e-06	3.484886e-09	1.532605e-09	2.809848e+01	1.824854e+02
4.300000e-06	3.489977e-09	1.536992e-09	2.813953e+01	1.826819e+02
4.310000e-06	3.494899e-09	1.541312e-09	2.817921e+01	1.828580e+02
4.320000e-06	3.499633e-09	1.544538e-09	2.821739e+01	1.830197e+02
4.330000e-06	3.504183e-09	1.544336e-09	2.825407e+01	1.831745e+02
4.340000e-06	3.508586e-09	1.541109e-09	2.828957e+01	1.833303e+02
4.350000e-06	3.512861e-09	1.536632e-09	2.832404e+01	1.834945e+02
4.360000e-06	3.517008e-09	1.534664e-09	2.835748e+01	1.836731e+02
4.370000e-06	3.521049e-09	1.538251e-09	2.839006e+01	1.838696e+02
4.380000e-06	3.525005e-09	1.545237e-09	2.842196e+01	1.840849e+02
4.390000e-06	3.528888e-09	1.550949e-09	2.845327e+01	1.843166e+02
4.400000e-06	3.532704e-09	1.553041e-09	2.848403e+01	1.845595e+02
4.410000e-06	3.536440e-09	1.552813e-09	2.851416e+01	1.848057e+02
4.420000e-06	3.540076e-09	1.553491e-09	2.854347e+01	1.850459e+02
4.430000e-06	3.543617e-09	1.556052e-09	2.857202e+01	1.852703e+02
4.440000e-06	3.547049e-09	1.558348e-09	2.859969e+01	1.854698e+02
4.450000e-06	3.550335e-09	1.560438e-09	2.862619e+01	1.856371e+02
4.460000e-06	3.553438e-09	1.563590e-09	2.865121e+01	1.857680e+02
4.470000e-06	3.556324e-09	1.565712e-09	2.867448e+01	1.858613e+02
4.480000e-06	3.558996e-09	1.564606e-09	2.869603e+01	1.859197e+02
4.490000e-06	3.561412e-09	1.561783e-09	2.871550e+01	1.859492e+02
4.500000e-06	3.563555e-09	1.559151e-09	2.873278e+01	1.859579e+02
4.510000e-06	3.565429e-09	1.559327e-09	2.874789e+01	1.859558e+02
4.520000e-06	3.567023e-09	1.563252e-09	2.876075e+01	1.859530e+02
4.530000e-06	3.568348e-09	1.568323e-09	2.877143e+01	1.859582e+02
4.540000e-06	3.569401e-09	1.572418e-09	2.877992e+01	1.859782e+02
4.550000e-06	3.570200e-09	1.576078e-09	2.878636e+01	1.860165e+02
4.560000e-06	3.570800e-09	1.578634e-09	2.879120e+01	1.860732e+02
4.570000e-06	3.571215e-09	1.577288e-09	2.879454e+01	1.861451e+02
4.580000e-06	3.571458e-09	1.573136e-09	2.879650e+01	1.862258e+02
4.590000e-06	3.571568e-09	1.570475e-09	2.879739e+01	1.863074e+02
4.600000e-06	3.571576e-09	1.570951e-09	2.879746e+01	1.863811e+02
4.610000e-06	3.571501e-09	1.575129e-09	2.879685e+01	1.864390e+02
4.620000e-06	3.571334e-09	1.580426e-09	2.879550e+01	1.864751e+02
4.630000e-06	3.571073e-09	1.580248e-09	2.879340e+01	1.864863e+02
4.640000e-06	3.570714e-09	1.574603e-09	2.879051e+01	1.864731e+02
4.650000e-06	3.570262e-09	1.570120e-09	2.878686e+01	1.864397e+02
4.660000e-06	3.569683e-09	1.580027e-09	2.878219e+01	1.863935e+02
4.670000e-06	3.568937e-09	1.601305e-09	2.877617e+01	1.863439e+02
4.680000e-06	3.568038e-09	1.600747e-09	2.876892e+01	1.863017e+02
4.690000e-06	3.566959e-09	1.582762e-09	2.876023e+01	1.862771e+02
4.700000e-06	3.565670e-09	1.564072e-09	2.874983e+01	1.862782e+02
4.710000e-06	3.564188e-09	1.549611e-09	2.873788e+01	1.863102e+02
4.720000e-06	3.562531e-09	1.543617e-09	2.872452e+01	1.863740e+02
4.730000e-06	3.560705e-09	1.574802e-09	2.870980e+01	1.864662e+02
4.740000e-06	3.558735e-09	1.598049e-09	2.869391e+01	1.865790e+02
4.750000e-06	3.556642e-09	1.586571e-09	2.867704e+01	1.867011e+02
4.760000e-06	3.554435e-09	1.596703e-09	2.865925e+01	1.868185e+02
4.770000e-06	3.552113e-09	1.615851e-09	2.864053e+01	1.869166e+02
4.780000e-06	3.549663e-09	1.597770e-09	2.862077e+01	1.869811e+02
4.790000e-06	3.547071e-09	1.547994e-09	2.859987e+01	1.870000e+02
4.800000e-06	3.544327e-09	1.531178e-09	2.857775e+01	1.869647e+02
4.810000e-06	3.541425e-09	1.570881e-09	2.855435e+01	1.868708e+02
4.820000e-06	3.538361e-09	1.601045e-09	2.852964e+01	1.867185e+02
4.830000e-06	3.535135e-09	1.582745e-09	2.850363e+01	1.865123e+02
4.840000e-06	3.531730e-09	1.576143e-09	2.847617e+01	1.862605e+02
4.850000e-06	3.528169e-09	1.597862e-09	2.844746e+01	1.859738e+02
4.860000e-06	3.524483e-09	1.604853e-09	2.841775e+01	1.856641e+02
4.870000e-06	3.520655e-09	1.551399e-09	2.838688e+01	1.853432e+02
4.880000e-06	3.516710e-09	1.532764e-09	2.835507e+01	1.850211e+02
4.890000e-06	3.512678e-09	1.566176e-09	2.832256e+01	1.847054e+02
4.900000e-06	3.508557e-09	1.578467e-09	2.828933e+01	1.844005e+02
4.910000e-06	3.504357e-09	1.561646e-09	2.825547e+01	1.841075e+02
4.920000e-06	3.500084e-09	1.547176e-09	2.822101e+01	1.838242e+02
4.930000e-06	3.495721e-09	1.566631e-09	2.818583e+01	1.835463e+02
4.940000e-06	3.491225e-09	1.557734e-09	2.814959e+01	1.832678e+02
4.950000e-06	3.486595e-09	1.554003e-09	2.811225e+01	1.829826e+02
4.960000e-06	3.481804e-09	1.558771e-09	2.807363e+01	1.826849e+02
4.970000e-06	3.476821e-09	1.554416e-09	2.803344e+01	1.823708e+02
4.980000e-06	3.471634e-09	1.541265e-09	2.799163e+01	1.820385e+02
4.990000e-06	3.466199e-09	1.534767e-09	2.794780e+01	1.816884e+02
5.000000e-06	3.460484e-09	1.539570e-09	2.790172e+01	1.813233e+02
5.010000e-06	3.454493e-09	1.512344e-09	2.785341e+01	1.809477e+02
5.020000e-06	3.448199e-09	1.511502e-09	2.780267e+01	1.805669e+02
5.030000e-06	3.441613e-09	1.529529e-09	2.774956e+01	1.801865e+02
5.040000e-06	3.434770e-09	1.534272e-09	2.769439e+01	1.798114e+02
5.050000e-06	3.427685e-09	1.521244e-09	2.763726e+01	1.794447e+02
5.060000e-06	3.420390e-09	1.518901e-09	2.757844e+01	1.790877e+02
5.070000e-06	3.412889e-09	1.525290e-09	2.751796e+01	1.787392e+02
5.080000e-06	3.405217e-09	1.504749e-09	2.745611e+01	1.783962e+02
5.090000e-06	3.397429e-09	1.502499e-09	2.739331e+01	1.780538e+02
5.100000e-06	3.389526e-09	1.504959e-09	2.732959e+01	1.777062e+02
5.110000e-06	3.381506e-09	1.505945e-09	2.726492e+01	1.773473e+02
5.120000e-06	3.373397e-09	1.511532e-09	2.719954e+01	1.769716e+02
5.130000e-06	3.365218e-09	1.516193e-09	2.713360e+01	1.765753e+02
5.140000e-06	3.356945e-09	1.502002e-09	2.706689e+01	1.761561e+02
5.150000e-06	3.348571e-09	1.481009e-09	2.699937e+01	1.757143e+02
5.160000e-06	3.340091e-09	1.488549e-09	2.693100e+01	1.752519e+02
5.170000e-06	3.331497e-09	1.484477e-09	2.686170e+01	1.747731e+02
5.180000e-06	3.322775e-09	1.474571e-09	2.679138e+01	1.742832e+02
5.190000e-06	3.313905e-09	1.479018e-09	2.671986e+01	1.737878e+02
5.200000e-06	3.304877e-09	1.487203e-09	2.664707e+01	1.732925e+02
5.210000e-06	3.295682e-09	1.483717e-09	2.657293e+01	1.728016e+02
5.220000e-06	3.286322e-09	1.477811e-09	2.649746e+01	1.723179e+02
5.230000e-06	3.276815e-09	1.476537e-09	2.642080e+01	1.718420e+02
5.240000e-06	3.267141e-09	1.463769e-09	2.634280e+01	1.713725e+02
5.250000e-06	3.257318e-09	1.465315e-09	2.626360e+01	1.709060e+02
5.260000e-06	3.247371e-09	1.470505e-09	2.618340e+01	1.704378e+02
5.270000e-06	3.237304e-09	1.464529e-09	2.610223e+01	1.699621e+02
5.280000e-06	3.227130e-09	1.457187e-09	2.602020e+01	1.694730e+02
5.290000e-06	3.216833e-09	1.457404e-09	2.593717e+01	1.689653e+02
5.300000e-06	3.206399e-09	1.453665e-09	2.585304e+01	1.684350e+02
5.310000e-06	3.195834e-09	1.443547e-09	2.576786e+01	1.678798e+02
5.320000e-06	3.185140e-09	1.445380e-09	2.568163e+01	1.672992e+02
5.330000e-06	3.174300e-09	1.441257e-09	2.559423e+01	1.666948e+02
5.340000e-06	3.163286e-09	1.440099e-09	2.550543e+01	1.660699e+02
5.350000e-06	3.152077e-09	1.440207e-09	2.541505e+01	1.654290e+02
5.360000e-06	3.140684e-09	1.435936e-09	2.532319e+01	1.647774e+02
5.370000e-06	3.129138e-09	1.432107e-09	2.523009e+01	1.641203e+02
5.380000e-06	3.117440e-09	1.428033e-09	2.513577e+01	1.634626e+02
5.390000e-06	3.105597e-09	1.424060e-09	2.504028e+01	1.628078e+02
5.400000e-06	3.093628e-09	1.411527e-09	2.494377e+01	1.621584e+02
5.410000e-06	3.081521e-09	1.404328e-09	2.484615e+01	1.615151e+02
5.420000e-06	3.069296e-09	1.397152e-09	2.474759e+01	1.608773e+02
5.430000e-06	3.056974e-09	1.393622e-09	2.464823e+01	1.602428e+02
5.440000e-06	3.044516e-09	1.393697e-09	2.454779e+01	1.596088e+02
5.450000e-06	3.031909e-09	1.387480e-09	2.444614e+01	1.589720e+02
5.460000e-06	3.019141e-09	1.382805e-09	2.434319e+01	1.583292e+02
5.470000e-06	3.006192e-09	1.378134e-09	2.423878e+01	1.576776e+02
5.480000e-06	2.993056e-09	1.375097e-09	2.413287e+01	1.570154e+02
5.490000e-06	2.979707e-09	1.368325e-09	2.402524e+01	1.563416e+02
5.500000e-06	2.966126e-09	1.360656e-09	2.391574e+01	1.556568e+02
5.510000e-06	2.952318e-09	1.351662e-09	2.380440e+01	1.549624e+02
5.520000e-06	2.938255e-09	1.344681e-09	2.369101e+01	1.542604e+02
5.530000e-06	2.923932e-09	1.342755e-09	2.357552e+01	1.535538e+02
5.540000e-06	2.909384e-09	1.336943e-09	2.345822e+01	1.528452e+02
5.550000e-06	2.894610e-09	1.329986e-09	2.333910e+01	1.521373e+02
5.560000e-06	2.879592e-09	1.323061e-09	2.321801e+01	1.514322e+02
5.570000e-06	2.864346e-09	1.318722e-09	2.309508e+01	1.507309e+02
5.580000e-06	2.848910e-09	1.310535e-09	2.297063e+01	1.500338e+02
5.590000e-06	2.833325e-09	1.298723e-09	2.284497e+01	1.493401e+02
5.600000e-06	2.817617e-09	1.288271e-09	2.271831e+01	1.486483e+02
5.610000e-06	2.801788e-09	1.282218e-09	2.259068e+01	1.479566e+02
5.620000e-06	2.785861e-09	1.281006e-09	2.246226e+01	1.472625e+02
5.630000e-06	2.769854e-09	1.275620e-09	2.233320e+01	1.465641e+02
5.640000e-06	2.753777e-09	1.269448e-09	2.220357e+01	1.458596e+02
5.650000e-06	2.737638e-09	1.262770e-09	2.207344e+01	1.451479e+02
5.660000e-06	2.721446e-09	1.257635e-09	2.194288e+01	1.444288e+02
5.670000e-06	2.705201e-09	1.251378e-09	2.181190e+01	1.437030e+02
5.680000e-06	2.688910e-09	1.241272e-09	2.168055e+01	1.429722e+02
5.690000e-06	2.672561e-09	1.231560e-09	2.154873e+01	1.422384e+02
5.700000e-06	2.656124e-09	1.223376e-09	2.141620e+01	1.415042e+02
5.710000e-06	2.639592e-09	1.218946e-09	2.128290e+01	1.407724e+02
5.720000e-06	2.622950e-09	1.212948e-09	2.114872e+01	1.400452e+02
5.730000e-06	2.606171e-09	1.207936e-09	2.101343e+01	1.393247e+02
5.740000e-06	2.589251e-09	1.205571e-09	2.087700e+01	1.386117e+02
5.750000e-06	2.572198e-09	1.204079e-09	2.073951e+01	1.379063e+02
5.760000e-06	2.555012e-09	1.199966e-09	2.060094e+01	1.372076e+02
5.770000e-06	2.537687e-09	1.191495e-09	2.046124e+01	1.365136e+02
5.780000e-06	2.520211e-09	1.184665e-09	2.032034e+01	1.358216e+02
5.790000e-06	2.502613e-09	1.179282e-09	2.017845e+01	1.351285e+02
5.800000e-06	2.484899e-09	1.174482e-09	2.003562e+01	1.344309e+02
5.810000e-06	2.467073e-09	1.167968e-09	1.989189e+01	1.337256e+02
5.820000e-06	2.449154e-09	1.161557e-09	1.974741e+01	1.330098e+02
5.830000e-06	2.431147e-09	1.156569e-09	1.960222e+01	1.322815e+02
5.840000e-06	2.413069e-09	1.152032e-09	1.945645e+01	1.315396e+02
5.850000e-06	2.394902e-09	1.147706e-09	1.930997e+01	1.307836e+02
5.860000e-06	2.376646e-09	1.143158e-09	1.916278e+01	1.300142e+02
5.870000e-06	2.358330e-09	1.139957e-09	1.901510e+01	1.292324e+02
5.880000e-06	2.339943e-09	1.136054e-09	1.886684e+01	1.284400e+02
5.890000e-06	2.321453e-09	1.131214e-09	1.871776e+01	1.276387e+02
5.900000e-06	2.302873e-09	1.123603e-09	1.856795e+01	1.268301e+02
5.910000e-06	2.284194e-09	1.115790e-09	1.841734e+01	1.260157e+02
5.920000e-06	2.265406e-09	1.110670e-09	1.826585e+01	1.251963e+02
5.930000e-06	2.246514e-09	1.106889e-09	1.811353e+01	1.243721e+02
5.940000e-06	2.227493e-09	1.103823e-09	1.796016e+01	1.235432e+02
5.950000e-06	2.208348e-09	1.098674e-09	1.780580e+01	1.227088e+02
5.960000e-06	2.189063e-09	1.093806e-09	1.765030e+01	1.218684e+02
5.970000e-06	2.169655e-09	1.088837e-09	1.749382e+01	1.210214e+02
5.980000e-06	2.150141e-09	1.083906e-09	1.733648e+01	1.201674e+02
5.990000e-06	2.130520e-09	1.077756e-09	1.717827e+01	1.193066e+02
6.000000e-06	2.110827e-09	1.069560e-09	1.701949e+01	1.184398e+02
6.010000e-06	2.091053e-09	1.062937e-09	1.686006e+01	1.175682e+02
6.020000e-06	2.071199e-09	1.057337e-09	1.669997e+01	1.166934e+02
6.030000e-06	2.051287e-09	1.052203e-09	1.653942e+01	1.158175e+02
6.040000e-06	2.031310e-09	1.046374e-09	1.637835e+01	1.149419e+02
6.050000e-06	2.011284e-09	1.041370e-09	1.621688e+01	1.140679e+02
6.060000e-06	1.991228e-09	1.036410e-09	1.605517e+01	1.131960e+02
6.070000e-06	1.971137e-09	1.029947e-09	1.589318e+01	1.123255e+02
6.080000e-06	1.951011e-09	1.022479e-09	1.573090e+01	1.114545e+02
6.090000e-06	1.930868e-09	1.013070e-09	1.556849e+01	1.105802e+02
6.100000e-06	1.910693e-09	1.003835e-09	1.540582e+01	1.096988e+02
6.110000e-06	1.890478e-09	9.959168e-10	1.524282e+01	1.088059e+02
6.120000e-06	1.870239e-09	9.883750e-10	1.507964e+01	1.078972e+02
6.130000e-06	1.849979e-09	9.790728e-10	1.491629e+01	1.069687e+02
6.140000e-06	1.829676e-09	9.706418e-10	1.475258e+01	1.060177e+02
6.150000e-06	1.809309e-09	9.656488e-10	1.458836e+01	1.050431e+02
6.160000e-06	1.788886e-09	9.609966e-10	1.442370e+01	1.040453e+02
6.170000e-06	1.768414e-09	9.526878e-10	1.425863e+01	1.030272e+02
6.180000e-06	1.747873e-09	9.388668e-10	1.409301e+01	1.019931e+02
6.190000e-06	1.727242e-09	9.249428e-10	1.392666e+01	1.009492e+02
6.200000e-06	1.706515e-09	9.154544e-10	1.375954e+01	9.990241e+01
6.210000e-06	1.685678e-09	9.093536e-10	1.359153e+01	9.886008e+01
6.220000e-06	1.664730e-09	9.010930e-10	1.342263e+01	9.782890e+01
6.230000e-06	1.643694e-09	8.934181e-10	1.325302e+01	9.681431e+01
6.240000e-06	1.622555e-09	8.892784e-10	1.308258e+01	9.581977e+01
6.250000e-06	1.601284e-09	8.837489e-10	1.291107e+01	9.484636e+01
6.260000e-06	1.579878e-09	8.752060e-10	1.273847e+01	9.389257e+01
6.270000e-06	1.558352e-09	8.613299e-10	1.256491e+01	9.295444e+01
6.280000e-06	1.536697e-09	8.471216e-10	1.239030e+01	9.202595e+01
6.290000e-06	1.514923e-09	8.385480e-10	1.221474e+01	9.109968e+01
6.300000e-06	1.493022e-09	8.341192e-10	1.203816e+01	9.016764e+01
6.310000e-06	1.470978e-09	8.284877e-10	1.186041e+01	8.922215e+01
6.320000e-06	1.448821e-09	8.199190e-10	1.168177e+01	8.825678e+01
6.330000e-06	1.426500e-09	8.126232e-10	1.150180e+01	8.726702e+01
6.340000e-06	1.404007e-09	8.046504e-10	1.132043e+01	8.625083e+01
6.350000e-06	1.381404e-09	7.905603e-10	1.113819e+01	8.520885e+01
6.360000e-06	1.358678e-09	7.703788e-10	1.095495e+01	8.414432e+01
6.370000e-06	1.335865e-09	7.539844e-10	1.077101e+01	8.306263e+01
6.380000e-06	1.312980e-09	7.469396e-10	1.058648e+01	8.197071e+01
6.390000e-06	1.289968e-09	7.437655e-10	1.040094e+01	8.087616e+01
6.400000e-06	1.266871e-09	7.389422e-10	1.021471e+01	7.978636e+01
6.410000e-06	1.243710e-09	7.303257e-10	1.002797e+01	7.870757e+01
6.420000e-06	1.220449e-09	7.214284e-10	9.840414e+00	7.764422e+01
6.430000e-06	1.197083e-09	7.131916e-10	9.652015e+00	7.659836e+01
6.440000e-06	1.173640e-09	7.035055e-10	9.462997e+00	7.556952e+01
6.450000e-06	1.150155e-09	6.925264e-10	9.273639e+00	7.455471e+01
6.460000e-06	1.126616e-09	6.836222e-10	9.083839e+00	7.354885e+01
6.470000e-06	1.103014e-09	6.781165e-10	8.893544e+00	7.254535e+01
6.480000e-06	1.079349e-09	6.723290e-10	8.702733e+00	7.153691e+01
6.490000e-06	1.055632e-09	6.629779e-10	8.511500e+00	7.051631e+01
6.500000e-06	1.031897e-09	6.481479e-10	8.320129e+00	6.947725e+01
6.510000e-06	1.008121e-09	6.342505e-10	8.128426e+00	6.841500e+01
6.520000e-06	9.842925e-10	6.269863e-10	7.936295e+00	6.732684e+01
6.530000e-06	9.604232e-10	6.240175e-10	7.743837e+00	6.621231e+01
6.540000e-06	9.365278e-10	6.190923e-10	7.551170e+00	6.507314e+01
6.550000e-06	9.126211e-10	6.089175e-10	7.358411e+00	6.391299e+01
6.560000e-06	8.886874e-10	5.966215e-10	7.165435e+00	6.273695e+01
6.570000e-06	8.647074e-10	5.847240e-10	6.972085e+00	6.155090e+01
6.580000e-06	8.406962e-10	5.745906e-10	6.778483e+00	6.036091e+01
6.590000e-06	8.166717e-10	5.647072e-10	6.584775e+00	5.917254e+01
6.600000e-06	7.926317e-10	5.545942e-10	6.390941e+00	5.799033e+01
6.610000e-06	7.685774e-10	5.447937e-10	6.196992e+00	5.681739e+01
6.620000e-06	7.445122e-10	5.340853e-10	6.002956e+00	5.565518e+01
6.630000e-06	7.204269e-10	5.210937e-10	5.808757e+00	5.450350e+01
6.640000e-06	6.963261e-10	5.079134e-10	5.614433e+00	5.336062e+01
6.650000e-06	6.722174e-10	4.992041e-10	5.420046e+00	5.222359e+01
6.660000e-06	6.480926e-10	4.953486e-10	5.225529e+00	5.108858e+01
6.670000e-06	6.239567e-10	4.927640e-10	5.030922e+00	4.995135e+01
6.680000e-06	5.998167e-10	4.864661e-10	4.836282e+00	4.880766e+01
6.690000e-06	5.756693e-10	4.753284e-10	4.641582e+00	4.765367e+01
6.700000e-06	5.515182e-10	4.625572e-10	4.446853e+00	4.648623e+01
6.710000e-06	5.273571e-10	4.501530e-10	4.252043e+00	4.530313e+01
6.720000e-06	5.031804e-10	4.379314e-10	4.057107e+00	4.410321e+01
6.730000e-06	4.789944e-10	4.257669e-10	3.862096e+00	4.288639e+01
6.740000e-06	4.548005e-10	4.162405e-10	3.667022e+00	4.165365e+01
6.750000e-06	4.305982e-10	4.092376e-10	3.471880e+00	4.040688e+01
6.760000e-06	4.063861e-10	4.016791e-10	3.276658e+00	3.914875e+01
6.770000e-06	3.821656e-10	3.910458e-10	3.081369e+00	3.788249e+01
6.780000e-06	3.579320e-10	3.771132e-10	2.885975e+00	3.661169e+01
6.790000e-06	3.336910e-10	3.635511e-10	2.690521e+00	3.534005e+01
6.800000e-06	3.094559e-10	3.519428e-10	2.495114e+00	3.407120e+01
6.810000e-06	2.852167e-10	3.411168e-10	2.299675e+00	3.280838e+01
6.820000e-06	2.609651e-10	3.298897e-10	2.104135e+00	3.155430e+01
6.830000e-06	2.367069e-10	3.184717e-10	1.908542e+00	3.031090e+01
6.840000e-06	2.124475e-10	3.074610e-10	1.712940e+00	2.907924e+01
6.850000e-06	1.881873e-10	2.970721e-10	1.517330e+00	2.785933e+01
6.860000e-06	1.639295e-10	2.857173e-10	1.321741e+00	2.665019e+01
6.870000e-06	1.396718e-10	2.732340e-10	1.126152e+00	2.544984e+01
6.880000e-06	1.154074e-10	2.619762e-10	9.305093e-01	2.425544e+01
6.890000e-06	9.114704e-11	2.508873e-10	7.348989e-01	2.306358e+01
6.900000e-06	6.688298e-11	2.385337e-10	5.392587e-01	2.187050e+01
6.910000e-06	4.261736e-11	2.254968e-10	3.436058e-01	2.067246e+01
6.920000e-06	1.835663e-11	2.139604e-10	1.479924e-01	1.946614e+01
6.930000e-06	-5.910923e-12	2.043623e-10	-4.767585e-02	1.824887e+01
6.940000e-06	-3.019204e-11	1.948027e-10	-2.434534e-01	1.701900e+01
6.950000e-06	-5.447819e-11	1.833845e-10	-4.392714e-01	1.577600e+01
6.960000e-06	-7.875235e-11	1.701689e-10	-6.349929e-01	1.452051e+01
6.970000e-06	-1.030139e-10	1.580474e-10	-8.306126e-01	1.325425e+01
6.980000e-06	-1.272672e-10	1.481652e-10	-1.026166e+00	1.197982e+01
6.990000e-06	-1.515269e-10	1.384276e-10	-1.221771e+00	1.070033e+01
7.000000e-06	-1.757933e-10	1.259865e-10	-1.417430e+00	9.419052e+00
7.010000e-06	-2.000466e-10	1.108424e-10	-1.612983e+00	8.138978e+00
7.020000e-06	-2.242828e-10	9.556421e-11	-1.808399e+00	6.862467e+00
7.030000e-06	-2.485206e-10	8.277005e-11	-2.003827e+00	5.590950e+00
7.040000e-06	-2.727668e-10	7.272745e-11	-2.199324e+00	4.324763e+00
7.050000e-06	-2.970091e-10	6.364421e-11	-2.394788e+00	3.063128e+00
7.060000e-06	-3.212406e-10	5.442364e-11	-2.590166e+00	1.804274e+00
7.070000e-06	-3.454630e-10	4.434047e-11	-2.785470e+00	5.456956e-01
7.080000e-06	-3.696707e-10	3.409580e-11	-2.980656e+00	-7.155070e-01
7.090000e-06	-3.938669e-10	2.371467e-11	-3.175749e+00	-1.982236e+00
7.100000e-06	-4.180672e-10	1.200997e-11	-3.370875e+00	-3.257025e+00
7.110000e-06	-4.422668e-10	1.094469e-12	-3.565995e+00	-4.541731e+00
7.120000e-06	-4.664566e-10	-8.822995e-12	-3.761037e+00	-5.837339e+00
7.130000e-06	-4.906368e-10	-2.085057e-11	-3.956001e+00	-7.143899e+00
7.140000e-06	-5.148049e-10	-3.528709e-11	-4.150867e+00	-8.460609e+00
7.150000e-06	-5.389662e-10	-4.845100e-11	-4.345679e+00	-9.786021e+00
7.160000e-06	-5.631203e-10	-5.776881e-11	-4.540432e+00	-1.111834e+01
7.170000e-06	-5.872597e-10	-6.514726e-11	-4.735068e+00	-1.245573e+01
7.180000e-06	-6.113916e-10	-7.362081e-11	-4.929642e+00	-1.379667e+01
7.190000e-06	-6.355085e-10	-8.455422e-11	-5.124096e+00	-1.514018e+01
7.200000e-06	-6.596056e-10	-9.734000e-11	-5.318389e+00	-1.648593e+01
7.210000e-06	-6.837058e-10	-1.112320e-10	-5.512708e+00	-1.783427e+01
7.220000e-06	-7.077961e-10	-1.259102e-10	-5.706948e+00	-1.918608e+01
7.230000e-06	-7.318622e-10	-1.397690e-10	-5.900992e+00	-2.054249e+01
7.240000e-06	-7.559159e-10	-1.514063e-10	-6.094935e+00	-2.190460e+01
7.250000e-06	-7.799439e-10	-1.612410e-10	-6.288672e+00	-2.327311e+01
7.260000e-06	-8.039455e-10	-1.716639e-10	-6.482196e+00	-2.464801e+01
7.270000e-06	-8.279324e-10	-1.838041e-10	-6.675602e+00	-2.602841e+01
7.280000e-06	-8.519056e-10	-1.975966e-10	-6.868896e+00	-2.741251e+01
7.290000e-06	-8.758623e-10	-2.123929e-10	-7.062059e+00	-2.879764e+01
7.300000e-06	-8.997926e-10	-2.256417e-10	-7.255007e+00	-3.018060e+01
7.310000e-06	-9.236790e-10	-2.372893e-10	-7.447602e+00	-3.155798e+01
7.320000e-06	-9.475240e-10	-2.475771e-10	-7.639864e+00	-3.292670e+01
7.330000e-06	-9.713386e-10	-2.592483e-10	-7.831880e+00	-3.428440e+01
7.340000e-06	-9.951227e-10	-2.731571e-10	-8.023650e+00	-3.562988e+01
7.350000e-06	-1.018881e-09	-2.854934e-10	-8.215211e+00	-3.696331e+01
7.360000e-06	-1.042595e-09	-2.949250e-10	-8.406419e+00	-3.828637e+01
7.370000e-06	-1.066246e-09	-3.034582e-10	-8.597112e+00	-3.960203e+01
7.380000e-06	-1.089841e-09	-3.146009e-10	-8.787355e+00	-4.091431e+01
7.390000e-06	-1.113378e-09	-3.289612e-10	-8.977134e+00	-4.222771e+01
7.400000e-06	-1.136851e-09	-3.451432e-10	-9.166397e+00	-4.354667e+01
7.410000e-06	-1.160274e-09	-3.615829e-10	-9.355260e+00	-4.487494e+01
7.420000e-06	-1.183637e-09	-3.776852e-10	-9.543632e+00	-4.621506e+01
7.430000e-06	-1.206924e-09	-3.915869e-10	-9.731395e+00	-4.756796e+01
7.440000e-06	-1.230124e-09	-4.013979e-10	-9.918454e+00	-4.893280e+01
7.450000e-06	-1.253239e-09	-4.088536e-10	-1.010483e+01	-5.030703e+01
7.460000e-06	-1.276268e-09	-4.159702e-10	-1.029051e+01	-5.168664e+01
7.470000e-06	-1.299200e-09	-4.257805e-10	-1.047541e+01	-5.306674e+01
7.480000e-06	-1.322009e-09	-4.391936e-10	-1.065931e+01	-5.444213e+01
7.490000e-06	-1.344713e-09	-4.541310e-10	-1.084238e+01	-5.580796e+01
7.500000e-06	-1.367305e-09	-4.692494e-10	-1.102453e+01	-5.716042e+01
7.510000e-06	-1.389760e-09	-4.828923e-10	-1.120559e+01	-5.849716e+01
7.520000e-06	-1.412136e-09	-4.947226e-10	-1.138601e+01	-5.981760e+01
7.530000e-06	-1.434378e-09	-5.058209e-10	-1.156534e+01	-6.112294e+01
7.540000e-06	-1.456449e-09	-5.187004e-10	-1.174330e+01	-6.241593e+01
7.550000e-06	-1.478396e-09	-5.325490e-10	-1.192026e+01	-6.370044e+01
7.560000e-06	-1.500224e-09	-5.455841e-10	-1.209625e+01	-6.498084e+01
7.570000e-06	-1.521938e-09	-5.582113e-10	-1.227133e+01	-6.626130e+01
7.580000e-06	-1.543514e-09	-5.707059e-10	-1.244530e+01	-6.754522e+01
7.590000e-06	-1.564932e-09	-5.852539e-10	-1.261799e+01	-6.883467e+01
7.600000e-06	-1.586239e-09	-5.995319e-10	-1.278978e+01	-7.013008e+01
7.610000e-06	-1.607440e-09	-6.142311e-10	-1.296073e+01	-7.143021e+01
7.620000e-06	-1.628534e-09	-6.290703e-10	-1.313081e+01	-7.273237e+01
7.630000e-06	-1.649536e-09	-6.425376e-10	-1.330015e+01	-7.403279e+01
7.640000e-06	-1.670418e-09	-6.561876e-10	-1.346852e+01	-7.532729e+01
7.650000e-06	-1.691193e-09	-6.666993e-10	-1.363603e+01	-7.661192e+01
7.660000e-06	-1.711883e-09	-6.767921e-10	-1.380285e+01	-7.788361e+01
7.670000e-06	-1.732494e-09	-6.905229e-10	-1.396904e+01	-7.914068e+01
7.680000e-06	-1.753031e-09	-7.079221e-10	-1.413463e+01	-8.038317e+01
7.690000e-06	-1.773494e-09	-7.252587e-10	-1.429961e+01	-8.161282e+01
7.700000e-06	-1.793902e-09	-7.386364e-10	-1.446416e+01	-8.283293e+01
7.710000e-06	-1.814257e-09	-7.486648e-10	-1.462828e+01	-8.404779e+01
7.720000e-06	-1.834566e-09	-7.556292e-10	-1.479203e+01	-8.526208e+01
7.730000e-06	-1.854833e-09	-7.636838e-10	-1.495545e+01	-8.648010e+01
7.740000e-06	-1.875060e-09	-7.736520e-10	-1.511854e+01	-8.770504e+01
7.750000e-06	-1.895253e-09	-7.843492e-10	-1.528135e+01	-8.893846e+01
7.760000e-06	-1.915421e-09	-7.973783e-10	-1.544396e+01	-9.017983e+01
7.770000e-06	-1.935561e-09	-8.118369e-10	-1.560635e+01	-9.142654e+01
7.780000e-06	-1.955661e-09	-8.263559e-10	-1.576842e+01	-9.267409e+01
7.790000e-06	-1.975725e-09	-8.370775e-10	-1.593019e+01	-9.391661e+01
7.800000e-06	-1.995755e-09	-8.458128e-10	-1.609169e+01	-9.514761e+01
7.810000e-06	-2.015756e-09	-8.558578e-10	-1.625296e+01	-9.636078e+01
7.820000e-06	-2.035710e-09	-8.686281e-10	-1.641385e+01	-9.755094e+01
7.830000e-06	-2.055587e-09	-8.842154e-10	-1.657412e+01	-9.871468e+01
7.840000e-06	-2.075372e-09	-8.977245e-10	-1.673365e+01	-9.985098e+01
7.850000e-06	-2.095076e-09	-9.078712e-10	-1.689252e+01	-1.009614e+02
7.860000e-06	-2.114696e-09	-9.147321e-10	-1.705071e+01	-1.020499e+02
7.870000e-06	-2.134216e-09	-9.203442e-10	-1.720810e+01	-1.031228e+02
7.880000e-06	-2.153648e-09	-9.262973e-10	-1.736478e+01	-1.041875e+02
7.890000e-06	-2.172977e-09	-9.350082e-10	-1.752063e+01	-1.052520e+02
7.900000e-06	-2.192178e-09	-9.485587e-10	-1.767545e+01	-1.063241e+02
7.910000e-06	-2.211257e-09	-9.643757e-10	-1.782928e+01	-1.074101e+02
7.920000e-06	-2.230223e-09	-9.804860e-10	-1.798220e+01	-1.085144e+02
7.930000e-06	-2.249075e-09	-9.934516e-10	-1.813420e+01	-1.096390e+02
7.940000e-06	-2.267811e-09	-1.002552e-09	-1.828527e+01	-1.107831e+02
7.950000e-06	-2.286430e-09	-1.007934e-09	-1.843539e+01	-1.119437e+02
7.960000e-06	-2.304949e-09	-1.011466e-09	-1.858471e+01	-1.131156e+02
7.970000e-06	-2.323371e-09	-1.017186e-09	-1.873325e+01	-1.142924e+02
7.980000e-06	-2.341703e-09	-1.025981e-09	-1.888106e+01	-1.154671e+02
7.990000e-06	-2.359976e-09	-1.036890e-09	-1.902839e+01	-1.166331e+02
8.000000e-06	-2.378172e-09	-1.048195e-09	-1.917510e+01	-1.177848e+02
8.010000e-06	-2.396267e-09	-1.059157e-09	-1.932101e+01	-1.189182e+02
8.020000e-06	-2.414279e-09	-1.068861e-09	-1.946623e+01	-1.200311e+02
8.030000e-06	-2.432209e-09	-1.078023e-09	-1.961080e+01	-1.211234e+02
8.040000e-06	-2.450050e-09	-1.085855e-09	-1.975465e+01	-1.221968e+02
8.050000e-06	-2.467785e-09	-1.091079e-09	-1.989765e+01	-1.232539e+02
8.060000e-06	-2.485424e-09	-1.097014e-09	-2.003987e+01	-1.242985e+02
8.070000e-06	-2.502984e-09	-1.105701e-09	-2.018146e+01	-1.253343e+02
8.080000e-06	-2.520416e-09	-1.118472e-09	-2.032201e+01	-1.263644e+02
8.090000e-06	-2.537677e-09	-1.133694e-09	-2.046118e+01	-1.273914e+02
8.100000e-06	-2.554816e-09	-1.147812e-09	-2.059938e+01	-1.284162e+02
8.110000e-06	-2.571830e-09	-1.161041e-09	-2.073656e+01	-1.294386e+02
8.120000e-06	-2.588691e-09	-1.173719e-09	-2.087251e+01	-1.304573e+02
8.130000e-06	-2.605426e-09	-1.182475e-09	-2.100744e+01	-1.314698e+02
8.140000e-06	-2.622061e-09	-1.185185e-09	-2.114157e+01	-1.324735e+02
8.150000e-06	-2.638591e-09	-1.187801e-09	-2.127485e+01	-1.334654e+02
8.160000e-06	-2.655031e-09	-1.195551e-09	-2.140741e+01	-1.344432e+02
8.170000e-06	-2.671399e-09	-1.205831e-09	-2.153938e+01	-1.354051e+02
8.180000e-06	-2.687696e-09	-1.215777e-09	-2.167078e+01	-1.363505e+02
8.190000e-06	-2.703935e-09	-1.226515e-09	-2.180172e+01	-1.372800e+02
8.200000e-06	-2.720116e-09	-1.238407e-09	-2.193218e+01	-1.381950e+02
8.210000e-06	-2.736240e-09	-1.251058e-09	-2.206219e+01	-1.390978e+02
8.220000e-06	-2.752298e-09	-1.263239e-09	-2.219167e+01	-1.399913e+02
8.230000e-06	-2.768284e-09	-1.271050e-09	-2.232056e+01	-1.408783e+02
8.240000e-06	-2.784178e-09	-1.273987e-09	-2.244871e+01	-1.417618e+02
8.250000e-06	-2.799961e-09	-1.278133e-09	-2.257597e+01	-1.426438e+02
8.260000e-06	-2.815612e-09	-1.287804e-09	-2.270216e+01	-1.435259e+02
8.270000e-06	-2.831107e-09	-1.300392e-09	-2.282709e+01	-1.444086e+02
8.280000e-06	-2.846429e-09	-1.309860e-09	-2.295064e+01	-1.452919e+02
8.290000e-06	-2.861549e-09	-1.314841e-09	-2.307255e+01	-1.461746e+02
8.300000e-06	-2.876466e-09	-1.322728e-09	-2.319283e+01	-1.470549e+02
8.310000e-06	-2.891147e-09	-1.335400e-09	-2.331120e+01	-1.479310e+02
8.320000e-06	-2.905543e-09	-1.345653e-09	-2.342727e+01	-1.488003e+02
8.330000e-06	-2.919698e-09	-1.351678e-09	-2.354140e+01	-1.496605e+02
8.340000e-06	-2.933654e-09	-1.358280e-09	-2.365393e+01	-1.505093e+02
8.350000e-06	-2.947410e-09	-1.369880e-09	-2.376484e+01	-1.513447e+02
8.360000e-06	-2.960945e-09	-1.382994e-09	-2.387397e+01	-1.521651e+02
8.370000e-06	-2.974268e-09	-1.389775e-09	-2.398139e+01	-1.529689e+02
8.380000e-06	-2.987407e-09	-1.391686e-09	-2.408733e+01	-1.537554e+02
8.390000e-06	-3.000348e-09	-1.396166e-09	-2.419167e+01	-1.545238e+02
8.400000e-06	-3.013090e-09	-1.404889e-09	-2.429442e+01	-1.552740e+02
8.410000e-06	-3.025683e-09	-1.412863e-09	-2.439595e+01	-1.560064e+02
8.420000e-06	-3.038152e-09	-1.418447e-09	-2.449649e+01	-1.567218e+02
8.430000e-06	-3.050491e-09	-1.425344e-09	-2.459598e+01	-1.574215e+02
8.440000e-06	-3.062718e-09	-1.435441e-09	-2.469456e+01	-1.581074e+02
8.450000e-06	-3.074831e-09	-1.446006e-09	-2.479223e+01	-1.587816e+02
8.460000e-06	-3.086816e-09	-1.450296e-09	-2.488886e+01	-1.594468e+02
8.470000e-06	-3.098663e-09	-1.448901e-09	-2.498438e+01	-1.601057e+02
8.480000e-06	-3.110378e-09	-1.448761e-09	-2.507884e+01	-1.607610e+02
8.490000e-06	-3.121966e-09	-1.452917e-09	-2.517227e+01	-1.614150e+02
8.500000e-06	-3.133401e-09	-1.460776e-09	-2.526448e+01	-1.620696e+02
8.510000e-06	-3.144673e-09	-1.470694e-09	-2.535536e+01	-1.627257e+02
8.520000e-06	-3.155777e-09	-1.481119e-09	-2.544489e+01	-1.633834e+02
8.530000e-06	-3.166720e-09	-1.491259e-09	-2.553313e+01	-1.640416e+02
8.540000e-06	-3.177498e-09	-1.497305e-09	-2.562003e+01	-1.646985e+02
8.550000e-06	-3.188119e-09	-1.494740e-09	-2.570567e+01	-1.653514e+02
8.560000e-06	-3.198618e-09	-1.487424e-09	-2.579032e+01	-1.659971e+02
8.570000e-06	-3.208992e-09	-1.484247e-09	-2.587396e+01	-1.666324e+02
8.580000e-06	-3.219227e-09	-1.489533e-09	-2.595649e+01	-1.672543e+02
8.590000e-06	-3.229352e-09	-1.500222e-09	-2.603812e+01	-1.678605e+02
8.600000e-06	-3.239370e-09	-1.512943e-09	-2.611890e+01	-1.684498e+02
8.610000e-06	-3.249258e-09	-1.524757e-09	-2.619863e+01	-1.690219e+02
8.620000e-06	-3.259024e-09	-1.532347e-09	-2.627737e+01	-1.695779e+02
8.630000e-06	-3.268643e-09	-1.532939e-09	-2.635493e+01	-1.701198e+02
8.640000e-06	-3.278088e-09	-1.526268e-09	-2.643108e+01	-1.706506e+02
8.650000e-06	-3.287386e-09	-1.520244e-09	-2.650605e+01	-1.711732e+02
8.660000e-06	-3.296535e-09	-1.521613e-09	-2.657981e+01	-1.716911e+02
8.670000e-06	-3.305501e-09	-1.529163e-09	-2.665211e+01	-1.722067e+02
8.680000e-06	-3.314300e-09	-1.539110e-09	-2.672306e+01	-1.727221e+02
8.690000e-06	-3.322945e-09	-1.547387e-09	-2.679276e+01	-1.732380e+02
8.700000e-06	-3.331468e-09	-1.553334e-09	-2.686148e+01	-1.737539e+02
8.710000e-06	-3.339903e-09	-1.556450e-09	-2.692949e+01	-1.742686e+02
8.720000e-06	-3.348236e-09	-1.557311e-09	-2.699668e+01	-1.747796e+02
8.730000e-06	-3.356483e-09	-1.556849e-09	-2.706318e+01	-1.752845e+02
8.740000e-06	-3.364673e-09	-1.556718e-09	-2.712921e+01	-1.757803e+02
8.750000e-06	-3.372794e-09	-1.560122e-09	-2.719469e+01	-1.762647e+02
8.760000e-06	-3.380831e-09	-1.568185e-09	-2.725949e+01	-1.767359e+02
8.770000e-06	-3.388762e-09	-1.578015e-09	-2.732344e+01	-1.771932e+02
8.780000e-06	-3.396567e-09	-1.582946e-09	-2.738637e+01	-1.776364e+02
8.790000e-06	-3.404233e-09	-1.584280e-09	-2.744818e+01	-1.780664e+02
8.800000e-06	-3.411742e-09	-1.586163e-09	-2.750872e+01	-1.784843e+02
8.810000e-06	-3.419075e-09	-1.589120e-09	-2.756785e+01	-1.788913e+02
8.820000e-06	-3.426205e-09	-1.591835e-09	-2.762534e+01	-1.792882e+02
8.830000e-06	-3.433108e-09	-1.594209e-09	-2.768100e+01	-1.796751e+02
8.840000e-06	-3.439760e-09	-1.598565e-09	-2.773463e+01	-1.800512e+02
8.850000e-06	-3.446149e-09	-1.604105e-09	-2.778615e+01	-1.804143e+02
8.860000e-06	-3.452272e-09	-1.609848e-09	-2.783551e+01	-1.807616e+02
8.870000e-06	-3.458124e-09	-1.613939e-09	-2.788270e+01	-1.810896e+02
8.880000e-06	-3.463690e-09	-1.615989e-09	-2.792757e+01	-1.813950e+02
8.890000e-06	-3.468987e-09	-1.618356e-09	-2.797028e+01	-1.816746e+02
8.900000e-06	-3.474056e-09	-1.621574e-09	-2.801116e+01	-1.819269e+02
8.910000e-06	-3.478929e-09	-1.625555e-09	-2.805045e+01	-1.821519e+02
8.920000e-06	-3.483645e-09	-1.629210e-09	-2.808847e+01	-1.823514e+02
8.930000e-06	-3.488203e-09	-1.631427e-09	-2.812522e+01	-1.825298e+02
8.940000e-06	-3.492626e-09	-1.632405e-09	-2.816089e+01	-1.826930e+02
8.950000e-06	-3.496966e-09	-1.634124e-09	-2.819588e+01	-1.828482e+02
8.960000e-06	-3.501230e-09	-1.636308e-09	-2.823026e+01	-1.830034e+02
8.970000e-06	-3.505408e-09	-1.637400e-09	-2.826394e+01	-1.831661e+02
8.980000e-06	-3.509513e-09	-1.638820e-09	-2.829704e+01	-1.833424e+02
8.990000e-06	-3.513538e-09	-1.640999e-09	-2.832950e+01	-1.835364e+02
9.000000e-06	-3.517456e-09	-1.643947e-09	-2.836109e+01	-1.837493e+02
9.010000e-06	-3.521266e-09	-1.647026e-09	-2.839181e+01	-1.839790e+02
9.020000e-06	-3.524948e-09	-1.649390e-09	-2.842149e+01	-1.842208e+02
9.030000e-06	-3.528466e-09	-1.650566e-09	-2.844986e+01	-1.844670e+02
9.040000e-06	-3.531808e-09	-1.651541e-09	-2.847681e+01	-1.847085e+02
9.050000e-06	-3.534987e-09	-1.655080e-09	-2.850244e+01	-1.849354e+02
9.060000e-06	-3.537998e-09	-1.660095e-09	-2.852672e+01	-1.851385e+02
9.070000e-06	-3.540840e-09	-1.663151e-09	-2.854963e+01	-1.853103e+02
9.080000e-06	-3.543530e-09	-1.662924e-09	-2.857132e+01	-1.854459e+02
9.090000e-06	-3.546066e-09	-1.660464e-09	-2.859177e+01	-1.855440e+02
9.100000e-06	-3.548461e-09	-1.658364e-09	-2.861108e+01	-1.856067e+02
9.110000e-06	-3.550733e-09	-1.657194e-09	-2.862940e+01	-1.856394e+02
9.120000e-06	-3.552893e-09	-1.657169e-09	-2.864681e+01	-1.856503e+02
9.130000e-06	-3.554935e-09	-1.658209e-09	-2.866328e+01	-1.856490e+02
9.140000e-06	-3.556805e-09	-1.658899e-09	-2.867835e+01	-1.856457e+02
9.150000e-06	-3.558449e-09	-1.658925e-09	-2.869161e+01	-1.856494e+02
9.160000e-06	-3.559915e-09	-1.657858e-09	-2.870344e+01	-1.856671e+02
9.170000e-06	-3.561253e-09	-1.655531e-09	-2.871422e+01	-1.857029e+02
9.180000e-06	-3.562430e-09	-1.653658e-09	-2.872371e+01	-1.857573e+02
9.190000e-06	-3.563442e-09	-1.654089e-09	-2.873187e+01	-1.858275e+02
9.200000e-06	-3.564302e-09	-1.654881e-09	-2.873881e+01	-1.859074e+02
9.210000e-06	-3.565017e-09	-1.653235e-09	-2.874457e+01	-1.859894e+02
9.220000e-06	-3.565600e-09	-1.651096e-09	-2.874927e+01	-1.860646e+02
9.230000e-06	-3.566068e-09	-1.651131e-09	-2.875305e+01	-1.861249e+02
9.240000e-06	-3.566450e-09	-1.653039e-09	-2.875612e+01	-1.861641e+02
