# Temperatura_=_20.0
# Concentracion g/m^3_=_10770.0
# C_Vs_to_Am_M_A/Vsm_=_25649819763.59163
# pendiente_HvsI_1/m_=_3716.3
# ordenada_HvsI_A/m_=_1297.0
# frecuencia_Hz_=_108084.83564490694
# Promedio de 27 ciclos

Tiempo_(s)	Campo_(V.s)	Magnetizacion_(V.s)	Campo_(kA/m)	Magnetizacion_(A/m)
0.000000e+00	-3.552132e-09	-8.533201e-09	-3.024287e+01	-2.213377e+02
1.000000e-08	-3.552309e-09	-8.542973e-09	-3.024438e+01	-2.213386e+02
2.000000e-08	-3.552394e-09	-8.540004e-09	-3.024510e+01	-2.213407e+02
3.000000e-08	-3.552395e-09	-8.530975e-09	-3.024511e+01	-2.213458e+02
4.000000e-08	-3.552318e-09	-8.534607e-09	-3.024446e+01	-2.213531e+02
5.000000e-08	-3.552116e-09	-8.519684e-09	-3.024274e+01	-2.213591e+02
6.000000e-08	-3.551758e-09	-8.424536e-09	-3.023969e+01	-2.213574e+02
7.000000e-08	-3.551241e-09	-8.337026e-09	-3.023528e+01	-2.213398e+02
8.000000e-08	-3.550556e-09	-8.487994e-09	-3.022945e+01	-2.212973e+02
9.000000e-08	-3.549666e-09	-8.748912e-09	-3.022188e+01	-2.212209e+02
1.000000e-07	-3.548561e-09	-8.765885e-09	-3.021247e+01	-2.211038e+02
1.100000e-07	-3.547256e-09	-8.689960e-09	-3.020136e+01	-2.209416e+02
1.200000e-07	-3.545712e-09	-8.690368e-09	-3.018821e+01	-2.207340e+02
1.300000e-07	-3.543909e-09	-8.488054e-09	-3.017286e+01	-2.204849e+02
1.400000e-07	-3.541869e-09	-8.301331e-09	-3.015549e+01	-2.202023e+02
1.500000e-07	-3.539541e-09	-8.514840e-09	-3.013567e+01	-2.198981e+02
1.600000e-07	-3.536895e-09	-8.625473e-09	-3.011315e+01	-2.195866e+02
1.700000e-07	-3.533983e-09	-8.422804e-09	-3.008835e+01	-2.192832e+02
1.800000e-07	-3.530829e-09	-8.459395e-09	-3.006150e+01	-2.190029e+02
1.900000e-07	-3.527463e-09	-8.728517e-09	-3.003284e+01	-2.187584e+02
2.000000e-07	-3.523926e-09	-8.722104e-09	-3.000272e+01	-2.185589e+02
2.100000e-07	-3.520271e-09	-8.524956e-09	-2.997161e+01	-2.184085e+02
2.200000e-07	-3.516523e-09	-8.594339e-09	-2.993970e+01	-2.183064e+02
2.300000e-07	-3.512668e-09	-8.780753e-09	-2.990688e+01	-2.182464e+02
2.400000e-07	-3.508726e-09	-8.707446e-09	-2.987332e+01	-2.182178e+02
2.500000e-07	-3.504719e-09	-8.581574e-09	-2.983920e+01	-2.182067e+02
2.600000e-07	-3.500644e-09	-8.722184e-09	-2.980451e+01	-2.181971e+02
2.700000e-07	-3.496488e-09	-8.839178e-09	-2.976912e+01	-2.181734e+02
2.800000e-07	-3.492228e-09	-8.675366e-09	-2.973285e+01	-2.181213e+02
2.900000e-07	-3.487847e-09	-8.583941e-09	-2.969555e+01	-2.180301e+02
3.000000e-07	-3.483322e-09	-8.677429e-09	-2.965702e+01	-2.178930e+02
3.100000e-07	-3.478621e-09	-8.656510e-09	-2.961700e+01	-2.177081e+02
3.200000e-07	-3.473735e-09	-8.576842e-09	-2.957540e+01	-2.174782e+02
3.300000e-07	-3.468677e-09	-8.712781e-09	-2.953233e+01	-2.172104e+02
3.400000e-07	-3.463448e-09	-8.836129e-09	-2.948781e+01	-2.169143e+02
3.500000e-07	-3.458036e-09	-8.663631e-09	-2.944174e+01	-2.166017e+02
3.600000e-07	-3.452451e-09	-8.518010e-09	-2.939419e+01	-2.162840e+02
3.700000e-07	-3.446714e-09	-8.601662e-09	-2.934534e+01	-2.159717e+02
3.800000e-07	-3.440845e-09	-8.605746e-09	-2.929538e+01	-2.156723e+02
3.900000e-07	-3.434837e-09	-8.470429e-09	-2.924422e+01	-2.153903e+02
4.000000e-07	-3.428662e-09	-8.539322e-09	-2.919165e+01	-2.151265e+02
4.100000e-07	-3.422341e-09	-8.703298e-09	-2.913783e+01	-2.148782e+02
4.200000e-07	-3.415879e-09	-8.605634e-09	-2.908281e+01	-2.146400e+02
4.300000e-07	-3.409257e-09	-8.462293e-09	-2.902644e+01	-2.144043e+02
4.400000e-07	-3.402478e-09	-8.504145e-09	-2.896872e+01	-2.141630e+02
4.500000e-07	-3.395530e-09	-8.487183e-09	-2.890956e+01	-2.139083e+02
4.600000e-07	-3.388403e-09	-8.368288e-09	-2.884889e+01	-2.136337e+02
4.700000e-07	-3.381124e-09	-8.422817e-09	-2.878691e+01	-2.133347e+02
4.800000e-07	-3.373700e-09	-8.520912e-09	-2.872370e+01	-2.130095e+02
4.900000e-07	-3.366132e-09	-8.437599e-09	-2.865927e+01	-2.126583e+02
5.000000e-07	-3.358452e-09	-8.383314e-09	-2.859388e+01	-2.122837e+02
5.100000e-07	-3.350680e-09	-8.427595e-09	-2.852771e+01	-2.118895e+02
5.200000e-07	-3.342813e-09	-8.354659e-09	-2.846073e+01	-2.114800e+02
5.300000e-07	-3.334848e-09	-8.243013e-09	-2.839292e+01	-2.110593e+02
5.400000e-07	-3.326784e-09	-8.297671e-09	-2.832426e+01	-2.106305e+02
5.500000e-07	-3.318645e-09	-8.346242e-09	-2.825496e+01	-2.101951e+02
5.600000e-07	-3.310423e-09	-8.270221e-09	-2.818496e+01	-2.097526e+02
5.700000e-07	-3.302073e-09	-8.248407e-09	-2.811387e+01	-2.093010e+02
5.800000e-07	-3.293573e-09	-8.273330e-09	-2.804150e+01	-2.088368e+02
5.900000e-07	-3.284913e-09	-8.211871e-09	-2.796777e+01	-2.083559e+02
6.000000e-07	-3.276073e-09	-8.147631e-09	-2.789250e+01	-2.078539e+02
6.100000e-07	-3.267037e-09	-8.163694e-09	-2.781557e+01	-2.073272e+02
6.200000e-07	-3.257760e-09	-8.151964e-09	-2.773659e+01	-2.067734e+02
6.300000e-07	-3.248235e-09	-8.115197e-09	-2.765550e+01	-2.061921e+02
6.400000e-07	-3.238482e-09	-8.124172e-09	-2.757245e+01	-2.055845e+02
6.500000e-07	-3.228454e-09	-8.106804e-09	-2.748708e+01	-2.049538e+02
6.600000e-07	-3.218179e-09	-8.049048e-09	-2.739960e+01	-2.043045e+02
6.700000e-07	-3.207658e-09	-8.027005e-09	-2.731002e+01	-2.036419e+02
6.800000e-07	-3.196877e-09	-8.025613e-09	-2.721823e+01	-2.029718e+02
6.900000e-07	-3.185863e-09	-7.990661e-09	-2.712446e+01	-2.022990e+02
7.000000e-07	-3.174647e-09	-7.958686e-09	-2.702896e+01	-2.016275e+02
7.100000e-07	-3.163275e-09	-7.944214e-09	-2.693214e+01	-2.009595e+02
7.200000e-07	-3.151756e-09	-7.915529e-09	-2.683407e+01	-2.002954e+02
7.300000e-07	-3.140090e-09	-7.883772e-09	-2.673474e+01	-1.996339e+02
7.400000e-07	-3.128274e-09	-7.854837e-09	-2.663415e+01	-1.989724e+02
7.500000e-07	-3.116317e-09	-7.827370e-09	-2.653234e+01	-1.983072e+02
7.600000e-07	-3.104250e-09	-7.809382e-09	-2.642960e+01	-1.976343e+02
7.700000e-07	-3.092076e-09	-7.798114e-09	-2.632596e+01	-1.969500e+02
7.800000e-07	-3.079777e-09	-7.772670e-09	-2.622124e+01	-1.962513e+02
7.900000e-07	-3.067334e-09	-7.734899e-09	-2.611530e+01	-1.955365e+02
8.000000e-07	-3.054725e-09	-7.702973e-09	-2.600795e+01	-1.948054e+02
8.100000e-07	-3.041972e-09	-7.674750e-09	-2.589937e+01	-1.940590e+02
8.200000e-07	-3.029097e-09	-7.648065e-09	-2.578975e+01	-1.932997e+02
8.300000e-07	-3.016058e-09	-7.617227e-09	-2.567874e+01	-1.925303e+02
8.400000e-07	-3.002828e-09	-7.590475e-09	-2.556610e+01	-1.917542e+02
8.500000e-07	-2.989450e-09	-7.575649e-09	-2.545220e+01	-1.909744e+02
8.600000e-07	-2.975943e-09	-7.556959e-09	-2.533720e+01	-1.901931e+02
8.700000e-07	-2.962299e-09	-7.522010e-09	-2.522103e+01	-1.894115e+02
8.800000e-07	-2.948517e-09	-7.481278e-09	-2.510370e+01	-1.886297e+02
8.900000e-07	-2.934612e-09	-7.445217e-09	-2.498531e+01	-1.878466e+02
9.000000e-07	-2.920577e-09	-7.406143e-09	-2.486581e+01	-1.870601e+02
9.100000e-07	-2.906396e-09	-7.371371e-09	-2.474508e+01	-1.862677e+02
9.200000e-07	-2.892048e-09	-7.347784e-09	-2.462292e+01	-1.854665e+02
9.300000e-07	-2.877524e-09	-7.328243e-09	-2.449926e+01	-1.846540e+02
9.400000e-07	-2.862867e-09	-7.304235e-09	-2.437448e+01	-1.838286e+02
9.500000e-07	-2.848036e-09	-7.273717e-09	-2.424820e+01	-1.829892e+02
9.600000e-07	-2.832979e-09	-7.239958e-09	-2.412000e+01	-1.821361e+02
9.700000e-07	-2.817726e-09	-7.201814e-09	-2.399014e+01	-1.812704e+02
9.800000e-07	-2.802288e-09	-7.162866e-09	-2.385870e+01	-1.803940e+02
9.900000e-07	-2.786672e-09	-7.125097e-09	-2.372575e+01	-1.795092e+02
1.000000e-06	-2.770891e-09	-7.089857e-09	-2.359139e+01	-1.786184e+02
1.010000e-06	-2.754892e-09	-7.057501e-09	-2.345517e+01	-1.777238e+02
1.020000e-06	-2.738705e-09	-7.026177e-09	-2.331736e+01	-1.768267e+02
1.030000e-06	-2.722383e-09	-6.993174e-09	-2.317839e+01	-1.759277e+02
1.040000e-06	-2.705897e-09	-6.956613e-09	-2.303803e+01	-1.750263e+02
1.050000e-06	-2.689276e-09	-6.920448e-09	-2.289652e+01	-1.741214e+02
1.060000e-06	-2.672520e-09	-6.881011e-09	-2.275385e+01	-1.732110e+02
1.070000e-06	-2.655651e-09	-6.839581e-09	-2.261024e+01	-1.722929e+02
1.080000e-06	-2.638692e-09	-6.802224e-09	-2.246585e+01	-1.713651e+02
1.090000e-06	-2.621621e-09	-6.768542e-09	-2.232050e+01	-1.704257e+02
1.100000e-06	-2.604454e-09	-6.734896e-09	-2.217434e+01	-1.694736e+02
1.110000e-06	-2.587228e-09	-6.698450e-09	-2.202768e+01	-1.685087e+02
1.120000e-06	-2.569932e-09	-6.661104e-09	-2.188043e+01	-1.675317e+02
1.130000e-06	-2.552523e-09	-6.621984e-09	-2.173220e+01	-1.665440e+02
1.140000e-06	-2.535004e-09	-6.580872e-09	-2.158305e+01	-1.655480e+02
1.150000e-06	-2.517420e-09	-6.539448e-09	-2.143333e+01	-1.645460e+02
1.160000e-06	-2.499760e-09	-6.501776e-09	-2.128298e+01	-1.635406e+02
1.170000e-06	-2.482006e-09	-6.468064e-09	-2.113183e+01	-1.625339e+02
1.180000e-06	-2.464148e-09	-6.429947e-09	-2.097978e+01	-1.615273e+02
1.190000e-06	-2.446198e-09	-6.384688e-09	-2.082695e+01	-1.605215e+02
1.200000e-06	-2.428165e-09	-6.336797e-09	-2.067342e+01	-1.595164e+02
1.210000e-06	-2.410018e-09	-6.292186e-09	-2.051892e+01	-1.585107e+02
1.220000e-06	-2.391750e-09	-6.253587e-09	-2.036339e+01	-1.575027e+02
1.230000e-06	-2.373367e-09	-6.218250e-09	-2.020687e+01	-1.564904e+02
1.240000e-06	-2.354845e-09	-6.182101e-09	-2.004918e+01	-1.554714e+02
1.250000e-06	-2.336183e-09	-6.145063e-09	-1.989028e+01	-1.544438e+02
1.260000e-06	-2.317397e-09	-6.106105e-09	-1.973034e+01	-1.534059e+02
1.270000e-06	-2.298480e-09	-6.060915e-09	-1.956928e+01	-1.523568e+02
1.280000e-06	-2.279438e-09	-6.012664e-09	-1.940716e+01	-1.512964e+02
1.290000e-06	-2.260263e-09	-5.968536e-09	-1.924390e+01	-1.502250e+02
1.300000e-06	-2.240964e-09	-5.932721e-09	-1.907959e+01	-1.491438e+02
1.310000e-06	-2.221569e-09	-5.899994e-09	-1.891446e+01	-1.480542e+02
1.320000e-06	-2.202068e-09	-5.860265e-09	-1.874843e+01	-1.469581e+02
1.330000e-06	-2.182450e-09	-5.814077e-09	-1.858140e+01	-1.458570e+02
1.340000e-06	-2.162739e-09	-5.768501e-09	-1.841358e+01	-1.447522e+02
1.350000e-06	-2.142977e-09	-5.724668e-09	-1.824533e+01	-1.436449e+02
1.360000e-06	-2.123167e-09	-5.680775e-09	-1.807666e+01	-1.425354e+02
1.370000e-06	-2.103308e-09	-5.638257e-09	-1.790758e+01	-1.414240e+02
1.380000e-06	-2.083408e-09	-5.594642e-09	-1.773816e+01	-1.403102e+02
1.390000e-06	-2.063475e-09	-5.550287e-09	-1.756845e+01	-1.391934e+02
1.400000e-06	-2.043508e-09	-5.507587e-09	-1.739845e+01	-1.380728e+02
1.410000e-06	-2.023507e-09	-5.463099e-09	-1.722816e+01	-1.369479e+02
1.420000e-06	-2.003476e-09	-5.418870e-09	-1.705761e+01	-1.358179e+02
1.430000e-06	-1.983417e-09	-5.378630e-09	-1.688683e+01	-1.346826e+02
1.440000e-06	-1.963320e-09	-5.340092e-09	-1.671573e+01	-1.335419e+02
1.450000e-06	-1.943178e-09	-5.299843e-09	-1.654423e+01	-1.323958e+02
1.460000e-06	-1.922978e-09	-5.258719e-09	-1.637225e+01	-1.312448e+02
1.470000e-06	-1.902719e-09	-5.213029e-09	-1.619977e+01	-1.300893e+02
1.480000e-06	-1.882394e-09	-5.159244e-09	-1.602672e+01	-1.289296e+02
1.490000e-06	-1.862000e-09	-5.107386e-09	-1.585309e+01	-1.277659e+02
1.500000e-06	-1.841538e-09	-5.062086e-09	-1.567887e+01	-1.265985e+02
1.510000e-06	-1.820981e-09	-5.018577e-09	-1.550385e+01	-1.254272e+02
1.520000e-06	-1.800329e-09	-4.977125e-09	-1.532802e+01	-1.242518e+02
1.530000e-06	-1.779592e-09	-4.940332e-09	-1.515146e+01	-1.230718e+02
1.540000e-06	-1.758746e-09	-4.900669e-09	-1.497398e+01	-1.218868e+02
1.550000e-06	-1.737803e-09	-4.851375e-09	-1.479567e+01	-1.206964e+02
1.560000e-06	-1.716763e-09	-4.797519e-09	-1.461654e+01	-1.195003e+02
1.570000e-06	-1.695625e-09	-4.739945e-09	-1.443657e+01	-1.182982e+02
1.580000e-06	-1.674406e-09	-4.683904e-09	-1.425591e+01	-1.170903e+02
1.590000e-06	-1.653089e-09	-4.637911e-09	-1.407442e+01	-1.158768e+02
1.600000e-06	-1.631664e-09	-4.598544e-09	-1.389201e+01	-1.146581e+02
1.610000e-06	-1.610166e-09	-4.557300e-09	-1.370897e+01	-1.134345e+02
1.620000e-06	-1.588600e-09	-4.512515e-09	-1.352536e+01	-1.122067e+02
1.630000e-06	-1.566958e-09	-4.468199e-09	-1.334110e+01	-1.109750e+02
1.640000e-06	-1.545247e-09	-4.422122e-09	-1.315625e+01	-1.097396e+02
1.650000e-06	-1.523486e-09	-4.370939e-09	-1.297098e+01	-1.085007e+02
1.660000e-06	-1.501670e-09	-4.316947e-09	-1.278524e+01	-1.072582e+02
1.670000e-06	-1.479799e-09	-4.266317e-09	-1.259902e+01	-1.060118e+02
1.680000e-06	-1.457887e-09	-4.218755e-09	-1.241246e+01	-1.047612e+02
1.690000e-06	-1.435915e-09	-4.168085e-09	-1.222540e+01	-1.035060e+02
1.700000e-06	-1.413885e-09	-4.116958e-09	-1.203784e+01	-1.022460e+02
1.710000e-06	-1.391819e-09	-4.067160e-09	-1.184996e+01	-1.009807e+02
1.720000e-06	-1.369701e-09	-4.020030e-09	-1.166165e+01	-9.971009e+01
1.730000e-06	-1.347521e-09	-3.975924e-09	-1.147281e+01	-9.843419e+01
1.740000e-06	-1.325287e-09	-3.926946e-09	-1.128351e+01	-9.715312e+01
1.750000e-06	-1.303012e-09	-3.872945e-09	-1.109386e+01	-9.586708e+01
1.760000e-06	-1.280692e-09	-3.819973e-09	-1.090383e+01	-9.457631e+01
1.770000e-06	-1.258319e-09	-3.768626e-09	-1.071335e+01	-9.328104e+01
1.780000e-06	-1.235889e-09	-3.715576e-09	-1.052238e+01	-9.198138e+01
1.790000e-06	-1.213399e-09	-3.661057e-09	-1.033089e+01	-9.067735e+01
1.800000e-06	-1.190843e-09	-3.604804e-09	-1.013885e+01	-8.936884e+01
1.810000e-06	-1.168222e-09	-3.552116e-09	-9.946261e+00	-8.805565e+01
1.820000e-06	-1.145534e-09	-3.507177e-09	-9.753093e+00	-8.673751e+01
1.830000e-06	-1.122817e-09	-3.459760e-09	-9.559685e+00	-8.541414e+01
1.840000e-06	-1.100068e-09	-3.406987e-09	-9.366000e+00	-8.408535e+01
1.850000e-06	-1.077232e-09	-3.353669e-09	-9.171574e+00	-8.275105e+01
1.860000e-06	-1.054313e-09	-3.300623e-09	-8.976437e+00	-8.141133e+01
1.870000e-06	-1.031338e-09	-3.245808e-09	-8.780830e+00	-8.006643e+01
1.880000e-06	-1.008333e-09	-3.190102e-09	-8.584964e+00	-7.871677e+01
1.890000e-06	-9.852636e-10	-3.136704e-09	-8.388551e+00	-7.736286e+01
1.900000e-06	-9.621329e-10	-3.086701e-09	-8.191616e+00	-7.600526e+01
1.910000e-06	-9.389535e-10	-3.039497e-09	-7.994267e+00	-7.464447e+01
1.920000e-06	-9.157343e-10	-2.989872e-09	-7.796578e+00	-7.328092e+01
1.930000e-06	-8.924799e-10	-2.937356e-09	-7.598590e+00	-7.191484e+01
1.940000e-06	-8.691676e-10	-2.883522e-09	-7.400109e+00	-7.054629e+01
1.950000e-06	-8.458091e-10	-2.827679e-09	-7.201234e+00	-6.917515e+01
1.960000e-06	-8.224015e-10	-2.772340e-09	-7.001942e+00	-6.780117e+01
1.970000e-06	-7.989369e-10	-2.719012e-09	-6.802164e+00	-6.642400e+01
1.980000e-06	-7.754397e-10	-2.667052e-09	-6.602109e+00	-6.504337e+01
1.990000e-06	-7.519219e-10	-2.613417e-09	-6.401878e+00	-6.365907e+01
2.000000e-06	-7.283662e-10	-2.557439e-09	-6.201325e+00	-6.227109e+01
2.010000e-06	-7.047713e-10	-2.499235e-09	-6.000437e+00	-6.087967e+01
2.020000e-06	-6.811413e-10	-2.443035e-09	-5.799252e+00	-5.948526e+01
2.030000e-06	-6.574947e-10	-2.394121e-09	-5.597924e+00	-5.808850e+01
2.040000e-06	-6.338376e-10	-2.347168e-09	-5.396507e+00	-5.669017e+01
2.050000e-06	-6.101452e-10	-2.293983e-09	-5.194791e+00	-5.529104e+01
2.060000e-06	-5.864340e-10	-2.235560e-09	-4.992913e+00	-5.389177e+01
2.070000e-06	-5.627245e-10	-2.178475e-09	-4.791050e+00	-5.249282e+01
2.080000e-06	-5.390038e-10	-2.123592e-09	-4.589092e+00	-5.109430e+01
2.090000e-06	-5.152591e-10	-2.072865e-09	-4.386929e+00	-4.969600e+01
2.100000e-06	-4.914968e-10	-2.023878e-09	-4.184617e+00	-4.829733e+01
2.110000e-06	-4.677378e-10	-1.970175e-09	-3.982333e+00	-4.689740e+01
2.120000e-06	-4.439574e-10	-1.916566e-09	-3.779866e+00	-4.549513e+01
2.130000e-06	-4.201454e-10	-1.864086e-09	-3.577131e+00	-4.408938e+01
2.140000e-06	-3.963313e-10	-1.804450e-09	-3.374377e+00	-4.267911e+01
2.150000e-06	-3.725202e-10	-1.736493e-09	-3.171650e+00	-4.126351e+01
2.160000e-06	-3.486904e-10	-1.673009e-09	-2.968763e+00	-3.984212e+01
2.170000e-06	-3.248301e-10	-1.624798e-09	-2.765615e+00	-3.841492e+01
2.180000e-06	-3.009641e-10	-1.583400e-09	-2.562420e+00	-3.698229e+01
2.190000e-06	-2.770955e-10	-1.533853e-09	-2.359203e+00	-3.554504e+01
2.200000e-06	-2.532204e-10	-1.472361e-09	-2.155930e+00	-3.410421e+01
2.210000e-06	-2.293445e-10	-1.407700e-09	-1.952650e+00	-3.266104e+01
2.220000e-06	-2.054636e-10	-1.347637e-09	-1.749328e+00	-3.121675e+01
2.230000e-06	-1.815703e-10	-1.290001e-09	-1.545900e+00	-2.977239e+01
2.240000e-06	-1.576580e-10	-1.231256e-09	-1.342311e+00	-2.832877e+01
2.250000e-06	-1.337463e-10	-1.174478e-09	-1.138726e+00	-2.688633e+01
2.260000e-06	-1.098348e-10	-1.124873e-09	-9.351440e-01	-2.544516e+01
2.270000e-06	-8.591476e-11	-1.075662e-09	-7.314882e-01	-2.400502e+01
2.280000e-06	-6.200074e-11	-1.013296e-09	-5.278840e-01	-2.256540e+01
2.290000e-06	-3.810225e-11	-9.402112e-10	-3.244120e-01	-2.112567e+01
2.300000e-06	-1.421625e-11	-8.737468e-10	-1.210463e-01	-1.968517e+01
2.310000e-06	9.662580e-12	-8.215809e-10	8.225825e-02	-1.824334e+01
2.320000e-06	3.353972e-11	-7.743367e-10	2.855485e-01	-1.679977e+01
2.330000e-06	5.741739e-11	-7.238500e-10	4.888431e-01	-1.535429e+01
2.340000e-06	8.129281e-11	-6.705535e-10	6.921187e-01	-1.390690e+01
2.350000e-06	1.051683e-10	-6.152404e-10	8.953946e-01	-1.245774e+01
2.360000e-06	1.290501e-10	-5.540439e-10	1.098725e+00	-1.100697e+01
2.370000e-06	1.529362e-10	-4.865180e-10	1.302091e+00	-9.554709e+00
2.380000e-06	1.768271e-10	-4.197020e-10	1.505499e+00	-8.100879e+00
2.390000e-06	2.007110e-10	-3.612106e-10	1.708847e+00	-6.645167e+00
2.400000e-06	2.245894e-10	-3.127349e-10	1.912148e+00	-5.186986e+00
2.410000e-06	2.484759e-10	-2.668489e-10	2.115518e+00	-3.725510e+00
2.420000e-06	2.723489e-10	-2.143606e-10	2.318772e+00	-2.259759e+00
2.430000e-06	2.961956e-10	-1.549987e-10	2.521804e+00	-7.887356e-01
2.440000e-06	3.200329e-10	-9.371774e-11	2.724755e+00	6.884113e-01
2.450000e-06	3.438654e-10	-2.917026e-11	2.927665e+00	2.172220e+00
2.460000e-06	3.676861e-10	3.799477e-11	3.130474e+00	3.662775e+00
2.470000e-06	3.914976e-10	1.000302e-10	3.333206e+00	5.159609e+00
2.480000e-06	4.152953e-10	1.539251e-10	3.535820e+00	6.661687e+00
2.490000e-06	4.390797e-10	2.035629e-10	3.738320e+00	8.167451e+00
2.500000e-06	4.628444e-10	2.568803e-10	3.940653e+00	9.674958e+00
2.510000e-06	4.866015e-10	3.189314e-10	4.142921e+00	1.118207e+01
2.520000e-06	5.103471e-10	3.853181e-10	4.345092e+00	1.268668e+01
2.530000e-06	5.340687e-10	4.485474e-10	4.547057e+00	1.418698e+01
2.540000e-06	5.577822e-10	5.069835e-10	4.748954e+00	1.568163e+01
2.550000e-06	5.814730e-10	5.645120e-10	4.950658e+00	1.716996e+01
2.560000e-06	6.051321e-10	6.211583e-10	5.152091e+00	1.865203e+01
2.570000e-06	6.287703e-10	6.758573e-10	5.353348e+00	2.012865e+01
2.580000e-06	6.523984e-10	7.304751e-10	5.554518e+00	2.160123e+01
2.590000e-06	6.760097e-10	7.875435e-10	5.755544e+00	2.307165e+01
2.600000e-06	6.995935e-10	8.481174e-10	5.956338e+00	2.454200e+01
2.610000e-06	7.231501e-10	9.089413e-10	6.156898e+00	2.601435e+01
2.620000e-06	7.466691e-10	9.662491e-10	6.357139e+00	2.749050e+01
2.630000e-06	7.701433e-10	1.022019e-09	6.556999e+00	2.897177e+01
2.640000e-06	7.935786e-10	1.080975e-09	6.756527e+00	3.045890e+01
2.650000e-06	8.169910e-10	1.142385e-09	6.955860e+00	3.195201e+01
2.660000e-06	8.403701e-10	1.202115e-09	7.154911e+00	3.345062e+01
2.670000e-06	8.637004e-10	1.258082e-09	7.353545e+00	3.495380e+01
2.680000e-06	8.869664e-10	1.313279e-09	7.551631e+00	3.646031e+01
2.690000e-06	9.101720e-10	1.371972e-09	7.749204e+00	3.796883e+01
2.700000e-06	9.333297e-10	1.431757e-09	7.946368e+00	3.947813e+01
2.710000e-06	9.564425e-10	1.489536e-09	8.143151e+00	4.098722e+01
2.720000e-06	9.795151e-10	1.547529e-09	8.339591e+00	4.249545e+01
2.730000e-06	1.002531e-09	1.609417e-09	8.535545e+00	4.400254e+01
2.740000e-06	1.025484e-09	1.672569e-09	8.730973e+00	4.550852e+01
2.750000e-06	1.048378e-09	1.728474e-09	8.925891e+00	4.701366e+01
2.760000e-06	1.071188e-09	1.780344e-09	9.120093e+00	4.851828e+01
2.770000e-06	1.093925e-09	1.839886e-09	9.313679e+00	5.002268e+01
2.780000e-06	1.116628e-09	1.905694e-09	9.506971e+00	5.152697e+01
2.790000e-06	1.139287e-09	1.968580e-09	9.699891e+00	5.303102e+01
2.800000e-06	1.161893e-09	2.028497e-09	9.892357e+00	5.453443e+01
2.810000e-06	1.184422e-09	2.090348e-09	1.008417e+01	5.603660e+01
2.820000e-06	1.206892e-09	2.151129e-09	1.027548e+01	5.753680e+01
2.830000e-06	1.229312e-09	2.206627e-09	1.046636e+01	5.903432e+01
2.840000e-06	1.251666e-09	2.259187e-09	1.065668e+01	6.052863e+01
2.850000e-06	1.273990e-09	2.311949e-09	1.084675e+01	6.201953e+01
2.860000e-06	1.296272e-09	2.368876e-09	1.103646e+01	6.350716e+01
2.870000e-06	1.318477e-09	2.434319e-09	1.122552e+01	6.499211e+01
2.880000e-06	1.340635e-09	2.504439e-09	1.141417e+01	6.647530e+01
2.890000e-06	1.362752e-09	2.569714e-09	1.160247e+01	6.795786e+01
2.900000e-06	1.384812e-09	2.629658e-09	1.179029e+01	6.944098e+01
2.910000e-06	1.406827e-09	2.689310e-09	1.197772e+01	7.092564e+01
2.920000e-06	1.428816e-09	2.746566e-09	1.216494e+01	7.241244e+01
2.930000e-06	1.450757e-09	2.796580e-09	1.235175e+01	7.390141e+01
2.940000e-06	1.472618e-09	2.844982e-09	1.253787e+01	7.539195e+01
2.950000e-06	1.494414e-09	2.903039e-09	1.272344e+01	7.688276e+01
2.960000e-06	1.516173e-09	2.970641e-09	1.290870e+01	7.837199e+01
2.970000e-06	1.537888e-09	3.038111e-09	1.309358e+01	7.985742e+01
2.980000e-06	1.559535e-09	3.100551e-09	1.327788e+01	8.133670e+01
2.990000e-06	1.581102e-09	3.160720e-09	1.346151e+01	8.280767e+01
3.000000e-06	1.602587e-09	3.218218e-09	1.364443e+01	8.426862e+01
3.010000e-06	1.623999e-09	3.270454e-09	1.382673e+01	8.571855e+01
3.020000e-06	1.645307e-09	3.321416e-09	1.400815e+01	8.715733e+01
3.030000e-06	1.666514e-09	3.374561e-09	1.418870e+01	8.858572e+01
3.040000e-06	1.687639e-09	3.432021e-09	1.436856e+01	9.000528e+01
3.050000e-06	1.708671e-09	3.495366e-09	1.454763e+01	9.141820e+01
3.060000e-06	1.729639e-09	3.559892e-09	1.472615e+01	9.282699e+01
3.070000e-06	1.750530e-09	3.617419e-09	1.490401e+01	9.423414e+01
3.080000e-06	1.771307e-09	3.668652e-09	1.508091e+01	9.564180e+01
3.090000e-06	1.791999e-09	3.723082e-09	1.525709e+01	9.705146e+01
3.100000e-06	1.812611e-09	3.780622e-09	1.543257e+01	9.846373e+01
3.110000e-06	1.833109e-09	3.836980e-09	1.560709e+01	9.987828e+01
3.120000e-06	1.853516e-09	3.891645e-09	1.578084e+01	1.012939e+02
3.130000e-06	1.873852e-09	3.945805e-09	1.595398e+01	1.027084e+02
3.140000e-06	1.894132e-09	4.004943e-09	1.612664e+01	1.041195e+02
3.150000e-06	1.914365e-09	4.067639e-09	1.629890e+01	1.055245e+02
3.160000e-06	1.934542e-09	4.124771e-09	1.647069e+01	1.069208e+02
3.170000e-06	1.954666e-09	4.174817e-09	1.664203e+01	1.083066e+02
3.180000e-06	1.974750e-09	4.226516e-09	1.681303e+01	1.096807e+02
3.190000e-06	1.994814e-09	4.283579e-09	1.698385e+01	1.110427e+02
3.200000e-06	2.014837e-09	4.338800e-09	1.715433e+01	1.123932e+02
3.210000e-06	2.034821e-09	4.389131e-09	1.732447e+01	1.137336e+02
3.220000e-06	2.054775e-09	4.438240e-09	1.749436e+01	1.150657e+02
3.230000e-06	2.074685e-09	4.489264e-09	1.766387e+01	1.163915e+02
3.240000e-06	2.094553e-09	4.542888e-09	1.783303e+01	1.177130e+02
3.250000e-06	2.114368e-09	4.595734e-09	1.800174e+01	1.190317e+02
3.260000e-06	2.134127e-09	4.643345e-09	1.816996e+01	1.203487e+02
3.270000e-06	2.153830e-09	4.691937e-09	1.833771e+01	1.216641e+02
3.280000e-06	2.173459e-09	4.749398e-09	1.850483e+01	1.229773e+02
3.290000e-06	2.193011e-09	4.809045e-09	1.867130e+01	1.242871e+02
3.300000e-06	2.212490e-09	4.860711e-09	1.883715e+01	1.255919e+02
3.310000e-06	2.231860e-09	4.904052e-09	1.900207e+01	1.268899e+02
3.320000e-06	2.251120e-09	4.946672e-09	1.916604e+01	1.281794e+02
3.330000e-06	2.270284e-09	4.993234e-09	1.932920e+01	1.294589e+02
3.340000e-06	2.289314e-09	5.044318e-09	1.949123e+01	1.307278e+02
3.350000e-06	2.308198e-09	5.097462e-09	1.965200e+01	1.319859e+02
3.360000e-06	2.326944e-09	5.148506e-09	1.981161e+01	1.332335e+02
3.370000e-06	2.345546e-09	5.197786e-09	1.996998e+01	1.344718e+02
3.380000e-06	2.363989e-09	5.245857e-09	2.012701e+01	1.357019e+02
3.390000e-06	2.382288e-09	5.290637e-09	2.028281e+01	1.369254e+02
3.400000e-06	2.400476e-09	5.332681e-09	2.043766e+01	1.381433e+02
3.410000e-06	2.418544e-09	5.376531e-09	2.059149e+01	1.393564e+02
3.420000e-06	2.436469e-09	5.426063e-09	2.074410e+01	1.405651e+02
3.430000e-06	2.454282e-09	5.478422e-09	2.089576e+01	1.417689e+02
3.440000e-06	2.471997e-09	5.526265e-09	2.104659e+01	1.429670e+02
3.450000e-06	2.489616e-09	5.567433e-09	2.119660e+01	1.441582e+02
3.460000e-06	2.507158e-09	5.607618e-09	2.134595e+01	1.453410e+02
3.470000e-06	2.524630e-09	5.650881e-09	2.149471e+01	1.465141e+02
3.480000e-06	2.542011e-09	5.696651e-09	2.164269e+01	1.476763e+02
3.490000e-06	2.559283e-09	5.742581e-09	2.178975e+01	1.488272e+02
3.500000e-06	2.576491e-09	5.788415e-09	2.193626e+01	1.499668e+02
3.510000e-06	2.593643e-09	5.838398e-09	2.208228e+01	1.510956e+02
3.520000e-06	2.610700e-09	5.890469e-09	2.222751e+01	1.522150e+02
3.530000e-06	2.627671e-09	5.936887e-09	2.237200e+01	1.533264e+02
3.540000e-06	2.644541e-09	5.977097e-09	2.251563e+01	1.544315e+02
3.550000e-06	2.661302e-09	6.017323e-09	2.265834e+01	1.555320e+02
3.560000e-06	2.677943e-09	6.059204e-09	2.280002e+01	1.566289e+02
3.570000e-06	2.694467e-09	6.101558e-09	2.294070e+01	1.577229e+02
3.580000e-06	2.710848e-09	6.144843e-09	2.308017e+01	1.588142e+02
3.590000e-06	2.727082e-09	6.190332e-09	2.321838e+01	1.599021e+02
3.600000e-06	2.743156e-09	6.239384e-09	2.335524e+01	1.609857e+02
3.610000e-06	2.759046e-09	6.287843e-09	2.349053e+01	1.620635e+02
3.620000e-06	2.774753e-09	6.332568e-09	2.362425e+01	1.631341e+02
3.630000e-06	2.790248e-09	6.372340e-09	2.375618e+01	1.641963e+02
3.640000e-06	2.805558e-09	6.408346e-09	2.388653e+01	1.652491e+02
3.650000e-06	2.820691e-09	6.447932e-09	2.401537e+01	1.662921e+02
3.660000e-06	2.835628e-09	6.490665e-09	2.414254e+01	1.673257e+02
3.670000e-06	2.850388e-09	6.531492e-09	2.426821e+01	1.683503e+02
3.680000e-06	2.864997e-09	6.572476e-09	2.439259e+01	1.693671e+02
3.690000e-06	2.879445e-09	6.617462e-09	2.451560e+01	1.703773e+02
3.700000e-06	2.893750e-09	6.663040e-09	2.463740e+01	1.713819e+02
3.710000e-06	2.907942e-09	6.703419e-09	2.475823e+01	1.723819e+02
3.720000e-06	2.922020e-09	6.742948e-09	2.487809e+01	1.733774e+02
3.730000e-06	2.935979e-09	6.785495e-09	2.499694e+01	1.743682e+02
3.740000e-06	2.949818e-09	6.823285e-09	2.511476e+01	1.753534e+02
3.750000e-06	2.963524e-09	6.854852e-09	2.523145e+01	1.763316e+02
3.760000e-06	2.977091e-09	6.888948e-09	2.534696e+01	1.773011e+02
3.770000e-06	2.990516e-09	6.927098e-09	2.546126e+01	1.782601e+02
3.780000e-06	3.003796e-09	6.966910e-09	2.557433e+01	1.792073e+02
3.790000e-06	3.016927e-09	7.007506e-09	2.568613e+01	1.801416e+02
3.800000e-06	3.029887e-09	7.047522e-09	2.579647e+01	1.810625e+02
3.810000e-06	3.042688e-09	7.087223e-09	2.590545e+01	1.819705e+02
3.820000e-06	3.055349e-09	7.126417e-09	2.601325e+01	1.828667e+02
3.830000e-06	3.067862e-09	7.160516e-09	2.611979e+01	1.837524e+02
3.840000e-06	3.080239e-09	7.186398e-09	2.622516e+01	1.846295e+02
3.850000e-06	3.092486e-09	7.213020e-09	2.632944e+01	1.854998e+02
3.860000e-06	3.104609e-09	7.247735e-09	2.643265e+01	1.863647e+02
3.870000e-06	3.116627e-09	7.283111e-09	2.653497e+01	1.872249e+02
3.880000e-06	3.128545e-09	7.315367e-09	2.663644e+01	1.880806e+02
3.890000e-06	3.140343e-09	7.351334e-09	2.673689e+01	1.889309e+02
3.900000e-06	3.152011e-09	7.390443e-09	2.683624e+01	1.897743e+02
3.910000e-06	3.163539e-09	7.423315e-09	2.693438e+01	1.906089e+02
3.920000e-06	3.174898e-09	7.449019e-09	2.703109e+01	1.914323e+02
3.930000e-06	3.186071e-09	7.474144e-09	2.712623e+01	1.922424e+02
3.940000e-06	3.197054e-09	7.502755e-09	2.721973e+01	1.930375e+02
3.950000e-06	3.207825e-09	7.536053e-09	2.731144e+01	1.938168e+02
3.960000e-06	3.218319e-09	7.569940e-09	2.740078e+01	1.945801e+02
3.970000e-06	3.228531e-09	7.597886e-09	2.748772e+01	1.953285e+02
3.980000e-06	3.238506e-09	7.622789e-09	2.757266e+01	1.960636e+02
3.990000e-06	3.248255e-09	7.651536e-09	2.765565e+01	1.967879e+02
4.000000e-06	3.257741e-09	7.681957e-09	2.773642e+01	1.975038e+02
4.010000e-06	3.266957e-09	7.709722e-09	2.781488e+01	1.982137e+02
4.020000e-06	3.275942e-09	7.735127e-09	2.789138e+01	1.989195e+02
4.030000e-06	3.284746e-09	7.759230e-09	2.796634e+01	1.996220e+02
4.040000e-06	3.293395e-09	7.783231e-09	2.803998e+01	2.003211e+02
4.050000e-06	3.301873e-09	7.806733e-09	2.811216e+01	2.010158e+02
4.060000e-06	3.310213e-09	7.826855e-09	2.818316e+01	2.017040e+02
4.070000e-06	3.318439e-09	7.845605e-09	2.825320e+01	2.023828e+02
4.080000e-06	3.326562e-09	7.871316e-09	2.832236e+01	2.030494e+02
4.090000e-06	3.334604e-09	7.905461e-09	2.839083e+01	2.037009e+02
4.100000e-06	3.342576e-09	7.937849e-09	2.845871e+01	2.043352e+02
4.110000e-06	3.350470e-09	7.963378e-09	2.852592e+01	2.049511e+02
4.120000e-06	3.358258e-09	7.984568e-09	2.859222e+01	2.055484e+02
4.130000e-06	3.365940e-09	8.001094e-09	2.865763e+01	2.061282e+02
4.140000e-06	3.373525e-09	8.016525e-09	2.872220e+01	2.066926e+02
4.150000e-06	3.380970e-09	8.038843e-09	2.878559e+01	2.072443e+02
4.160000e-06	3.388251e-09	8.064399e-09	2.884758e+01	2.077864e+02
4.170000e-06	3.395362e-09	8.083926e-09	2.890812e+01	2.083215e+02
4.180000e-06	3.402326e-09	8.102937e-09	2.896742e+01	2.088519e+02
4.190000e-06	3.409141e-09	8.126619e-09	2.902544e+01	2.093789e+02
4.200000e-06	3.415776e-09	8.148728e-09	2.908193e+01	2.099024e+02
4.210000e-06	3.422243e-09	8.169842e-09	2.913699e+01	2.104214e+02
4.220000e-06	3.428564e-09	8.192260e-09	2.919081e+01	2.109337e+02
4.230000e-06	3.434754e-09	8.208624e-09	2.924351e+01	2.114365e+02
4.240000e-06	3.440801e-09	8.218260e-09	2.929499e+01	2.119267e+02
4.250000e-06	3.446703e-09	8.231765e-09	2.934525e+01	2.124016e+02
4.260000e-06	3.452468e-09	8.249594e-09	2.939433e+01	2.128589e+02
4.270000e-06	3.458097e-09	8.266935e-09	2.944225e+01	2.132977e+02
4.280000e-06	3.463561e-09	8.289061e-09	2.948877e+01	2.137181e+02
4.290000e-06	3.468849e-09	8.316102e-09	2.953379e+01	2.141212e+02
4.300000e-06	3.473970e-09	8.339772e-09	2.957740e+01	2.145093e+02
4.310000e-06	3.478913e-09	8.355099e-09	2.961948e+01	2.148853e+02
4.320000e-06	3.483671e-09	8.364657e-09	2.965999e+01	2.152522e+02
4.330000e-06	3.488281e-09	8.372485e-09	2.969924e+01	2.156127e+02
4.340000e-06	3.492736e-09	8.379261e-09	2.973717e+01	2.159687e+02
4.350000e-06	3.497064e-09	8.388237e-09	2.977401e+01	2.163209e+02
4.360000e-06	3.501319e-09	8.402210e-09	2.981024e+01	2.166689e+02
4.370000e-06	3.505476e-09	8.420180e-09	2.984563e+01	2.170112e+02
4.380000e-06	3.509538e-09	8.439204e-09	2.988022e+01	2.173452e+02
4.390000e-06	3.513531e-09	8.458441e-09	2.991422e+01	2.176682e+02
4.400000e-06	3.517449e-09	8.476735e-09	2.994758e+01	2.179771e+02
4.410000e-06	3.521289e-09	8.487995e-09	2.998027e+01	2.182696e+02
4.420000e-06	3.525032e-09	8.491687e-09	3.001214e+01	2.185443e+02
4.430000e-06	3.528645e-09	8.494971e-09	3.004290e+01	2.188013e+02
4.440000e-06	3.532106e-09	8.502361e-09	3.007236e+01	2.190417e+02
4.450000e-06	3.535389e-09	8.512220e-09	3.010031e+01	2.192679e+02
4.460000e-06	3.538460e-09	8.522604e-09	3.012646e+01	2.194833e+02
4.470000e-06	3.541301e-09	8.535449e-09	3.015065e+01	2.196913e+02
4.480000e-06	3.543927e-09	8.551075e-09	3.017301e+01	2.198952e+02
4.490000e-06	3.546306e-09	8.563688e-09	3.019326e+01	2.200972e+02
4.500000e-06	3.548424e-09	8.568321e-09	3.021130e+01	2.202984e+02
4.510000e-06	3.550301e-09	8.567493e-09	3.022728e+01	2.204979e+02
4.520000e-06	3.551910e-09	8.566712e-09	3.024098e+01	2.206936e+02
4.530000e-06	3.553243e-09	8.569660e-09	3.025233e+01	2.208816e+02
4.540000e-06	3.554308e-09	8.576303e-09	3.026139e+01	2.210573e+02
4.550000e-06	3.555132e-09	8.581576e-09	3.026841e+01	2.212158e+02
4.560000e-06	3.555752e-09	8.584796e-09	3.027369e+01	2.213527e+02
4.570000e-06	3.556230e-09	8.590889e-09	3.027776e+01	2.214651e+02
4.580000e-06	3.556574e-09	8.597713e-09	3.028069e+01	2.215514e+02
4.590000e-06	3.556792e-09	8.596839e-09	3.028254e+01	2.216126e+02
4.600000e-06	3.556920e-09	8.591123e-09	3.028364e+01	2.216513e+02
4.610000e-06	3.556970e-09	8.595041e-09	3.028406e+01	2.216722e+02
4.620000e-06	3.556933e-09	8.604822e-09	3.028375e+01	2.216808e+02
4.630000e-06	3.556796e-09	8.606171e-09	3.028258e+01	2.216830e+02
4.640000e-06	3.556551e-09	8.603884e-09	3.028049e+01	2.216840e+02
4.650000e-06	3.556192e-09	8.602616e-09	3.027743e+01	2.216869e+02
4.660000e-06	3.555702e-09	8.590599e-09	3.027327e+01	2.216930e+02
4.670000e-06	3.555060e-09	8.618139e-09	3.026779e+01	2.217003e+02
4.680000e-06	3.554232e-09	8.744597e-09	3.026074e+01	2.217042e+02
4.690000e-06	3.553210e-09	8.825104e-09	3.025205e+01	2.216976e+02
4.700000e-06	3.552006e-09	8.630936e-09	3.024179e+01	2.216720e+02
4.710000e-06	3.550607e-09	8.321482e-09	3.022988e+01	2.216181e+02
4.720000e-06	3.549025e-09	8.205265e-09	3.021641e+01	2.215277e+02
4.730000e-06	3.547296e-09	8.275442e-09	3.020170e+01	2.213946e+02
4.740000e-06	3.545447e-09	8.523229e-09	3.018596e+01	2.212160e+02
4.750000e-06	3.543470e-09	8.874314e-09	3.016912e+01	2.209928e+02
4.760000e-06	3.541359e-09	8.926283e-09	3.015115e+01	2.207307e+02
4.770000e-06	3.539125e-09	8.611489e-09	3.013213e+01	2.204389e+02
4.780000e-06	3.536775e-09	8.506304e-09	3.011212e+01	2.201305e+02
4.790000e-06	3.534293e-09	8.681963e-09	3.009099e+01	2.198203e+02
4.800000e-06	3.531637e-09	8.585712e-09	3.006838e+01	2.195238e+02
4.810000e-06	3.528809e-09	8.313578e-09	3.004430e+01	2.192552e+02
4.820000e-06	3.525820e-09	8.388108e-09	3.001885e+01	2.190262e+02
4.830000e-06	3.522664e-09	8.655325e-09	2.999198e+01	2.188441e+02
4.840000e-06	3.519343e-09	8.590493e-09	2.996371e+01	2.187114e+02
4.850000e-06	3.515879e-09	8.352573e-09	2.993422e+01	2.186253e+02
4.860000e-06	3.512292e-09	8.428716e-09	2.990367e+01	2.185780e+02
4.870000e-06	3.508590e-09	8.615674e-09	2.987216e+01	2.185573e+02
4.880000e-06	3.504788e-09	8.473729e-09	2.983978e+01	2.185484e+02
4.890000e-06	3.500902e-09	8.287120e-09	2.980670e+01	2.185354e+02
4.900000e-06	3.496928e-09	8.465613e-09	2.977287e+01	2.185028e+02
4.910000e-06	3.492862e-09	8.663502e-09	2.973824e+01	2.184377e+02
4.920000e-06	3.488715e-09	8.509518e-09	2.970294e+01	2.183304e+02
4.930000e-06	3.484458e-09	8.350802e-09	2.966669e+01	2.181761e+02
4.940000e-06	3.480064e-09	8.451244e-09	2.962928e+01	2.179745e+02
4.950000e-06	3.475501e-09	8.432598e-09	2.959044e+01	2.177301e+02
4.960000e-06	3.470753e-09	8.236011e-09	2.955001e+01	2.174509e+02
4.970000e-06	3.465840e-09	8.303983e-09	2.950818e+01	2.171477e+02
4.980000e-06	3.460700e-09	8.526014e-09	2.946442e+01	2.168320e+02
4.990000e-06	3.455276e-09	8.469415e-09	2.941824e+01	2.165153e+02
5.000000e-06	3.449557e-09	8.351877e-09	2.936954e+01	2.162069e+02
5.010000e-06	3.443544e-09	8.485295e-09	2.931835e+01	2.159134e+02
5.020000e-06	3.437275e-09	8.501889e-09	2.926498e+01	2.156380e+02
5.030000e-06	3.430778e-09	8.271716e-09	2.920967e+01	2.153802e+02
5.040000e-06	3.424035e-09	8.282657e-09	2.915225e+01	2.151362e+02
5.050000e-06	3.417044e-09	8.497686e-09	2.909273e+01	2.148997e+02
5.060000e-06	3.409845e-09	8.450936e-09	2.903144e+01	2.146628e+02
5.070000e-06	3.402467e-09	8.340456e-09	2.896863e+01	2.144175e+02
5.080000e-06	3.394930e-09	8.491763e-09	2.890445e+01	2.141562e+02
5.090000e-06	3.387262e-09	8.531231e-09	2.883917e+01	2.138731e+02
5.100000e-06	3.379489e-09	8.320814e-09	2.877299e+01	2.135648e+02
5.110000e-06	3.371623e-09	8.319074e-09	2.870602e+01	2.132300e+02
5.120000e-06	3.363676e-09	8.471855e-09	2.863836e+01	2.128701e+02
5.130000e-06	3.355638e-09	8.399618e-09	2.856992e+01	2.124880e+02
5.140000e-06	3.347502e-09	8.337798e-09	2.850065e+01	2.120878e+02
5.150000e-06	3.339272e-09	8.461888e-09	2.843058e+01	2.116739e+02
5.160000e-06	3.330921e-09	8.405125e-09	2.835948e+01	2.112501e+02
5.170000e-06	3.322436e-09	8.227373e-09	2.828724e+01	2.108188e+02
5.180000e-06	3.313808e-09	8.284961e-09	2.821378e+01	2.103810e+02
5.190000e-06	3.305014e-09	8.359764e-09	2.813891e+01	2.099355e+02
5.200000e-06	3.296066e-09	8.253951e-09	2.806273e+01	2.094798e+02
5.210000e-06	3.286956e-09	8.251214e-09	2.798517e+01	2.090101e+02
5.220000e-06	3.277687e-09	8.348954e-09	2.790625e+01	2.085220e+02
5.230000e-06	3.268273e-09	8.279851e-09	2.782609e+01	2.080114e+02
5.240000e-06	3.258711e-09	8.173465e-09	2.774469e+01	2.074751e+02
5.250000e-06	3.249026e-09	8.175768e-09	2.766223e+01	2.069114e+02
5.260000e-06	3.239228e-09	8.149706e-09	2.757881e+01	2.063203e+02
5.270000e-06	3.229317e-09	8.103049e-09	2.749443e+01	2.057040e+02
5.280000e-06	3.219287e-09	8.127743e-09	2.740903e+01	2.050660e+02
5.290000e-06	3.209124e-09	8.129723e-09	2.732251e+01	2.044113e+02
5.300000e-06	3.198821e-09	8.074029e-09	2.723478e+01	2.037455e+02
5.310000e-06	3.188364e-09	8.049138e-09	2.714575e+01	2.030739e+02
5.320000e-06	3.177755e-09	8.024247e-09	2.705543e+01	2.024012e+02
5.330000e-06	3.167000e-09	7.968979e-09	2.696386e+01	2.017308e+02
5.340000e-06	3.156086e-09	7.935323e-09	2.687094e+01	2.010642e+02
5.350000e-06	3.145003e-09	7.920360e-09	2.677657e+01	2.004013e+02
5.360000e-06	3.133753e-09	7.905796e-09	2.668080e+01	1.997402e+02
5.370000e-06	3.122342e-09	7.890141e-09	2.658364e+01	1.990778e+02
5.380000e-06	3.110787e-09	7.855174e-09	2.648526e+01	1.984103e+02
5.390000e-06	3.099108e-09	7.812462e-09	2.638582e+01	1.977336e+02
5.400000e-06	3.087289e-09	7.789652e-09	2.628520e+01	1.970444e+02
5.410000e-06	3.075334e-09	7.763544e-09	2.618341e+01	1.963400e+02
5.420000e-06	3.063254e-09	7.727553e-09	2.608057e+01	1.956193e+02
5.430000e-06	3.051036e-09	7.701695e-09	2.597654e+01	1.948825e+02
5.440000e-06	3.038688e-09	7.671359e-09	2.587141e+01	1.941311e+02
5.450000e-06	3.026215e-09	7.640326e-09	2.576522e+01	1.933678e+02
5.460000e-06	3.013583e-09	7.618415e-09	2.565767e+01	1.925957e+02
5.470000e-06	3.000774e-09	7.581022e-09	2.554861e+01	1.918180e+02
5.480000e-06	2.987784e-09	7.533375e-09	2.543801e+01	1.910374e+02
5.490000e-06	2.974590e-09	7.507530e-09	2.532569e+01	1.902559e+02
5.500000e-06	2.961165e-09	7.489737e-09	2.521138e+01	1.894743e+02
5.510000e-06	2.947499e-09	7.458667e-09	2.509503e+01	1.886923e+02
5.520000e-06	2.933594e-09	7.424749e-09	2.497664e+01	1.879082e+02
5.530000e-06	2.919464e-09	7.392159e-09	2.485634e+01	1.871199e+02
5.540000e-06	2.905098e-09	7.360443e-09	2.473403e+01	1.863246e+02
5.550000e-06	2.890477e-09	7.330795e-09	2.460955e+01	1.855197e+02
5.560000e-06	2.875635e-09	7.295918e-09	2.448318e+01	1.847027e+02
5.570000e-06	2.860598e-09	7.252700e-09	2.435516e+01	1.838723e+02
5.580000e-06	2.845368e-09	7.212621e-09	2.422549e+01	1.830279e+02
5.590000e-06	2.829970e-09	7.181312e-09	2.409439e+01	1.821700e+02
5.600000e-06	2.814424e-09	7.150903e-09	2.396203e+01	1.813002e+02
5.610000e-06	2.798766e-09	7.119241e-09	2.382872e+01	1.804204e+02
5.620000e-06	2.783011e-09	7.094306e-09	2.369458e+01	1.795332e+02
5.630000e-06	2.767163e-09	7.073911e-09	2.355965e+01	1.786408e+02
5.640000e-06	2.751254e-09	7.039310e-09	2.342420e+01	1.777452e+02
5.650000e-06	2.735284e-09	6.992177e-09	2.328823e+01	1.768473e+02
5.660000e-06	2.719264e-09	6.944074e-09	2.315184e+01	1.759475e+02
5.670000e-06	2.703201e-09	6.891897e-09	2.301507e+01	1.750450e+02
5.680000e-06	2.687074e-09	6.845015e-09	2.287777e+01	1.741384e+02
5.690000e-06	2.670876e-09	6.818165e-09	2.273986e+01	1.732255e+02
5.700000e-06	2.654585e-09	6.803566e-09	2.260116e+01	1.723042e+02
5.710000e-06	2.638191e-09	6.783746e-09	2.246158e+01	1.713724e+02
5.720000e-06	2.621680e-09	6.757605e-09	2.232101e+01	1.704285e+02
5.730000e-06	2.605053e-09	6.724812e-09	2.217945e+01	1.694718e+02
5.740000e-06	2.588317e-09	6.678953e-09	2.203696e+01	1.685024e+02
5.750000e-06	2.571435e-09	6.622952e-09	2.189322e+01	1.675214e+02
5.760000e-06	2.554396e-09	6.564602e-09	2.174815e+01	1.665304e+02
5.770000e-06	2.537215e-09	6.515771e-09	2.160187e+01	1.655319e+02
5.780000e-06	2.519907e-09	6.480287e-09	2.145451e+01	1.645284e+02
5.790000e-06	2.502482e-09	6.449522e-09	2.130615e+01	1.635223e+02
5.800000e-06	2.484930e-09	6.420030e-09	2.115672e+01	1.625155e+02
5.810000e-06	2.467256e-09	6.399332e-09	2.100624e+01	1.615092e+02
5.820000e-06	2.449503e-09	6.379310e-09	2.085510e+01	1.605037e+02
5.830000e-06	2.431684e-09	6.337592e-09	2.070338e+01	1.594984e+02
5.840000e-06	2.413786e-09	6.277770e-09	2.055100e+01	1.584921e+02
5.850000e-06	2.395806e-09	6.220124e-09	2.039792e+01	1.574829e+02
5.860000e-06	2.377738e-09	6.170949e-09	2.024408e+01	1.564684e+02
5.870000e-06	2.359582e-09	6.125559e-09	2.008951e+01	1.554466e+02
5.880000e-06	2.341346e-09	6.087398e-09	1.993424e+01	1.544155e+02
5.890000e-06	2.323020e-09	6.059321e-09	1.977822e+01	1.533737e+02
5.900000e-06	2.304597e-09	6.035167e-09	1.962136e+01	1.523205e+02
5.910000e-06	2.286060e-09	6.006878e-09	1.946354e+01	1.512560e+02
5.920000e-06	2.267423e-09	5.965826e-09	1.930486e+01	1.501810e+02
5.930000e-06	2.248693e-09	5.910055e-09	1.914539e+01	1.490966e+02
5.940000e-06	2.229836e-09	5.846882e-09	1.898485e+01	1.480045e+02
5.950000e-06	2.210861e-09	5.790960e-09	1.882329e+01	1.469063e+02
5.960000e-06	2.191764e-09	5.746513e-09	1.866071e+01	1.458037e+02
5.970000e-06	2.172565e-09	5.707753e-09	1.849724e+01	1.446979e+02
5.980000e-06	2.153264e-09	5.671747e-09	1.833291e+01	1.435897e+02
5.990000e-06	2.133851e-09	5.637129e-09	1.816763e+01	1.424796e+02
6.000000e-06	2.114330e-09	5.600977e-09	1.800143e+01	1.413673e+02
6.010000e-06	2.094716e-09	5.554394e-09	1.783444e+01	1.402525e+02
6.020000e-06	2.075034e-09	5.498717e-09	1.766686e+01	1.391344e+02
6.030000e-06	2.055283e-09	5.444581e-09	1.749870e+01	1.380124e+02
6.040000e-06	2.035481e-09	5.397505e-09	1.733011e+01	1.368857e+02
6.050000e-06	2.015631e-09	5.355000e-09	1.716111e+01	1.357539e+02
6.060000e-06	1.995736e-09	5.313805e-09	1.699172e+01	1.346166e+02
6.070000e-06	1.975814e-09	5.274412e-09	1.682210e+01	1.334740e+02
6.080000e-06	1.955850e-09	5.232178e-09	1.665213e+01	1.323261e+02
6.090000e-06	1.935856e-09	5.182641e-09	1.648190e+01	1.311734e+02
6.100000e-06	1.915850e-09	5.128045e-09	1.631157e+01	1.300164e+02
6.110000e-06	1.895818e-09	5.078628e-09	1.614102e+01	1.288552e+02
6.120000e-06	1.875747e-09	5.038233e-09	1.597013e+01	1.276902e+02
6.130000e-06	1.855632e-09	4.998745e-09	1.579887e+01	1.265214e+02
6.140000e-06	1.835467e-09	4.955445e-09	1.562718e+01	1.253486e+02
6.150000e-06	1.815258e-09	4.907411e-09	1.545512e+01	1.241716e+02
6.160000e-06	1.794998e-09	4.856564e-09	1.528263e+01	1.229899e+02
6.170000e-06	1.774667e-09	4.805272e-09	1.510954e+01	1.218030e+02
6.180000e-06	1.754261e-09	4.754439e-09	1.493580e+01	1.206105e+02
6.190000e-06	1.733767e-09	4.705565e-09	1.476131e+01	1.194123e+02
6.200000e-06	1.713171e-09	4.664156e-09	1.458596e+01	1.182081e+02
6.210000e-06	1.692488e-09	4.628530e-09	1.440986e+01	1.169982e+02
6.220000e-06	1.671712e-09	4.588302e-09	1.423297e+01	1.157828e+02
6.230000e-06	1.650800e-09	4.542927e-09	1.405493e+01	1.145623e+02
6.240000e-06	1.629765e-09	4.493631e-09	1.387584e+01	1.133372e+02
6.250000e-06	1.608623e-09	4.436816e-09	1.369584e+01	1.121079e+02
6.260000e-06	1.587355e-09	4.376761e-09	1.351476e+01	1.108748e+02
6.270000e-06	1.565961e-09	4.326137e-09	1.333261e+01	1.096382e+02
6.280000e-06	1.544431e-09	4.285652e-09	1.314931e+01	1.083980e+02
6.290000e-06	1.522771e-09	4.243268e-09	1.296489e+01	1.071541e+02
6.300000e-06	1.501001e-09	4.197036e-09	1.277954e+01	1.059062e+02
6.310000e-06	1.479091e-09	4.151479e-09	1.259300e+01	1.046539e+02
6.320000e-06	1.457030e-09	4.107733e-09	1.240518e+01	1.033970e+02
6.330000e-06	1.434864e-09	4.057978e-09	1.221646e+01	1.021350e+02
6.340000e-06	1.412597e-09	3.998842e-09	1.202687e+01	1.008678e+02
6.350000e-06	1.390199e-09	3.942763e-09	1.183618e+01	9.959532e+01
6.360000e-06	1.367677e-09	3.895491e-09	1.164443e+01	9.831753e+01
6.370000e-06	1.345055e-09	3.849074e-09	1.145182e+01	9.703464e+01
6.380000e-06	1.322319e-09	3.797474e-09	1.125825e+01	9.574688e+01
6.390000e-06	1.299473e-09	3.748218e-09	1.106373e+01	9.445448e+01
6.400000e-06	1.276542e-09	3.706675e-09	1.086850e+01	9.315762e+01
6.410000e-06	1.253531e-09	3.666962e-09	1.067259e+01	9.185640e+01
6.420000e-06	1.230431e-09	3.621158e-09	1.047591e+01	9.055078e+01
6.430000e-06	1.207222e-09	3.565684e-09	1.027831e+01	8.924063e+01
6.440000e-06	1.183927e-09	3.504881e-09	1.007998e+01	8.792569e+01
6.450000e-06	1.160590e-09	3.445794e-09	9.881289e+00	8.660569e+01
6.460000e-06	1.137208e-09	3.393281e-09	9.682214e+00	8.528039e+01
6.470000e-06	1.113779e-09	3.346499e-09	9.482738e+00	8.394961e+01
6.480000e-06	1.090308e-09	3.300370e-09	9.282907e+00	8.261333e+01
6.490000e-06	1.066788e-09	3.250428e-09	9.082652e+00	8.127170e+01
6.500000e-06	1.043207e-09	3.196736e-09	8.881884e+00	7.992503e+01
6.510000e-06	1.019580e-09	3.141288e-09	8.680731e+00	7.857377e+01
6.520000e-06	9.959249e-10	3.083989e-09	8.479327e+00	7.721846e+01
6.530000e-06	9.722369e-10	3.028557e-09	8.277647e+00	7.585965e+01
6.540000e-06	9.485072e-10	2.976555e-09	8.075613e+00	7.449782e+01
6.550000e-06	9.247415e-10	2.925718e-09	7.873271e+00	7.313333e+01
6.560000e-06	9.009614e-10	2.875600e-09	7.670807e+00	7.176636e+01
6.570000e-06	8.771631e-10	2.827248e-09	7.468188e+00	7.039690e+01
6.580000e-06	8.533377e-10	2.776123e-09	7.265338e+00	6.902477e+01
6.590000e-06	8.294888e-10	2.715096e-09	7.062288e+00	6.764968e+01
6.600000e-06	8.056245e-10	2.651381e-09	6.859107e+00	6.627130e+01
6.610000e-06	7.817357e-10	2.594987e-09	6.655717e+00	6.488937e+01
6.620000e-06	7.578164e-10	2.544240e-09	6.452069e+00	6.350374e+01
6.630000e-06	7.338882e-10	2.493121e-09	6.248343e+00	6.211450e+01
6.640000e-06	7.099608e-10	2.440919e-09	6.044625e+00	6.072194e+01
6.650000e-06	6.860281e-10	2.389598e-09	5.840862e+00	5.932660e+01
6.660000e-06	6.620853e-10	2.334702e-09	5.637012e+00	5.792919e+01
6.670000e-06	6.381239e-10	2.273023e-09	5.433005e+00	5.653048e+01
6.680000e-06	6.141399e-10	2.206953e-09	5.228805e+00	5.513122e+01
6.690000e-06	5.901478e-10	2.145139e-09	5.024536e+00	5.373203e+01
6.700000e-06	5.661549e-10	2.095750e-09	4.820260e+00	5.233322e+01
6.710000e-06	5.421471e-10	2.051230e-09	4.615858e+00	5.093482e+01
6.720000e-06	5.181199e-10	2.001050e-09	4.411290e+00	4.953646e+01
6.730000e-06	4.940828e-10	1.946537e-09	4.206637e+00	4.813744e+01
6.740000e-06	4.700406e-10	1.890136e-09	4.001942e+00	4.673680e+01
6.750000e-06	4.459971e-10	1.827916e-09	3.797235e+00	4.533341e+01
6.760000e-06	4.219607e-10	1.763958e-09	3.592590e+00	4.392616e+01
6.770000e-06	3.979316e-10	1.707469e-09	3.388005e+00	4.251407e+01
6.780000e-06	3.738794e-10	1.654947e-09	3.183224e+00	4.109644e+01
6.790000e-06	3.497917e-10	1.599515e-09	2.978141e+00	3.967297e+01
6.800000e-06	3.256845e-10	1.543501e-09	2.772892e+00	3.824378e+01
6.810000e-06	3.015900e-10	1.490820e-09	2.567751e+00	3.680941e+01
6.820000e-06	2.775049e-10	1.438173e-09	2.362691e+00	3.537076e+01
6.830000e-06	2.534020e-10	1.384142e-09	2.157478e+00	3.392897e+01
6.840000e-06	2.292828e-10	1.331515e-09	1.952127e+00	3.248527e+01
6.850000e-06	2.051676e-10	1.276686e-09	1.746810e+00	3.104084e+01
6.860000e-06	1.810591e-10	1.214535e-09	1.541550e+00	2.959667e+01
6.870000e-06	1.569503e-10	1.149342e-09	1.336287e+00	2.815343e+01
6.880000e-06	1.328529e-10	1.089343e-09	1.131122e+00	2.671145e+01
6.890000e-06	1.087592e-10	1.036215e-09	9.259876e-01	2.527068e+01
6.900000e-06	8.465527e-11	9.874529e-10	7.207666e-01	2.383078e+01
6.910000e-06	6.053168e-11	9.386363e-10	5.153780e-01	2.239119e+01
6.920000e-06	3.640388e-11	8.882888e-10	3.099538e-01	2.095125e+01
6.930000e-06	1.228991e-11	8.382337e-10	1.046472e-01	1.951033e+01
6.940000e-06	-1.183026e-11	7.855430e-10	-1.007121e-01	1.806791e+01
6.950000e-06	-3.595536e-11	7.268565e-10	-3.061135e-01	1.662367e+01
6.960000e-06	-6.007516e-11	6.620035e-10	-5.114697e-01	1.517750e+01
6.970000e-06	-8.419607e-11	5.971714e-10	-7.168354e-01	1.372945e+01
6.980000e-06	-1.083075e-10	5.401228e-10	-9.221207e-01	1.227969e+01
6.990000e-06	-1.324205e-10	4.896794e-10	-1.127419e+00	1.082837e+01
7.000000e-06	-1.565375e-10	4.383731e-10	-1.332751e+00	9.375545e+00
7.010000e-06	-1.806418e-10	3.847006e-10	-1.537975e+00	7.921061e+00
7.020000e-06	-2.047369e-10	3.338345e-10	-1.743122e+00	6.464508e+00
7.030000e-06	-2.288350e-10	2.815566e-10	-1.948293e+00	5.005209e+00
7.040000e-06	-2.529322e-10	2.198948e-10	-2.153457e+00	3.542272e+00
7.050000e-06	-2.770218e-10	1.555937e-10	-2.358556e+00	2.074696e+00
7.060000e-06	-3.011059e-10	9.743291e-11	-2.563608e+00	6.015224e-01
7.070000e-06	-3.251677e-10	4.016404e-11	-2.768471e+00	-8.780044e-01
7.080000e-06	-3.492145e-10	-2.077859e-11	-2.973206e+00	-2.364271e+00
7.090000e-06	-3.732651e-10	-8.081666e-11	-3.177973e+00	-3.857171e+00
7.100000e-06	-3.973131e-10	-1.353526e-10	-3.382718e+00	-5.356032e+00
7.110000e-06	-4.213492e-10	-1.894850e-10	-3.587362e+00	-6.859621e+00
7.120000e-06	-4.453739e-10	-2.487966e-10	-3.791908e+00	-8.366226e+00
7.130000e-06	-4.693939e-10	-3.091125e-10	-3.996414e+00	-9.873813e+00
7.140000e-06	-4.934018e-10	-3.657352e-10	-4.200818e+00	-1.138023e+01
7.150000e-06	-5.173994e-10	-4.192821e-10	-4.405134e+00	-1.288346e+01
7.160000e-06	-5.413956e-10	-4.753555e-10	-4.609438e+00	-1.438182e+01
7.170000e-06	-5.653846e-10	-5.377008e-10	-4.813680e+00	-1.587423e+01
7.180000e-06	-5.893649e-10	-6.026169e-10	-5.017849e+00	-1.736026e+01
7.190000e-06	-6.133396e-10	-6.630750e-10	-5.221970e+00	-1.884024e+01
7.200000e-06	-6.372979e-10	-7.175011e-10	-5.425951e+00	-2.031522e+01
7.210000e-06	-6.612361e-10	-7.728212e-10	-5.629762e+00	-2.178679e+01
7.220000e-06	-6.851669e-10	-8.320891e-10	-5.833509e+00	-2.325695e+01
7.230000e-06	-7.090936e-10	-8.884245e-10	-6.037220e+00	-2.472779e+01
7.240000e-06	-7.330140e-10	-9.382986e-10	-6.240879e+00	-2.620131e+01
7.250000e-06	-7.569169e-10	-9.904908e-10	-6.444389e+00	-2.767916e+01
7.260000e-06	-7.807966e-10	-1.054057e-09	-6.647701e+00	-2.916247e+01
7.270000e-06	-8.046573e-10	-1.125364e-09	-6.850852e+00	-3.065175e+01
7.280000e-06	-8.284893e-10	-1.191752e-09	-7.053757e+00	-3.214689e+01
7.290000e-06	-8.522992e-10	-1.248979e-09	-7.256475e+00	-3.364725e+01
7.300000e-06	-8.760939e-10	-1.304196e-09	-7.459063e+00	-3.515176e+01
7.310000e-06	-8.998624e-10	-1.358563e-09	-7.661429e+00	-3.665914e+01
7.320000e-06	-9.236089e-10	-1.409318e-09	-7.863607e+00	-3.816807e+01
7.330000e-06	-9.473271e-10	-1.460583e-09	-8.065544e+00	-3.967740e+01
7.340000e-06	-9.710058e-10	-1.518810e-09	-8.267145e+00	-4.118625e+01
7.350000e-06	-9.946496e-10	-1.583862e-09	-8.468448e+00	-4.269410e+01
7.360000e-06	-1.018252e-09	-1.650784e-09	-8.669400e+00	-4.420080e+01
7.370000e-06	-1.041817e-09	-1.713732e-09	-8.870031e+00	-4.570645e+01
7.380000e-06	-1.065350e-09	-1.771023e-09	-9.070390e+00	-4.721137e+01
7.390000e-06	-1.088831e-09	-1.829733e-09	-9.270305e+00	-4.871588e+01
7.400000e-06	-1.112233e-09	-1.891391e-09	-9.469553e+00	-5.022023e+01
7.410000e-06	-1.135565e-09	-1.948966e-09	-9.668199e+00	-5.172444e+01
7.420000e-06	-1.158841e-09	-2.000417e-09	-9.866378e+00	-5.322828e+01
7.430000e-06	-1.182067e-09	-2.052609e-09	-1.006412e+01	-5.473129e+01
7.440000e-06	-1.205213e-09	-2.109430e-09	-1.026118e+01	-5.623280e+01
7.450000e-06	-1.228257e-09	-2.166030e-09	-1.045738e+01	-5.773206e+01
7.460000e-06	-1.251216e-09	-2.221631e-09	-1.065286e+01	-5.922845e+01
7.470000e-06	-1.274093e-09	-2.282997e-09	-1.084763e+01	-6.072151e+01
7.480000e-06	-1.296893e-09	-2.351597e-09	-1.104175e+01	-6.221118e+01
7.490000e-06	-1.319613e-09	-2.417253e-09	-1.123519e+01	-6.369776e+01
7.500000e-06	-1.342220e-09	-2.472660e-09	-1.142766e+01	-6.518197e+01
7.510000e-06	-1.364724e-09	-2.522245e-09	-1.161926e+01	-6.666481e+01
7.520000e-06	-1.387146e-09	-2.570444e-09	-1.181016e+01	-6.814746e+01
7.530000e-06	-1.409447e-09	-2.619337e-09	-1.200003e+01	-6.963105e+01
7.540000e-06	-1.431596e-09	-2.674214e-09	-1.218861e+01	-7.111645e+01
7.550000e-06	-1.453602e-09	-2.736211e-09	-1.237597e+01	-7.260407e+01
7.560000e-06	-1.475488e-09	-2.800309e-09	-1.256231e+01	-7.409371e+01
7.570000e-06	-1.497265e-09	-2.864894e-09	-1.274771e+01	-7.558451e+01
7.580000e-06	-1.518916e-09	-2.928161e-09	-1.293206e+01	-7.707497e+01
7.590000e-06	-1.540423e-09	-2.985196e-09	-1.311516e+01	-7.856307e+01
7.600000e-06	-1.561798e-09	-3.035613e-09	-1.329715e+01	-8.004652e+01
7.610000e-06	-1.583041e-09	-3.083888e-09	-1.347801e+01	-8.152301e+01
7.620000e-06	-1.604158e-09	-3.133858e-09	-1.365780e+01	-8.299051e+01
7.630000e-06	-1.625171e-09	-3.187324e-09	-1.383671e+01	-8.444754e+01
7.640000e-06	-1.646060e-09	-3.246247e-09	-1.401456e+01	-8.589342e+01
7.650000e-06	-1.666841e-09	-3.307525e-09	-1.419149e+01	-8.732833e+01
7.660000e-06	-1.687536e-09	-3.364623e-09	-1.436768e+01	-8.875332e+01
7.670000e-06	-1.708118e-09	-3.418256e-09	-1.454291e+01	-9.017023e+01
7.680000e-06	-1.728594e-09	-3.476777e-09	-1.471725e+01	-9.158138e+01
7.690000e-06	-1.748995e-09	-3.538827e-09	-1.489095e+01	-9.298931e+01
7.700000e-06	-1.769327e-09	-3.591809e-09	-1.506405e+01	-9.439644e+01
7.710000e-06	-1.789587e-09	-3.636176e-09	-1.523655e+01	-9.580469e+01
7.720000e-06	-1.809783e-09	-3.683885e-09	-1.540849e+01	-9.721526e+01
7.730000e-06	-1.829935e-09	-3.736419e-09	-1.558007e+01	-9.862843e+01
7.740000e-06	-1.850056e-09	-3.785377e-09	-1.575138e+01	-1.000435e+02
7.750000e-06	-1.870142e-09	-3.835371e-09	-1.592239e+01	-1.014590e+02
7.760000e-06	-1.890185e-09	-3.898089e-09	-1.609304e+01	-1.028726e+02
7.770000e-06	-1.910185e-09	-3.967166e-09	-1.626332e+01	-1.042817e+02
7.780000e-06	-1.930160e-09	-4.029400e-09	-1.643339e+01	-1.056838e+02
7.790000e-06	-1.950113e-09	-4.082939e-09	-1.660326e+01	-1.070766e+02
7.800000e-06	-1.970042e-09	-4.133686e-09	-1.677294e+01	-1.084582e+02
7.810000e-06	-1.989935e-09	-4.180999e-09	-1.694231e+01	-1.098280e+02
7.820000e-06	-2.009782e-09	-4.222760e-09	-1.711129e+01	-1.111858e+02
7.830000e-06	-2.029589e-09	-4.266168e-09	-1.727993e+01	-1.125325e+02
7.840000e-06	-2.049339e-09	-4.318456e-09	-1.744808e+01	-1.138697e+02
7.850000e-06	-2.069023e-09	-4.379185e-09	-1.761567e+01	-1.151993e+02
7.860000e-06	-2.088636e-09	-4.439793e-09	-1.778265e+01	-1.165233e+02
7.870000e-06	-2.108171e-09	-4.494783e-09	-1.794898e+01	-1.178437e+02
7.880000e-06	-2.127611e-09	-4.547421e-09	-1.811448e+01	-1.191617e+02
7.890000e-06	-2.146925e-09	-4.600663e-09	-1.827893e+01	-1.204781e+02
7.900000e-06	-2.166120e-09	-4.652502e-09	-1.844235e+01	-1.217927e+02
7.910000e-06	-2.185212e-09	-4.700247e-09	-1.860490e+01	-1.231048e+02
7.920000e-06	-2.204187e-09	-4.743785e-09	-1.876646e+01	-1.244130e+02
7.930000e-06	-2.223028e-09	-4.785448e-09	-1.892687e+01	-1.257156e+02
7.940000e-06	-2.241751e-09	-4.829735e-09	-1.908627e+01	-1.270107e+02
7.950000e-06	-2.260353e-09	-4.880095e-09	-1.924465e+01	-1.282967e+02
7.960000e-06	-2.278842e-09	-4.936201e-09	-1.940207e+01	-1.295725e+02
7.970000e-06	-2.297238e-09	-4.994875e-09	-1.955869e+01	-1.308374e+02
7.980000e-06	-2.315539e-09	-5.054787e-09	-1.971451e+01	-1.320916e+02
7.990000e-06	-2.333750e-09	-5.114007e-09	-1.986955e+01	-1.333358e+02
8.000000e-06	-2.351878e-09	-5.165920e-09	-2.002389e+01	-1.345710e+02
8.010000e-06	-2.369933e-09	-5.205485e-09	-2.017762e+01	-1.357986e+02
8.020000e-06	-2.387908e-09	-5.235450e-09	-2.033066e+01	-1.370199e+02
8.030000e-06	-2.405806e-09	-5.265554e-09	-2.048304e+01	-1.382360e+02
8.040000e-06	-2.423631e-09	-5.306707e-09	-2.063480e+01	-1.394475e+02
8.050000e-06	-2.441368e-09	-5.364254e-09	-2.078582e+01	-1.406545e+02
8.060000e-06	-2.459004e-09	-5.428786e-09	-2.093597e+01	-1.418563e+02
8.070000e-06	-2.476522e-09	-5.485879e-09	-2.108512e+01	-1.430521e+02
8.080000e-06	-2.493948e-09	-5.536098e-09	-2.123348e+01	-1.442404e+02
8.090000e-06	-2.511284e-09	-5.583912e-09	-2.138108e+01	-1.454198e+02
8.100000e-06	-2.528491e-09	-5.622767e-09	-2.152758e+01	-1.465890e+02
8.110000e-06	-2.545557e-09	-5.647221e-09	-2.167288e+01	-1.477472e+02
8.120000e-06	-2.562487e-09	-5.670410e-09	-2.181702e+01	-1.488940e+02
8.130000e-06	-2.579282e-09	-5.709896e-09	-2.196001e+01	-1.500295e+02
8.140000e-06	-2.595922e-09	-5.763984e-09	-2.210169e+01	-1.511548e+02
8.150000e-06	-2.612435e-09	-5.820677e-09	-2.224228e+01	-1.522711e+02
8.160000e-06	-2.628847e-09	-5.872392e-09	-2.238202e+01	-1.533801e+02
8.170000e-06	-2.645160e-09	-5.920216e-09	-2.252090e+01	-1.544834e+02
8.180000e-06	-2.661373e-09	-5.963734e-09	-2.265894e+01	-1.555825e+02
8.190000e-06	-2.677515e-09	-5.998037e-09	-2.279638e+01	-1.566783e+02
8.200000e-06	-2.693609e-09	-6.026314e-09	-2.293340e+01	-1.577714e+02
8.210000e-06	-2.709641e-09	-6.055499e-09	-2.306989e+01	-1.588616e+02
8.220000e-06	-2.725627e-09	-6.091264e-09	-2.320600e+01	-1.599481e+02
8.230000e-06	-2.741556e-09	-6.137293e-09	-2.334162e+01	-1.610297e+02
8.240000e-06	-2.757408e-09	-6.189858e-09	-2.347658e+01	-1.621050e+02
8.250000e-06	-2.773185e-09	-6.242626e-09	-2.361091e+01	-1.631727e+02
8.260000e-06	-2.788875e-09	-6.284754e-09	-2.374449e+01	-1.642316e+02
8.270000e-06	-2.804453e-09	-6.312167e-09	-2.387712e+01	-1.652809e+02
8.280000e-06	-2.819886e-09	-6.336271e-09	-2.400853e+01	-1.663205e+02
8.290000e-06	-2.835153e-09	-6.368755e-09	-2.413850e+01	-1.673507e+02
8.300000e-06	-2.850209e-09	-6.412630e-09	-2.426669e+01	-1.683723e+02
8.310000e-06	-2.865034e-09	-6.460945e-09	-2.439291e+01	-1.693866e+02
8.320000e-06	-2.879665e-09	-6.507521e-09	-2.451748e+01	-1.703947e+02
8.330000e-06	-2.894079e-09	-6.550628e-09	-2.464021e+01	-1.713975e+02
8.340000e-06	-2.908238e-09	-6.587672e-09	-2.476076e+01	-1.723959e+02
8.350000e-06	-2.922134e-09	-6.613258e-09	-2.487906e+01	-1.733898e+02
8.360000e-06	-2.935787e-09	-6.631142e-09	-2.499530e+01	-1.743787e+02
8.370000e-06	-2.949220e-09	-6.659068e-09	-2.510968e+01	-1.753615e+02
8.380000e-06	-2.962448e-09	-6.708797e-09	-2.522230e+01	-1.763367e+02
8.390000e-06	-2.975472e-09	-6.769704e-09	-2.533319e+01	-1.773026e+02
8.400000e-06	-2.988293e-09	-6.820793e-09	-2.544234e+01	-1.782576e+02
8.410000e-06	-3.000934e-09	-6.854973e-09	-2.554997e+01	-1.792002e+02
8.420000e-06	-3.013430e-09	-6.877481e-09	-2.565636e+01	-1.801297e+02
8.430000e-06	-3.025797e-09	-6.897282e-09	-2.576165e+01	-1.810459e+02
8.440000e-06	-3.038025e-09	-6.921844e-09	-2.586576e+01	-1.819495e+02
8.450000e-06	-3.050141e-09	-6.954179e-09	-2.596892e+01	-1.828417e+02
8.460000e-06	-3.062151e-09	-6.996563e-09	-2.607117e+01	-1.837242e+02
8.470000e-06	-3.074050e-09	-7.046476e-09	-2.617248e+01	-1.845987e+02
8.480000e-06	-3.085845e-09	-7.095645e-09	-2.627290e+01	-1.854669e+02
8.490000e-06	-3.097516e-09	-7.135094e-09	-2.637226e+01	-1.863300e+02
8.500000e-06	-3.109052e-09	-7.163552e-09	-2.647048e+01	-1.871886e+02
8.510000e-06	-3.120441e-09	-7.186833e-09	-2.656745e+01	-1.880424e+02
8.520000e-06	-3.131653e-09	-7.212560e-09	-2.666291e+01	-1.888904e+02
8.530000e-06	-3.142691e-09	-7.243183e-09	-2.675688e+01	-1.897308e+02
8.540000e-06	-3.153581e-09	-7.275089e-09	-2.684960e+01	-1.905616e+02
8.550000e-06	-3.164308e-09	-7.308151e-09	-2.694093e+01	-1.913804e+02
8.560000e-06	-3.174886e-09	-7.342449e-09	-2.703099e+01	-1.921852e+02
8.570000e-06	-3.185330e-09	-7.375607e-09	-2.711991e+01	-1.929747e+02
8.580000e-06	-3.195626e-09	-7.408827e-09	-2.720758e+01	-1.937481e+02
8.590000e-06	-3.205807e-09	-7.444394e-09	-2.729426e+01	-1.945060e+02
8.600000e-06	-3.215883e-09	-7.478849e-09	-2.738005e+01	-1.952494e+02
8.610000e-06	-3.225841e-09	-7.509887e-09	-2.746482e+01	-1.959804e+02
8.620000e-06	-3.235678e-09	-7.538119e-09	-2.754858e+01	-1.967013e+02
8.630000e-06	-3.245385e-09	-7.559542e-09	-2.763122e+01	-1.974149e+02
8.640000e-06	-3.254961e-09	-7.575600e-09	-2.771275e+01	-1.981231e+02
8.650000e-06	-3.264402e-09	-7.596470e-09	-2.779313e+01	-1.988276e+02
8.660000e-06	-3.273678e-09	-7.629204e-09	-2.787211e+01	-1.995290e+02
8.670000e-06	-3.282787e-09	-7.671750e-09	-2.794966e+01	-2.002267e+02
8.680000e-06	-3.291702e-09	-7.712784e-09	-2.802557e+01	-2.009193e+02
8.690000e-06	-3.300429e-09	-7.746292e-09	-2.809987e+01	-2.016043e+02
8.700000e-06	-3.309006e-09	-7.775528e-09	-2.817289e+01	-2.022790e+02
8.710000e-06	-3.317461e-09	-7.798960e-09	-2.824488e+01	-2.029404e+02
8.720000e-06	-3.325813e-09	-7.813199e-09	-2.831598e+01	-2.035859e+02
8.730000e-06	-3.334061e-09	-7.821192e-09	-2.838621e+01	-2.042136e+02
8.740000e-06	-3.342215e-09	-7.832011e-09	-2.845563e+01	-2.048227e+02
8.750000e-06	-3.350281e-09	-7.854217e-09	-2.852431e+01	-2.054136e+02
8.760000e-06	-3.358281e-09	-7.883993e-09	-2.859242e+01	-2.059876e+02
8.770000e-06	-3.366212e-09	-7.912827e-09	-2.865994e+01	-2.065471e+02
8.780000e-06	-3.374058e-09	-7.941445e-09	-2.872674e+01	-2.070949e+02
8.790000e-06	-3.381808e-09	-7.975007e-09	-2.879273e+01	-2.076342e+02
8.800000e-06	-3.389462e-09	-8.010987e-09	-2.885790e+01	-2.081674e+02
8.810000e-06	-3.397002e-09	-8.036937e-09	-2.892209e+01	-2.086965e+02
8.820000e-06	-3.404373e-09	-8.047892e-09	-2.898485e+01	-2.092222e+02
8.830000e-06	-3.411547e-09	-8.048384e-09	-2.904593e+01	-2.097443e+02
8.840000e-06	-3.418512e-09	-8.045724e-09	-2.910523e+01	-2.102611e+02
8.850000e-06	-3.425256e-09	-8.052957e-09	-2.916264e+01	-2.107703e+02
8.860000e-06	-3.431763e-09	-8.075567e-09	-2.921804e+01	-2.112689e+02
8.870000e-06	-3.437998e-09	-8.108448e-09	-2.927113e+01	-2.117539e+02
8.880000e-06	-3.443969e-09	-8.144788e-09	-2.932197e+01	-2.122226e+02
8.890000e-06	-3.449668e-09	-8.181748e-09	-2.937049e+01	-2.126734e+02
8.900000e-06	-3.455059e-09	-8.209893e-09	-2.941639e+01	-2.131055e+02
8.910000e-06	-3.460173e-09	-8.215209e-09	-2.945993e+01	-2.135194e+02
8.920000e-06	-3.465070e-09	-8.206737e-09	-2.950163e+01	-2.139168e+02
8.930000e-06	-3.469795e-09	-8.201622e-09	-2.954185e+01	-2.143003e+02
8.940000e-06	-3.474354e-09	-8.206898e-09	-2.958066e+01	-2.146727e+02
8.950000e-06	-3.478754e-09	-8.226675e-09	-2.961813e+01	-2.150370e+02
8.960000e-06	-3.483018e-09	-8.258341e-09	-2.965443e+01	-2.153956e+02
8.970000e-06	-3.487179e-09	-8.290833e-09	-2.968986e+01	-2.157501e+02
8.980000e-06	-3.491255e-09	-8.316373e-09	-2.972457e+01	-2.161009e+02
8.990000e-06	-3.495267e-09	-8.333198e-09	-2.975872e+01	-2.164470e+02
9.000000e-06	-3.499218e-09	-8.335528e-09	-2.979236e+01	-2.167866e+02
9.010000e-06	-3.503088e-09	-8.327545e-09	-2.982531e+01	-2.171169e+02
9.020000e-06	-3.506862e-09	-8.325242e-09	-2.985744e+01	-2.174351e+02
9.030000e-06	-3.510519e-09	-8.336723e-09	-2.988858e+01	-2.177383e+02
9.040000e-06	-3.514029e-09	-8.356033e-09	-2.991847e+01	-2.180245e+02
9.050000e-06	-3.517401e-09	-8.374822e-09	-2.994717e+01	-2.182928e+02
9.060000e-06	-3.520609e-09	-8.390729e-09	-2.997449e+01	-2.185437e+02
9.070000e-06	-3.523618e-09	-8.401950e-09	-3.000010e+01	-2.187787e+02
9.080000e-06	-3.526445e-09	-8.411459e-09	-3.002417e+01	-2.190007e+02
9.090000e-06	-3.529113e-09	-8.420926e-09	-3.004689e+01	-2.192130e+02
9.100000e-06	-3.531629e-09	-8.429705e-09	-3.006831e+01	-2.194192e+02
9.110000e-06	-3.533983e-09	-8.438708e-09	-3.008835e+01	-2.196222e+02
9.120000e-06	-3.536200e-09	-8.446706e-09	-3.010723e+01	-2.198239e+02
9.130000e-06	-3.538305e-09	-8.452752e-09	-3.012515e+01	-2.200246e+02
9.140000e-06	-3.540308e-09	-8.456802e-09	-3.014220e+01	-2.202230e+02
9.150000e-06	-3.542199e-09	-8.462664e-09	-3.015831e+01	-2.204163e+02
9.160000e-06	-3.543936e-09	-8.470589e-09	-3.017309e+01	-2.206004e+02
9.170000e-06	-3.545421e-09	-8.480309e-09	-3.018574e+01	-2.207704e+02
9.180000e-06	-3.546686e-09	-8.492987e-09	-3.019650e+01	-2.209216e+02
9.190000e-06	-3.547862e-09	-8.502182e-09	-3.020651e+01	-2.210499e+02
9.200000e-06	-3.548945e-09	-8.503775e-09	-3.021574e+01	-2.211530e+02
9.210000e-06	-3.549853e-09	-8.500109e-09	-3.022347e+01	-2.212301e+02
9.220000e-06	-3.550576e-09	-8.499147e-09	-3.022963e+01	-2.212828e+02
9.230000e-06	-3.551148e-09	-8.501195e-09	-3.023449e+01	-2.213145e+02
9.240000e-06	-3.551585e-09	-8.506075e-09	-3.023822e+01	-2.213304e+02
9.250000e-06	-3.551899e-09	-8.518125e-09	-3.024089e+01	-2.213361e+02
