# Temperatura_=_20.0
# Concentracion g/m^3_=_10770.0
# C_Vs_to_Am_M_A/Vsm_=_25649819763.59163
# pendiente_HvsI_1/m_=_3716.3
# ordenada_HvsI_A/m_=_1297.0
# frecuencia_Hz_=_108155.05273594453
# Promedio de 21 ciclos

Tiempo_(s)	Campo_(V.s)	Magnetizacion_(V.s)	Campo_(kA/m)	Magnetizacion_(A/m)
0.000000e+00	-4.577652e-09	-1.849606e-08	-3.843095e+01	-4.719976e+02
1.000000e-08	-4.577821e-09	-1.850172e-08	-3.843237e+01	-4.721024e+02
2.000000e-08	-4.577862e-09	-1.850375e-08	-3.843272e+01	-4.721955e+02
3.000000e-08	-4.577808e-09	-1.851157e-08	-3.843226e+01	-4.722787e+02
4.000000e-08	-4.577621e-09	-1.854611e-08	-3.843069e+01	-4.723532e+02
5.000000e-08	-4.577265e-09	-1.859581e-08	-3.842771e+01	-4.724195e+02
6.000000e-08	-4.576715e-09	-1.854193e-08	-3.842308e+01	-4.724774e+02
7.000000e-08	-4.575934e-09	-1.834972e-08	-3.841653e+01	-4.725261e+02
8.000000e-08	-4.574872e-09	-1.829673e-08	-3.840762e+01	-4.725640e+02
9.000000e-08	-4.573448e-09	-1.851575e-08	-3.839566e+01	-4.725894e+02
1.000000e-07	-4.571660e-09	-1.863046e-08	-3.838064e+01	-4.726002e+02
1.100000e-07	-4.569541e-09	-1.848233e-08	-3.836286e+01	-4.725944e+02
1.200000e-07	-4.567095e-09	-1.842044e-08	-3.834232e+01	-4.725705e+02
1.300000e-07	-4.564329e-09	-1.853201e-08	-3.831910e+01	-4.725277e+02
1.400000e-07	-4.561248e-09	-1.852652e-08	-3.829324e+01	-4.724664e+02
1.500000e-07	-4.557880e-09	-1.839761e-08	-3.826496e+01	-4.723881e+02
1.600000e-07	-4.554287e-09	-1.842041e-08	-3.823480e+01	-4.722958e+02
1.700000e-07	-4.550529e-09	-1.851041e-08	-3.820325e+01	-4.721937e+02
1.800000e-07	-4.546644e-09	-1.841736e-08	-3.817063e+01	-4.720875e+02
1.900000e-07	-4.542640e-09	-1.831248e-08	-3.813701e+01	-4.719835e+02
2.000000e-07	-4.538522e-09	-1.843514e-08	-3.810244e+01	-4.718887e+02
2.100000e-07	-4.534297e-09	-1.850724e-08	-3.806697e+01	-4.718096e+02
2.200000e-07	-4.529946e-09	-1.833810e-08	-3.803044e+01	-4.717523e+02
2.300000e-07	-4.525451e-09	-1.832262e-08	-3.799270e+01	-4.717212e+02
2.400000e-07	-4.520772e-09	-1.850179e-08	-3.795343e+01	-4.717187e+02
2.500000e-07	-4.515870e-09	-1.844525e-08	-3.791227e+01	-4.717451e+02
2.600000e-07	-4.510740e-09	-1.831422e-08	-3.786921e+01	-4.717978e+02
2.700000e-07	-4.505413e-09	-1.846536e-08	-3.782448e+01	-4.718719e+02
2.800000e-07	-4.499894e-09	-1.853949e-08	-3.777814e+01	-4.719602e+02
2.900000e-07	-4.494156e-09	-1.833601e-08	-3.772998e+01	-4.720538e+02
3.000000e-07	-4.488214e-09	-1.831321e-08	-3.768009e+01	-4.721432e+02
3.100000e-07	-4.482047e-09	-1.849333e-08	-3.762831e+01	-4.722188e+02
3.200000e-07	-4.475635e-09	-1.842306e-08	-3.757449e+01	-4.722722e+02
3.300000e-07	-4.469007e-09	-1.828921e-08	-3.751884e+01	-4.722970e+02
3.400000e-07	-4.462162e-09	-1.844110e-08	-3.746137e+01	-4.722894e+02
3.500000e-07	-4.455099e-09	-1.849719e-08	-3.740208e+01	-4.722488e+02
3.600000e-07	-4.447813e-09	-1.830281e-08	-3.734090e+01	-4.721778e+02
3.700000e-07	-4.440327e-09	-1.831605e-08	-3.727806e+01	-4.720821e+02
3.800000e-07	-4.432671e-09	-1.846165e-08	-3.721378e+01	-4.719696e+02
3.900000e-07	-4.424871e-09	-1.831949e-08	-3.714831e+01	-4.718497e+02
4.000000e-07	-4.416953e-09	-1.821084e-08	-3.708183e+01	-4.717319e+02
4.100000e-07	-4.408925e-09	-1.838793e-08	-3.701443e+01	-4.716248e+02
4.200000e-07	-4.400782e-09	-1.838211e-08	-3.694607e+01	-4.715347e+02
4.300000e-07	-4.392509e-09	-1.822162e-08	-3.687661e+01	-4.714647e+02
4.400000e-07	-4.384089e-09	-1.834848e-08	-3.680593e+01	-4.714140e+02
4.500000e-07	-4.375492e-09	-1.843277e-08	-3.673375e+01	-4.713777e+02
4.600000e-07	-4.366672e-09	-1.821853e-08	-3.665971e+01	-4.713468e+02
4.700000e-07	-4.357578e-09	-1.819141e-08	-3.658336e+01	-4.713089e+02
4.800000e-07	-4.348188e-09	-1.833299e-08	-3.650452e+01	-4.712493e+02
4.900000e-07	-4.338465e-09	-1.822397e-08	-3.642290e+01	-4.711523e+02
5.000000e-07	-4.328366e-09	-1.813861e-08	-3.633811e+01	-4.710025e+02
5.100000e-07	-4.317921e-09	-1.827388e-08	-3.625043e+01	-4.707863e+02
5.200000e-07	-4.307156e-09	-1.825441e-08	-3.616004e+01	-4.704932e+02
5.300000e-07	-4.296071e-09	-1.814512e-08	-3.606699e+01	-4.701166e+02
5.400000e-07	-4.284707e-09	-1.819889e-08	-3.597158e+01	-4.696547e+02
5.500000e-07	-4.273117e-09	-1.820526e-08	-3.587427e+01	-4.691100e+02
5.600000e-07	-4.261350e-09	-1.810017e-08	-3.577549e+01	-4.684895e+02
5.700000e-07	-4.249393e-09	-1.807538e-08	-3.567511e+01	-4.678035e+02
5.800000e-07	-4.237258e-09	-1.808393e-08	-3.557323e+01	-4.670645e+02
5.900000e-07	-4.224980e-09	-1.804076e-08	-3.547015e+01	-4.662863e+02
6.000000e-07	-4.212517e-09	-1.799244e-08	-3.536552e+01	-4.654821e+02
6.100000e-07	-4.199837e-09	-1.796217e-08	-3.525906e+01	-4.646638e+02
6.200000e-07	-4.186964e-09	-1.795821e-08	-3.515099e+01	-4.638406e+02
6.300000e-07	-4.173874e-09	-1.793669e-08	-3.504110e+01	-4.630188e+02
6.400000e-07	-4.160546e-09	-1.787450e-08	-3.492921e+01	-4.622014e+02
6.500000e-07	-4.147033e-09	-1.785173e-08	-3.481576e+01	-4.613881e+02
6.600000e-07	-4.133352e-09	-1.785135e-08	-3.470090e+01	-4.605761e+02
6.700000e-07	-4.119518e-09	-1.778500e-08	-3.458476e+01	-4.597607e+02
6.800000e-07	-4.105505e-09	-1.773442e-08	-3.446712e+01	-4.589361e+02
6.900000e-07	-4.091266e-09	-1.774200e-08	-3.434758e+01	-4.580966e+02
7.000000e-07	-4.076820e-09	-1.769535e-08	-3.422629e+01	-4.572372e+02
7.100000e-07	-4.062172e-09	-1.763681e-08	-3.410332e+01	-4.563543e+02
7.200000e-07	-4.047264e-09	-1.763666e-08	-3.397817e+01	-4.554461e+02
7.300000e-07	-4.032089e-09	-1.760241e-08	-3.385077e+01	-4.545125e+02
7.400000e-07	-4.016652e-09	-1.752991e-08	-3.372116e+01	-4.535552e+02
7.500000e-07	-4.000890e-09	-1.751311e-08	-3.358884e+01	-4.525774e+02
7.600000e-07	-3.984818e-09	-1.750517e-08	-3.345391e+01	-4.515826e+02
7.700000e-07	-3.968496e-09	-1.744552e-08	-3.331688e+01	-4.505748e+02
7.800000e-07	-3.951960e-09	-1.740079e-08	-3.317806e+01	-4.495576e+02
7.900000e-07	-3.935214e-09	-1.738254e-08	-3.303747e+01	-4.485335e+02
8.000000e-07	-3.918289e-09	-1.733902e-08	-3.289537e+01	-4.475042e+02
8.100000e-07	-3.901234e-09	-1.728517e-08	-3.275219e+01	-4.464701e+02
8.200000e-07	-3.884046e-09	-1.725236e-08	-3.260789e+01	-4.454304e+02
8.300000e-07	-3.866728e-09	-1.721723e-08	-3.246250e+01	-4.443836e+02
8.400000e-07	-3.849284e-09	-1.717024e-08	-3.231605e+01	-4.433275e+02
8.500000e-07	-3.831700e-09	-1.713754e-08	-3.216843e+01	-4.422602e+02
8.600000e-07	-3.813979e-09	-1.710598e-08	-3.201965e+01	-4.411798e+02
8.700000e-07	-3.796128e-09	-1.705680e-08	-3.186979e+01	-4.400851e+02
8.800000e-07	-3.778147e-09	-1.700895e-08	-3.171884e+01	-4.389755e+02
8.900000e-07	-3.760016e-09	-1.697336e-08	-3.156662e+01	-4.378514e+02
9.000000e-07	-3.741705e-09	-1.692969e-08	-3.141289e+01	-4.367137e+02
9.100000e-07	-3.723190e-09	-1.687886e-08	-3.125745e+01	-4.355637e+02
9.200000e-07	-3.704448e-09	-1.684152e-08	-3.110011e+01	-4.344030e+02
9.300000e-07	-3.685469e-09	-1.680254e-08	-3.094077e+01	-4.332330e+02
9.400000e-07	-3.666274e-09	-1.675378e-08	-3.077962e+01	-4.320546e+02
9.500000e-07	-3.646906e-09	-1.671248e-08	-3.061702e+01	-4.308683e+02
9.600000e-07	-3.627389e-09	-1.667448e-08	-3.045317e+01	-4.296740e+02
9.700000e-07	-3.607732e-09	-1.662344e-08	-3.028814e+01	-4.284709e+02
9.800000e-07	-3.587940e-09	-1.657116e-08	-3.012198e+01	-4.272579e+02
9.900000e-07	-3.568034e-09	-1.653075e-08	-2.995487e+01	-4.260336e+02
1.000000e-06	-3.548047e-09	-1.648590e-08	-2.978707e+01	-4.247970e+02
1.010000e-06	-3.527991e-09	-1.643392e-08	-2.961869e+01	-4.235469e+02
1.020000e-06	-3.507856e-09	-1.638697e-08	-2.944965e+01	-4.222831e+02
1.030000e-06	-3.487637e-09	-1.634096e-08	-2.927990e+01	-4.210057e+02
1.040000e-06	-3.467337e-09	-1.629149e-08	-2.910948e+01	-4.197153e+02
1.050000e-06	-3.446928e-09	-1.624618e-08	-2.893813e+01	-4.184133e+02
1.060000e-06	-3.426365e-09	-1.619897e-08	-2.876550e+01	-4.171010e+02
1.070000e-06	-3.405658e-09	-1.614174e-08	-2.859166e+01	-4.157799e+02
1.080000e-06	-3.384815e-09	-1.608872e-08	-2.841668e+01	-4.144511e+02
1.090000e-06	-3.363797e-09	-1.604424e-08	-2.824022e+01	-4.131153e+02
1.100000e-06	-3.342579e-09	-1.599390e-08	-2.806209e+01	-4.117726e+02
1.110000e-06	-3.321201e-09	-1.593610e-08	-2.788261e+01	-4.104224e+02
1.120000e-06	-3.299675e-09	-1.588560e-08	-2.770190e+01	-4.090636e+02
1.130000e-06	-3.277981e-09	-1.583982e-08	-2.751976e+01	-4.076944e+02
1.140000e-06	-3.256134e-09	-1.578490e-08	-2.733635e+01	-4.063131e+02
1.150000e-06	-3.234156e-09	-1.572587e-08	-2.715184e+01	-4.049180e+02
1.160000e-06	-3.212051e-09	-1.567033e-08	-2.696626e+01	-4.035075e+02
1.170000e-06	-3.189822e-09	-1.561572e-08	-2.677964e+01	-4.020810e+02
1.180000e-06	-3.167441e-09	-1.555978e-08	-2.659175e+01	-4.006382e+02
1.190000e-06	-3.144898e-09	-1.550525e-08	-2.640248e+01	-3.991799e+02
1.200000e-06	-3.122213e-09	-1.545142e-08	-2.621204e+01	-3.977074e+02
1.210000e-06	-3.099399e-09	-1.539509e-08	-2.602051e+01	-3.962223e+02
1.220000e-06	-3.076450e-09	-1.533663e-08	-2.582785e+01	-3.947266e+02
1.230000e-06	-3.053335e-09	-1.527700e-08	-2.563379e+01	-3.932223e+02
1.240000e-06	-3.030034e-09	-1.521963e-08	-2.543817e+01	-3.917108e+02
1.250000e-06	-3.006597e-09	-1.516562e-08	-2.524140e+01	-3.901932e+02
1.260000e-06	-2.983057e-09	-1.511013e-08	-2.504377e+01	-3.886696e+02
1.270000e-06	-2.959408e-09	-1.504852e-08	-2.484523e+01	-3.871397e+02
1.280000e-06	-2.935654e-09	-1.498759e-08	-2.464581e+01	-3.856024e+02
1.290000e-06	-2.911808e-09	-1.493210e-08	-2.444562e+01	-3.840562e+02
1.300000e-06	-2.887883e-09	-1.487328e-08	-2.424475e+01	-3.824995e+02
1.310000e-06	-2.863872e-09	-1.480863e-08	-2.404318e+01	-3.809309e+02
1.320000e-06	-2.839777e-09	-1.474397e-08	-2.384089e+01	-3.793491e+02
1.330000e-06	-2.815607e-09	-1.468453e-08	-2.363797e+01	-3.777537e+02
1.340000e-06	-2.791357e-09	-1.462543e-08	-2.343439e+01	-3.761449e+02
1.350000e-06	-2.767029e-09	-1.456139e-08	-2.323014e+01	-3.745234e+02
1.360000e-06	-2.742591e-09	-1.449816e-08	-2.302498e+01	-3.728908e+02
1.370000e-06	-2.718010e-09	-1.443772e-08	-2.281861e+01	-3.712488e+02
1.380000e-06	-2.693314e-09	-1.437754e-08	-2.261128e+01	-3.695992e+02
1.390000e-06	-2.668487e-09	-1.431514e-08	-2.240285e+01	-3.679435e+02
1.400000e-06	-2.643488e-09	-1.424961e-08	-2.219297e+01	-3.662829e+02
1.410000e-06	-2.618282e-09	-1.418306e-08	-2.198136e+01	-3.646176e+02
1.420000e-06	-2.592866e-09	-1.412225e-08	-2.176799e+01	-3.629474e+02
1.430000e-06	-2.567280e-09	-1.406549e-08	-2.155319e+01	-3.612709e+02
1.440000e-06	-2.541473e-09	-1.399910e-08	-2.133653e+01	-3.595865e+02
1.450000e-06	-2.515440e-09	-1.392691e-08	-2.111797e+01	-3.578919e+02
1.460000e-06	-2.489229e-09	-1.385840e-08	-2.089793e+01	-3.561849e+02
1.470000e-06	-2.462822e-09	-1.379231e-08	-2.067623e+01	-3.544637e+02
1.480000e-06	-2.436248e-09	-1.372768e-08	-2.045313e+01	-3.527268e+02
1.490000e-06	-2.409506e-09	-1.366658e-08	-2.022862e+01	-3.509737e+02
1.500000e-06	-2.382580e-09	-1.360997e-08	-2.000257e+01	-3.492046e+02
1.510000e-06	-2.355461e-09	-1.355072e-08	-1.977489e+01	-3.474208e+02
1.520000e-06	-2.328182e-09	-1.348392e-08	-1.954588e+01	-3.456242e+02
1.530000e-06	-2.300792e-09	-1.340717e-08	-1.931593e+01	-3.438170e+02
1.540000e-06	-2.273276e-09	-1.332395e-08	-1.908493e+01	-3.420018e+02
1.550000e-06	-2.245645e-09	-1.324485e-08	-1.885296e+01	-3.401810e+02
1.560000e-06	-2.217922e-09	-1.317348e-08	-1.862021e+01	-3.383562e+02
1.570000e-06	-2.190133e-09	-1.310944e-08	-1.838691e+01	-3.365284e+02
1.580000e-06	-2.162291e-09	-1.304976e-08	-1.815316e+01	-3.346979e+02
1.590000e-06	-2.134390e-09	-1.299180e-08	-1.791893e+01	-3.328637e+02
1.600000e-06	-2.106430e-09	-1.292663e-08	-1.768420e+01	-3.310243e+02
1.610000e-06	-2.078428e-09	-1.285121e-08	-1.744911e+01	-3.291776e+02
1.620000e-06	-2.050378e-09	-1.277357e-08	-1.721361e+01	-3.273210e+02
1.630000e-06	-2.022295e-09	-1.269468e-08	-1.697785e+01	-3.254523e+02
1.640000e-06	-1.994173e-09	-1.261679e-08	-1.674175e+01	-3.235695e+02
1.650000e-06	-1.965999e-09	-1.254407e-08	-1.650523e+01	-3.216714e+02
1.660000e-06	-1.937778e-09	-1.247731e-08	-1.626830e+01	-3.197575e+02
1.670000e-06	-1.909498e-09	-1.241023e-08	-1.603088e+01	-3.178284e+02
1.680000e-06	-1.881165e-09	-1.234011e-08	-1.579302e+01	-3.158851e+02
1.690000e-06	-1.852766e-09	-1.226775e-08	-1.555460e+01	-3.139294e+02
1.700000e-06	-1.824289e-09	-1.219060e-08	-1.531552e+01	-3.119635e+02
1.710000e-06	-1.795732e-09	-1.211071e-08	-1.507577e+01	-3.099895e+02
1.720000e-06	-1.767104e-09	-1.202719e-08	-1.483543e+01	-3.080090e+02
1.730000e-06	-1.738394e-09	-1.194086e-08	-1.459441e+01	-3.060233e+02
1.740000e-06	-1.709602e-09	-1.185743e-08	-1.435268e+01	-3.040328e+02
1.750000e-06	-1.680737e-09	-1.178151e-08	-1.411035e+01	-3.020371e+02
1.760000e-06	-1.651777e-09	-1.171165e-08	-1.386722e+01	-3.000351e+02
1.770000e-06	-1.622725e-09	-1.164402e-08	-1.362332e+01	-2.980251e+02
1.780000e-06	-1.593598e-09	-1.157571e-08	-1.337879e+01	-2.960050e+02
1.790000e-06	-1.564384e-09	-1.149961e-08	-1.313353e+01	-2.939727e+02
1.800000e-06	-1.535060e-09	-1.141142e-08	-1.288734e+01	-2.919262e+02
1.810000e-06	-1.505637e-09	-1.131618e-08	-1.264033e+01	-2.898641e+02
1.820000e-06	-1.476144e-09	-1.122714e-08	-1.239273e+01	-2.877855e+02
1.830000e-06	-1.446585e-09	-1.114624e-08	-1.214457e+01	-2.856904e+02
1.840000e-06	-1.416968e-09	-1.106740e-08	-1.189592e+01	-2.835794e+02
1.850000e-06	-1.387289e-09	-1.099249e-08	-1.164675e+01	-2.814537e+02
1.860000e-06	-1.357553e-09	-1.091960e-08	-1.139711e+01	-2.793149e+02
1.870000e-06	-1.327763e-09	-1.084051e-08	-1.114701e+01	-2.771649e+02
1.880000e-06	-1.297932e-09	-1.075062e-08	-1.089657e+01	-2.750055e+02
1.890000e-06	-1.268063e-09	-1.065609e-08	-1.064581e+01	-2.728380e+02
1.900000e-06	-1.238154e-09	-1.056230e-08	-1.039472e+01	-2.706635e+02
1.910000e-06	-1.208203e-09	-1.047213e-08	-1.014327e+01	-2.684825e+02
1.920000e-06	-1.178207e-09	-1.039115e-08	-9.891439e+00	-2.662948e+02
1.930000e-06	-1.148182e-09	-1.031430e-08	-9.639366e+00	-2.641000e+02
1.940000e-06	-1.118122e-09	-1.023389e-08	-9.387007e+00	-2.618970e+02
1.950000e-06	-1.088011e-09	-1.015071e-08	-9.134210e+00	-2.596846e+02
1.960000e-06	-1.057866e-09	-1.006798e-08	-8.881130e+00	-2.574617e+02
1.970000e-06	-1.027693e-09	-9.980592e-09	-8.627824e+00	-2.552273e+02
1.980000e-06	-9.974817e-10	-9.886411e-09	-8.374186e+00	-2.529807e+02
1.990000e-06	-9.672289e-10	-9.792069e-09	-8.120203e+00	-2.507216e+02
2.000000e-06	-9.369439e-10	-9.701635e-09	-7.865950e+00	-2.484500e+02
2.010000e-06	-9.066146e-10	-9.616911e-09	-7.611325e+00	-2.461663e+02
2.020000e-06	-8.762452e-10	-9.533291e-09	-7.356364e+00	-2.438713e+02
2.030000e-06	-8.458523e-10	-9.443307e-09	-7.101205e+00	-2.415658e+02
2.040000e-06	-8.154186e-10	-9.351437e-09	-6.845703e+00	-2.392506e+02
2.050000e-06	-7.849635e-10	-9.268215e-09	-6.590022e+00	-2.369266e+02
2.060000e-06	-7.544892e-10	-9.184459e-09	-6.334180e+00	-2.345941e+02
2.070000e-06	-7.239845e-10	-9.086201e-09	-6.078082e+00	-2.322536e+02
2.080000e-06	-6.934553e-10	-8.985259e-09	-5.821779e+00	-2.299048e+02
2.090000e-06	-6.628846e-10	-8.892584e-09	-5.565126e+00	-2.275473e+02
2.100000e-06	-6.322905e-10	-8.802380e-09	-5.308279e+00	-2.251807e+02
2.110000e-06	-6.016726e-10	-8.712887e-09	-5.051232e+00	-2.228040e+02
2.120000e-06	-5.710108e-10	-8.626867e-09	-4.793815e+00	-2.204165e+02
2.130000e-06	-5.403253e-10	-8.536980e-09	-4.536201e+00	-2.180171e+02
2.140000e-06	-5.096146e-10	-8.441761e-09	-4.278373e+00	-2.156051e+02
2.150000e-06	-4.788760e-10	-8.348694e-09	-4.020311e+00	-2.131797e+02
2.160000e-06	-4.481249e-10	-8.252865e-09	-3.762145e+00	-2.107404e+02
2.170000e-06	-4.173648e-10	-8.152783e-09	-3.503905e+00	-2.082867e+02
2.180000e-06	-3.865823e-10	-8.056090e-09	-3.245475e+00	-2.058182e+02
2.190000e-06	-3.557692e-10	-7.965550e-09	-2.986789e+00	-2.033348e+02
2.200000e-06	-3.249212e-10	-7.871792e-09	-2.727810e+00	-2.008364e+02
2.210000e-06	-2.940571e-10	-7.770326e-09	-2.468696e+00	-1.983230e+02
2.220000e-06	-2.632187e-10	-7.668314e-09	-2.209797e+00	-1.957948e+02
2.230000e-06	-2.323688e-10	-7.568556e-09	-1.950803e+00	-1.932518e+02
2.240000e-06	-2.014530e-10	-7.472647e-09	-1.691254e+00	-1.906945e+02
2.250000e-06	-1.705289e-10	-7.377877e-09	-1.431636e+00	-1.881231e+02
2.260000e-06	-1.396229e-10	-7.280575e-09	-1.172170e+00	-1.855380e+02
2.270000e-06	-1.086974e-10	-7.180958e-09	-9.125401e-01	-1.829397e+02
2.280000e-06	-7.776160e-11	-7.079321e-09	-6.528245e-01	-1.803284e+02
2.290000e-06	-4.683278e-11	-6.975219e-09	-3.931667e-01	-1.777046e+02
2.300000e-06	-1.591161e-11	-6.868017e-09	-1.335729e-01	-1.750683e+02
2.310000e-06	1.499225e-11	-6.760440e-09	1.258752e-01	-1.724195e+02
2.320000e-06	4.589730e-11	-6.654611e-09	3.853338e-01	-1.697577e+02
2.330000e-06	7.680681e-11	-6.551461e-09	6.448300e-01	-1.670824e+02
2.340000e-06	1.077125e-10	-6.447931e-09	9.042936e-01	-1.643926e+02
2.350000e-06	1.386138e-10	-6.343787e-09	1.163721e+00	-1.616873e+02
2.360000e-06	1.694861e-10	-6.242479e-09	1.422904e+00	-1.589653e+02
2.370000e-06	2.003514e-10	-6.141111e-09	1.682028e+00	-1.562253e+02
2.380000e-06	2.312156e-10	-6.034197e-09	1.941144e+00	-1.534662e+02
2.390000e-06	2.620567e-10	-5.920580e-09	2.200064e+00	-1.506871e+02
2.400000e-06	2.928826e-10	-5.806271e-09	2.458858e+00	-1.478875e+02
2.410000e-06	3.237044e-10	-5.694904e-09	2.717617e+00	-1.450671e+02
2.420000e-06	3.545167e-10	-5.584053e-09	2.976297e+00	-1.422262e+02
2.430000e-06	3.852902e-10	-5.470957e-09	3.234651e+00	-1.393651e+02
2.440000e-06	4.160328e-10	-5.358764e-09	3.492745e+00	-1.364848e+02
2.450000e-06	4.467879e-10	-5.248459e-09	3.750945e+00	-1.335860e+02
2.460000e-06	4.775295e-10	-5.135704e-09	4.009031e+00	-1.306695e+02
2.470000e-06	5.082213e-10	-5.022397e-09	4.266698e+00	-1.277359e+02
2.480000e-06	5.388776e-10	-4.909026e-09	4.524069e+00	-1.247856e+02
2.490000e-06	5.695062e-10	-4.792374e-09	4.781206e+00	-1.218183e+02
2.500000e-06	6.000934e-10	-4.672073e-09	5.037997e+00	-1.188334e+02
2.510000e-06	6.306557e-10	-4.550690e-09	5.294577e+00	-1.158300e+02
2.520000e-06	6.612168e-10	-4.429963e-09	5.551149e+00	-1.128066e+02
2.530000e-06	6.917566e-10	-4.311978e-09	5.807540e+00	-1.097618e+02
2.540000e-06	7.222543e-10	-4.196314e-09	6.063579e+00	-1.066940e+02
2.550000e-06	7.527078e-10	-4.077245e-09	6.319247e+00	-1.036019e+02
2.560000e-06	7.831335e-10	-3.955598e-09	6.574682e+00	-1.004844e+02
2.570000e-06	8.135334e-10	-3.834242e-09	6.829900e+00	-9.734100e+01
2.580000e-06	8.438964e-10	-3.709281e-09	7.084808e+00	-9.417150e+01
2.590000e-06	8.742099e-10	-3.578163e-09	7.339300e+00	-9.097632e+01
2.600000e-06	9.045057e-10	-3.446145e-09	7.593644e+00	-8.775625e+01
2.610000e-06	9.347932e-10	-3.318500e-09	7.847918e+00	-8.451234e+01
2.620000e-06	9.650289e-10	-3.191982e-09	8.101757e+00	-8.124570e+01
2.630000e-06	9.952414e-10	-3.064667e-09	8.355402e+00	-7.795741e+01
2.640000e-06	1.025439e-09	-2.938989e-09	8.608918e+00	-7.464826e+01
2.650000e-06	1.055601e-09	-2.815539e-09	8.862143e+00	-7.131871e+01
2.660000e-06	1.085719e-09	-2.690046e-09	9.114993e+00	-6.796878e+01
2.670000e-06	1.115785e-09	-2.555658e-09	9.367407e+00	-6.459811e+01
2.680000e-06	1.145805e-09	-2.414337e-09	9.619441e+00	-6.120600e+01
2.690000e-06	1.175779e-09	-2.275802e-09	9.871082e+00	-5.779158e+01
2.700000e-06	1.205721e-09	-2.141664e-09	1.012245e+01	-5.435394e+01
2.710000e-06	1.235641e-09	-2.004717e-09	1.037365e+01	-5.089234e+01
2.720000e-06	1.265525e-09	-1.866541e-09	1.062453e+01	-4.740634e+01
2.730000e-06	1.295362e-09	-1.733333e-09	1.087502e+01	-4.389593e+01
2.740000e-06	1.325148e-09	-1.603890e-09	1.112508e+01	-4.036153e+01
2.750000e-06	1.354866e-09	-1.473441e-09	1.137458e+01	-3.680402e+01
2.760000e-06	1.384521e-09	-1.336645e-09	1.162354e+01	-3.322459e+01
2.770000e-06	1.414117e-09	-1.189409e-09	1.187201e+01	-2.962462e+01
2.780000e-06	1.443647e-09	-1.039539e-09	1.211992e+01	-2.600549e+01
2.790000e-06	1.473118e-09	-8.972178e-10	1.236734e+01	-2.236838e+01
2.800000e-06	1.502530e-09	-7.572735e-10	1.261426e+01	-1.871411e+01
2.810000e-06	1.531865e-09	-6.128488e-10	1.286054e+01	-1.504302e+01
2.820000e-06	1.561123e-09	-4.661954e-10	1.310618e+01	-1.135492e+01
2.830000e-06	1.590291e-09	-3.231704e-10	1.335105e+01	-7.649119e+00
2.840000e-06	1.619383e-09	-1.862266e-10	1.359529e+01	-3.924498e+00
2.850000e-06	1.648400e-09	-4.915439e-11	1.383890e+01	-1.796960e-01
2.860000e-06	1.677307e-09	9.841503e-11	1.408158e+01	3.586724e+00
2.870000e-06	1.706126e-09	2.542462e-10	1.432352e+01	7.376074e+00
2.880000e-06	1.734874e-09	4.040148e-10	1.456487e+01	1.118937e+01
2.890000e-06	1.763524e-09	5.492615e-10	1.480539e+01	1.502721e+01
2.900000e-06	1.792084e-09	7.025771e-10	1.504517e+01	1.888971e+01
2.910000e-06	1.820581e-09	8.607878e-10	1.528441e+01	2.277650e+01
2.920000e-06	1.848988e-09	1.012988e-09	1.552290e+01	2.668686e+01
2.930000e-06	1.877310e-09	1.158041e-09	1.576067e+01	3.061978e+01
2.940000e-06	1.905593e-09	1.302540e-09	1.599812e+01	3.457417e+01
2.950000e-06	1.933845e-09	1.456383e-09	1.623530e+01	3.854906e+01
2.960000e-06	1.962049e-09	1.622623e-09	1.647208e+01	4.254369e+01
2.970000e-06	1.990208e-09	1.786317e-09	1.670849e+01	4.655764e+01
2.980000e-06	2.018324e-09	1.940607e-09	1.694454e+01	5.059088e+01
2.990000e-06	2.046385e-09	2.097614e-09	1.718012e+01	5.464373e+01
3.000000e-06	2.074399e-09	2.260904e-09	1.741530e+01	5.871676e+01
3.010000e-06	2.102372e-09	2.421086e-09	1.765015e+01	6.281069e+01
3.020000e-06	2.130315e-09	2.574622e-09	1.788474e+01	6.692616e+01
3.030000e-06	2.158231e-09	2.729311e-09	1.811910e+01	7.106364e+01
3.040000e-06	2.186100e-09	2.893992e-09	1.835307e+01	7.522323e+01
3.050000e-06	2.213892e-09	3.068386e-09	1.858640e+01	7.940465e+01
3.060000e-06	2.241618e-09	3.239000e-09	1.881916e+01	8.360718e+01
3.070000e-06	2.269258e-09	3.398787e-09	1.905122e+01	8.782973e+01
3.080000e-06	2.296774e-09	3.560249e-09	1.928222e+01	9.207095e+01
3.090000e-06	2.324183e-09	3.732236e-09	1.951233e+01	9.632939e+01
3.100000e-06	2.351457e-09	3.904589e-09	1.974130e+01	1.006037e+02
3.110000e-06	2.378528e-09	4.068912e-09	1.996857e+01	1.048927e+02
3.120000e-06	2.405414e-09	4.233066e-09	2.019429e+01	1.091958e+02
3.130000e-06	2.432123e-09	4.402663e-09	2.041852e+01	1.135125e+02
3.140000e-06	2.458618e-09	4.574809e-09	2.064095e+01	1.178432e+02
3.150000e-06	2.484922e-09	4.746830e-09	2.086178e+01	1.221882e+02
3.160000e-06	2.511028e-09	4.916926e-09	2.108096e+01	1.265483e+02
3.170000e-06	2.536901e-09	5.085996e-09	2.129816e+01	1.309244e+02
3.180000e-06	2.562566e-09	5.260797e-09	2.151363e+01	1.353171e+02
3.190000e-06	2.588018e-09	5.442350e-09	2.172731e+01	1.397266e+02
3.200000e-06	2.613282e-09	5.618870e-09	2.193941e+01	1.441529e+02
3.210000e-06	2.638364e-09	5.786870e-09	2.214998e+01	1.485950e+02
3.220000e-06	2.663264e-09	5.956412e-09	2.235902e+01	1.530516e+02
3.230000e-06	2.688029e-09	6.132189e-09	2.256693e+01	1.575207e+02
3.240000e-06	2.712654e-09	6.309767e-09	2.277367e+01	1.619998e+02
3.250000e-06	2.737157e-09	6.485481e-09	2.297938e+01	1.664863e+02
3.260000e-06	2.761540e-09	6.657636e-09	2.318409e+01	1.709775e+02
3.270000e-06	2.785828e-09	6.829070e-09	2.338799e+01	1.754707e+02
3.280000e-06	2.810033e-09	7.008203e-09	2.359120e+01	1.799635e+02
3.290000e-06	2.834150e-09	7.192626e-09	2.379367e+01	1.844538e+02
3.300000e-06	2.858189e-09	7.369734e-09	2.399548e+01	1.889401e+02
3.310000e-06	2.882141e-09	7.540058e-09	2.419657e+01	1.934210e+02
3.320000e-06	2.906006e-09	7.712603e-09	2.439692e+01	1.978956e+02
3.330000e-06	2.929765e-09	7.887987e-09	2.459639e+01	2.023629e+02
3.340000e-06	2.953425e-09	8.061292e-09	2.479502e+01	2.068220e+02
3.350000e-06	2.976962e-09	8.231246e-09	2.499262e+01	2.112719e+02
3.360000e-06	3.000366e-09	8.402569e-09	2.518911e+01	2.157113e+02
3.370000e-06	3.023643e-09	8.581717e-09	2.538453e+01	2.201386e+02
3.380000e-06	3.046767e-09	8.764683e-09	2.557866e+01	2.245519e+02
3.390000e-06	3.069732e-09	8.937037e-09	2.577146e+01	2.289491e+02
3.400000e-06	3.092524e-09	9.096476e-09	2.596281e+01	2.333278e+02
3.410000e-06	3.115145e-09	9.256542e-09	2.615272e+01	2.376858e+02
3.420000e-06	3.137624e-09	9.424758e-09	2.634144e+01	2.420210e+02
3.430000e-06	3.159986e-09	9.595634e-09	2.652918e+01	2.463314e+02
3.440000e-06	3.182237e-09	9.764132e-09	2.671598e+01	2.506153e+02
3.450000e-06	3.204354e-09	9.930737e-09	2.690166e+01	2.548715e+02
3.460000e-06	3.226356e-09	1.009819e-08	2.708637e+01	2.590988e+02
3.470000e-06	3.248245e-09	1.026574e-08	2.727014e+01	2.632964e+02
3.480000e-06	3.270016e-09	1.042608e-08	2.745291e+01	2.674632e+02
3.490000e-06	3.291661e-09	1.057815e-08	2.763464e+01	2.715984e+02
3.500000e-06	3.313146e-09	1.073129e-08	2.781501e+01	2.757005e+02
3.510000e-06	3.334464e-09	1.088928e-08	2.799398e+01	2.797680e+02
3.520000e-06	3.355608e-09	1.105073e-08	2.817149e+01	2.837988e+02
3.530000e-06	3.376561e-09	1.120961e-08	2.834740e+01	2.877905e+02
3.540000e-06	3.397340e-09	1.135905e-08	2.852184e+01	2.917406e+02
3.550000e-06	3.417981e-09	1.150320e-08	2.869513e+01	2.956464e+02
3.560000e-06	3.438492e-09	1.165128e-08	2.886733e+01	2.995053e+02
3.570000e-06	3.458874e-09	1.180353e-08	2.903844e+01	3.033149e+02
3.580000e-06	3.479142e-09	1.194952e-08	2.920860e+01	3.070735e+02
3.590000e-06	3.499322e-09	1.208856e-08	2.937801e+01	3.107799e+02
3.600000e-06	3.519418e-09	1.222900e-08	2.954673e+01	3.144334e+02
3.610000e-06	3.539435e-09	1.237058e-08	2.971478e+01	3.180344e+02
3.620000e-06	3.559380e-09	1.250847e-08	2.988223e+01	3.215833e+02
3.630000e-06	3.579242e-09	1.264103e-08	3.004898e+01	3.250814e+02
3.640000e-06	3.599010e-09	1.277230e-08	3.021493e+01	3.285298e+02
3.650000e-06	3.618650e-09	1.290663e-08	3.037982e+01	3.319298e+02
3.660000e-06	3.638143e-09	1.304397e-08	3.054346e+01	3.352824e+02
3.670000e-06	3.657468e-09	1.317695e-08	3.070571e+01	3.385883e+02
3.680000e-06	3.676601e-09	1.329981e-08	3.086633e+01	3.418474e+02
3.690000e-06	3.695548e-09	1.342015e-08	3.102540e+01	3.450595e+02
3.700000e-06	3.714288e-09	1.354342e-08	3.118273e+01	3.482237e+02
3.710000e-06	3.732802e-09	1.366530e-08	3.133816e+01	3.513389e+02
3.720000e-06	3.751071e-09	1.378301e-08	3.149154e+01	3.544039e+02
3.730000e-06	3.769100e-09	1.389910e-08	3.164290e+01	3.574173e+02
3.740000e-06	3.786981e-09	1.401488e-08	3.179302e+01	3.603784e+02
3.750000e-06	3.804710e-09	1.413008e-08	3.194185e+01	3.632865e+02
3.760000e-06	3.822268e-09	1.424512e-08	3.208926e+01	3.661416e+02
3.770000e-06	3.839696e-09	1.435654e-08	3.223558e+01	3.689441e+02
3.780000e-06	3.856995e-09	1.446262e-08	3.238081e+01	3.716948e+02
3.790000e-06	3.874169e-09	1.456750e-08	3.252499e+01	3.743949e+02
3.800000e-06	3.891210e-09	1.467134e-08	3.266805e+01	3.770456e+02
3.810000e-06	3.908100e-09	1.477009e-08	3.280985e+01	3.796482e+02
3.820000e-06	3.924836e-09	1.486629e-08	3.295035e+01	3.822037e+02
3.830000e-06	3.941391e-09	1.496625e-08	3.308934e+01	3.847128e+02
3.840000e-06	3.957710e-09	1.506652e-08	3.322634e+01	3.871757e+02
3.850000e-06	3.973842e-09	1.516090e-08	3.336178e+01	3.895926e+02
3.860000e-06	3.989799e-09	1.525203e-08	3.349574e+01	3.919631e+02
3.870000e-06	4.005496e-09	1.534209e-08	3.362752e+01	3.942866e+02
3.880000e-06	4.020913e-09	1.542985e-08	3.375695e+01	3.965628e+02
3.890000e-06	4.036073e-09	1.551705e-08	3.388422e+01	3.987914e+02
3.900000e-06	4.050979e-09	1.560419e-08	3.400936e+01	4.009724e+02
3.910000e-06	4.065626e-09	1.569014e-08	3.413233e+01	4.031062e+02
3.920000e-06	4.080088e-09	1.577414e-08	3.425375e+01	4.051938e+02
3.930000e-06	4.094395e-09	1.585467e-08	3.437386e+01	4.072364e+02
3.940000e-06	4.108524e-09	1.593137e-08	3.449248e+01	4.092356e+02
3.950000e-06	4.122458e-09	1.600453e-08	3.460946e+01	4.111932e+02
3.960000e-06	4.136192e-09	1.607404e-08	3.472476e+01	4.131110e+02
3.970000e-06	4.149760e-09	1.614355e-08	3.483867e+01	4.149904e+02
3.980000e-06	4.163138e-09	1.621528e-08	3.495098e+01	4.168328e+02
3.990000e-06	4.176277e-09	1.628577e-08	3.506128e+01	4.186388e+02
4.000000e-06	4.189194e-09	1.635544e-08	3.516973e+01	4.204089e+02
4.010000e-06	4.201922e-09	1.642710e-08	3.527658e+01	4.221430e+02
4.020000e-06	4.214478e-09	1.649651e-08	3.538199e+01	4.238408e+02
4.030000e-06	4.226852e-09	1.655998e-08	3.548588e+01	4.255018e+02
4.040000e-06	4.239043e-09	1.661982e-08	3.558823e+01	4.271255e+02
4.050000e-06	4.251073e-09	1.667560e-08	3.568922e+01	4.287117e+02
4.060000e-06	4.262952e-09	1.672748e-08	3.578895e+01	4.302604e+02
4.070000e-06	4.274663e-09	1.678174e-08	3.588727e+01	4.317721e+02
4.080000e-06	4.286165e-09	1.684058e-08	3.598383e+01	4.332476e+02
4.090000e-06	4.297421e-09	1.689954e-08	3.607832e+01	4.346881e+02
4.100000e-06	4.308421e-09	1.695700e-08	3.617068e+01	4.360950e+02
4.110000e-06	4.319105e-09	1.701187e-08	3.626037e+01	4.374698e+02
4.120000e-06	4.329453e-09	1.706218e-08	3.634724e+01	4.388138e+02
4.130000e-06	4.339470e-09	1.710684e-08	3.643134e+01	4.401280e+02
4.140000e-06	4.349120e-09	1.714993e-08	3.651235e+01	4.414130e+02
4.150000e-06	4.358436e-09	1.719710e-08	3.659057e+01	4.426691e+02
4.160000e-06	4.367458e-09	1.724614e-08	3.666631e+01	4.438960e+02
4.170000e-06	4.376215e-09	1.729350e-08	3.673982e+01	4.450930e+02
4.180000e-06	4.384761e-09	1.733904e-08	3.681157e+01	4.462595e+02
4.190000e-06	4.393143e-09	1.738256e-08	3.688194e+01	4.473945e+02
4.200000e-06	4.401384e-09	1.742058e-08	3.695112e+01	4.484973e+02
4.210000e-06	4.409500e-09	1.744987e-08	3.701926e+01	4.495678e+02
4.220000e-06	4.417501e-09	1.747869e-08	3.708644e+01	4.506060e+02
4.230000e-06	4.425386e-09	1.751747e-08	3.715263e+01	4.516127e+02
4.240000e-06	4.433126e-09	1.756466e-08	3.721761e+01	4.525890e+02
4.250000e-06	4.440706e-09	1.761243e-08	3.728124e+01	4.535366e+02
4.260000e-06	4.448107e-09	1.765308e-08	3.734338e+01	4.544572e+02
4.270000e-06	4.455332e-09	1.768590e-08	3.740404e+01	4.553528e+02
4.280000e-06	4.462353e-09	1.771228e-08	3.746299e+01	4.562249e+02
4.290000e-06	4.469148e-09	1.773395e-08	3.752003e+01	4.570749e+02
4.300000e-06	4.475719e-09	1.775506e-08	3.757520e+01	4.579034e+02
4.310000e-06	4.482099e-09	1.777940e-08	3.762876e+01	4.587106e+02
4.320000e-06	4.488312e-09	1.781329e-08	3.768092e+01	4.594959e+02
4.330000e-06	4.494332e-09	1.785459e-08	3.773146e+01	4.602584e+02
4.340000e-06	4.500154e-09	1.789299e-08	3.778033e+01	4.609966e+02
4.350000e-06	4.505769e-09	1.792201e-08	3.782747e+01	4.617090e+02
4.360000e-06	4.511188e-09	1.794044e-08	3.787297e+01	4.623944e+02
4.370000e-06	4.516400e-09	1.795415e-08	3.791673e+01	4.630516e+02
4.380000e-06	4.521380e-09	1.797147e-08	3.795853e+01	4.636800e+02
4.390000e-06	4.526147e-09	1.799378e-08	3.799855e+01	4.642799e+02
4.400000e-06	4.530712e-09	1.801784e-08	3.803688e+01	4.648520e+02
4.410000e-06	4.535098e-09	1.804615e-08	3.807370e+01	4.653977e+02
4.420000e-06	4.539356e-09	1.807714e-08	3.810945e+01	4.659187e+02
4.430000e-06	4.543512e-09	1.810295e-08	3.814434e+01	4.664174e+02
4.440000e-06	4.547557e-09	1.811845e-08	3.817830e+01	4.668958e+02
4.450000e-06	4.551483e-09	1.812447e-08	3.821126e+01	4.673559e+02
4.460000e-06	4.555291e-09	1.812887e-08	3.824323e+01	4.677995e+02
4.470000e-06	4.558931e-09	1.813851e-08	3.827379e+01	4.682275e+02
4.480000e-06	4.562359e-09	1.815668e-08	3.830257e+01	4.686404e+02
4.490000e-06	4.565556e-09	1.817726e-08	3.832941e+01	4.690378e+02
4.500000e-06	4.568492e-09	1.819559e-08	3.835406e+01	4.694189e+02
4.510000e-06	4.571124e-09	1.821347e-08	3.837615e+01	4.697824e+02
4.520000e-06	4.573431e-09	1.822699e-08	3.839552e+01	4.701266e+02
4.530000e-06	4.575366e-09	1.823206e-08	3.841176e+01	4.704500e+02
4.540000e-06	4.576946e-09	1.823179e-08	3.842503e+01	4.707508e+02
4.550000e-06	4.578210e-09	1.823427e-08	3.843564e+01	4.710279e+02
4.560000e-06	4.579184e-09	1.824370e-08	3.844382e+01	4.712806e+02
4.570000e-06	4.579926e-09	1.825738e-08	3.845004e+01	4.715087e+02
4.580000e-06	4.580449e-09	1.827097e-08	3.845444e+01	4.717128e+02
4.590000e-06	4.580806e-09	1.828054e-08	3.845743e+01	4.718939e+02
4.600000e-06	4.581018e-09	1.828332e-08	3.845921e+01	4.720538e+02
4.610000e-06	4.581091e-09	1.828399e-08	3.845983e+01	4.721944e+02
4.620000e-06	4.581050e-09	1.828554e-08	3.845948e+01	4.723181e+02
4.630000e-06	4.580888e-09	1.828432e-08	3.845812e+01	4.724271e+02
4.640000e-06	4.580570e-09	1.828656e-08	3.845545e+01	4.725238e+02
4.650000e-06	4.580042e-09	1.828571e-08	3.845102e+01	4.726099e+02
4.660000e-06	4.579312e-09	1.824044e-08	3.844489e+01	4.726868e+02
4.670000e-06	4.578376e-09	1.818905e-08	3.843703e+01	4.727553e+02
4.680000e-06	4.577224e-09	1.830997e-08	3.842736e+01	4.728155e+02
4.690000e-06	4.575870e-09	1.850384e-08	3.841599e+01	4.728667e+02
4.700000e-06	4.574296e-09	1.841779e-08	3.840277e+01	4.729077e+02
4.710000e-06	4.572501e-09	1.820989e-08	3.838771e+01	4.729369e+02
4.720000e-06	4.570488e-09	1.829306e-08	3.837080e+01	4.729522e+02
4.730000e-06	4.568260e-09	1.846347e-08	3.835211e+01	4.729517e+02
4.740000e-06	4.565857e-09	1.835932e-08	3.833193e+01	4.729338e+02
4.750000e-06	4.563311e-09	1.822028e-08	3.831055e+01	4.728973e+02
4.760000e-06	4.560577e-09	1.832434e-08	3.828760e+01	4.728423e+02
4.770000e-06	4.557648e-09	1.842510e-08	3.826301e+01	4.727698e+02
4.780000e-06	4.554543e-09	1.830111e-08	3.823694e+01	4.726822e+02
4.790000e-06	4.551235e-09	1.821659e-08	3.820917e+01	4.725834e+02
4.800000e-06	4.547748e-09	1.835556e-08	3.817990e+01	4.724785e+02
4.810000e-06	4.544116e-09	1.841852e-08	3.814941e+01	4.723736e+02
4.820000e-06	4.540356e-09	1.829550e-08	3.811784e+01	4.722755e+02
4.830000e-06	4.536476e-09	1.830933e-08	3.808526e+01	4.721909e+02
4.840000e-06	4.532498e-09	1.845400e-08	3.805186e+01	4.721260e+02
4.850000e-06	4.528411e-09	1.839287e-08	3.801755e+01	4.720859e+02
4.860000e-06	4.524186e-09	1.827479e-08	3.798209e+01	4.720738e+02
4.870000e-06	4.519792e-09	1.839764e-08	3.794520e+01	4.720905e+02
4.880000e-06	4.515161e-09	1.848767e-08	3.790632e+01	4.721347e+02
4.890000e-06	4.510252e-09	1.830910e-08	3.786511e+01	4.722021e+02
4.900000e-06	4.505027e-09	1.823675e-08	3.782124e+01	4.722862e+02
4.910000e-06	4.499438e-09	1.842119e-08	3.777432e+01	4.723788e+02
4.920000e-06	4.493497e-09	1.841117e-08	3.772445e+01	4.724705e+02
4.930000e-06	4.487241e-09	1.823809e-08	3.767192e+01	4.725515e+02
4.940000e-06	4.480624e-09	1.833772e-08	3.761637e+01	4.726132e+02
4.950000e-06	4.473665e-09	1.847973e-08	3.755794e+01	4.726482e+02
4.960000e-06	4.466448e-09	1.835082e-08	3.749735e+01	4.726518e+02
4.970000e-06	4.459010e-09	1.832908e-08	3.743491e+01	4.726224e+02
4.980000e-06	4.451382e-09	1.853114e-08	3.737087e+01	4.725615e+02
4.990000e-06	4.443594e-09	1.847986e-08	3.730549e+01	4.724737e+02
5.000000e-06	4.435693e-09	1.829811e-08	3.723916e+01	4.723664e+02
5.010000e-06	4.427672e-09	1.842701e-08	3.717182e+01	4.722484e+02
5.020000e-06	4.419533e-09	1.852962e-08	3.710349e+01	4.721293e+02
5.030000e-06	4.411270e-09	1.836783e-08	3.703412e+01	4.720182e+02
5.040000e-06	4.402837e-09	1.839312e-08	3.696332e+01	4.719221e+02
5.050000e-06	4.394233e-09	1.855219e-08	3.689108e+01	4.718453e+02
5.060000e-06	4.385414e-09	1.839658e-08	3.681705e+01	4.717883e+02
5.070000e-06	4.376380e-09	1.830144e-08	3.674121e+01	4.717476e+02
5.080000e-06	4.367161e-09	1.851243e-08	3.666381e+01	4.717155e+02
5.090000e-06	4.357739e-09	1.850276e-08	3.658470e+01	4.716806e+02
5.100000e-06	4.348120e-09	1.835437e-08	3.650395e+01	4.716289e+02
5.110000e-06	4.338326e-09	1.850679e-08	3.642173e+01	4.715449e+02
5.120000e-06	4.328360e-09	1.857418e-08	3.633806e+01	4.714130e+02
5.130000e-06	4.318223e-09	1.837702e-08	3.625296e+01	4.712188e+02
5.140000e-06	4.307920e-09	1.841962e-08	3.616646e+01	4.709509e+02
5.150000e-06	4.297396e-09	1.854533e-08	3.607811e+01	4.706013e+02
5.160000e-06	4.286630e-09	1.839268e-08	3.598772e+01	4.701666e+02
5.170000e-06	4.275637e-09	1.832630e-08	3.589543e+01	4.696480e+02
5.180000e-06	4.264405e-09	1.842731e-08	3.580113e+01	4.690510e+02
5.190000e-06	4.252934e-09	1.839001e-08	3.570484e+01	4.683850e+02
5.200000e-06	4.241281e-09	1.833031e-08	3.560700e+01	4.676619e+02
5.210000e-06	4.229486e-09	1.834020e-08	3.550797e+01	4.668951e+02
5.220000e-06	4.217512e-09	1.833908e-08	3.540745e+01	4.660983e+02
5.230000e-06	4.205336e-09	1.830615e-08	3.530523e+01	4.652836e+02
5.240000e-06	4.192951e-09	1.822881e-08	3.520125e+01	4.644615e+02
5.250000e-06	4.180366e-09	1.819577e-08	3.509559e+01	4.636390e+02
5.260000e-06	4.167533e-09	1.820980e-08	3.498786e+01	4.628202e+02
5.270000e-06	4.154397e-09	1.813799e-08	3.487758e+01	4.620058e+02
5.280000e-06	4.140967e-09	1.808145e-08	3.476483e+01	4.611938e+02
5.290000e-06	4.127221e-09	1.812439e-08	3.464943e+01	4.603800e+02
5.300000e-06	4.113171e-09	1.806583e-08	3.453148e+01	4.595589e+02
5.310000e-06	4.098800e-09	1.796362e-08	3.441082e+01	4.587247e+02
5.320000e-06	4.084089e-09	1.799186e-08	3.428732e+01	4.578720e+02
5.330000e-06	4.069088e-09	1.797723e-08	3.416138e+01	4.569969e+02
5.340000e-06	4.053823e-09	1.787691e-08	3.403323e+01	4.560968e+02
5.350000e-06	4.038358e-09	1.786098e-08	3.390339e+01	4.551712e+02
5.360000e-06	4.022742e-09	1.786346e-08	3.377229e+01	4.542213e+02
5.370000e-06	4.006986e-09	1.778748e-08	3.364001e+01	4.532497e+02
5.380000e-06	3.991108e-09	1.773454e-08	3.350671e+01	4.522600e+02
5.390000e-06	3.975124e-09	1.771842e-08	3.337252e+01	4.512562e+02
5.400000e-06	3.959041e-09	1.766993e-08	3.323750e+01	4.502418e+02
5.410000e-06	3.942843e-09	1.762203e-08	3.310151e+01	4.492198e+02
5.420000e-06	3.926498e-09	1.759798e-08	3.296429e+01	4.481922e+02
5.430000e-06	3.910003e-09	1.755727e-08	3.282581e+01	4.471598e+02
5.440000e-06	3.893334e-09	1.749002e-08	3.268586e+01	4.461221e+02
5.450000e-06	3.876462e-09	1.744463e-08	3.254422e+01	4.450778e+02
5.460000e-06	3.859421e-09	1.742122e-08	3.240115e+01	4.440250e+02
5.470000e-06	3.842184e-09	1.737420e-08	3.225644e+01	4.429615e+02
5.480000e-06	3.824747e-09	1.731867e-08	3.211005e+01	4.418855e+02
5.490000e-06	3.807131e-09	1.728469e-08	3.196216e+01	4.407954e+02
5.500000e-06	3.789379e-09	1.724664e-08	3.181313e+01	4.396906e+02
5.510000e-06	3.771537e-09	1.718616e-08	3.166333e+01	4.385711e+02
5.520000e-06	3.753549e-09	1.713515e-08	3.151232e+01	4.374376e+02
5.530000e-06	3.735409e-09	1.709254e-08	3.136002e+01	4.362914e+02
5.540000e-06	3.717137e-09	1.704148e-08	3.120662e+01	4.351340e+02
5.550000e-06	3.698709e-09	1.700417e-08	3.105192e+01	4.339669e+02
5.560000e-06	3.680086e-09	1.697554e-08	3.089557e+01	4.327912e+02
5.570000e-06	3.661269e-09	1.692246e-08	3.073760e+01	4.316075e+02
5.580000e-06	3.642259e-09	1.685793e-08	3.057800e+01	4.304158e+02
5.590000e-06	3.623061e-09	1.681136e-08	3.041683e+01	4.292157e+02
5.600000e-06	3.603696e-09	1.676480e-08	3.025425e+01	4.280060e+02
5.610000e-06	3.584181e-09	1.670737e-08	3.009041e+01	4.267855e+02
5.620000e-06	3.564536e-09	1.665713e-08	2.992549e+01	4.255529e+02
5.630000e-06	3.544803e-09	1.661653e-08	2.975983e+01	4.243071e+02
5.640000e-06	3.524994e-09	1.657339e-08	2.959352e+01	4.230477e+02
5.650000e-06	3.505101e-09	1.652382e-08	2.942651e+01	4.217746e+02
5.660000e-06	3.485149e-09	1.646821e-08	2.925901e+01	4.204883e+02
5.670000e-06	3.465130e-09	1.640459e-08	2.909094e+01	4.191899e+02
5.680000e-06	3.445044e-09	1.634614e-08	2.892231e+01	4.178808e+02
5.690000e-06	3.424869e-09	1.629968e-08	2.875293e+01	4.165624e+02
5.700000e-06	3.404558e-09	1.625429e-08	2.858241e+01	4.152360e+02
5.710000e-06	3.384091e-09	1.620339e-08	2.841059e+01	4.139026e+02
5.720000e-06	3.363440e-09	1.615398e-08	2.823721e+01	4.125622e+02
5.730000e-06	3.342568e-09	1.610860e-08	2.806199e+01	4.112147e+02
5.740000e-06	3.321447e-09	1.605499e-08	2.788467e+01	4.098588e+02
5.750000e-06	3.300041e-09	1.599082e-08	2.770496e+01	4.084932e+02
5.760000e-06	3.278350e-09	1.592470e-08	2.752286e+01	4.071161e+02
5.770000e-06	3.256377e-09	1.586864e-08	2.733838e+01	4.057255e+02
5.780000e-06	3.234126e-09	1.582227e-08	2.715158e+01	4.043201e+02
5.790000e-06	3.211577e-09	1.577128e-08	2.696228e+01	4.028987e+02
5.800000e-06	3.188791e-09	1.571179e-08	2.677098e+01	4.014611e+02
5.810000e-06	3.165830e-09	1.565386e-08	2.657821e+01	4.000077e+02
5.820000e-06	3.142692e-09	1.560315e-08	2.638396e+01	3.985395e+02
5.830000e-06	3.119388e-09	1.554907e-08	2.618832e+01	3.970582e+02
5.840000e-06	3.095908e-09	1.548636e-08	2.599119e+01	3.955657e+02
5.850000e-06	3.072289e-09	1.542053e-08	2.579291e+01	3.940640e+02
5.860000e-06	3.048584e-09	1.535770e-08	2.559390e+01	3.925547e+02
5.870000e-06	3.024812e-09	1.529780e-08	2.539432e+01	3.910391e+02
5.880000e-06	3.000971e-09	1.523524e-08	2.519417e+01	3.895175e+02
5.890000e-06	2.977062e-09	1.517090e-08	2.499344e+01	3.879898e+02
5.900000e-06	2.953082e-09	1.511157e-08	2.479212e+01	3.864550e+02
5.910000e-06	2.929023e-09	1.506072e-08	2.459013e+01	3.849119e+02
5.920000e-06	2.904892e-09	1.500910e-08	2.438755e+01	3.833588e+02
5.930000e-06	2.880685e-09	1.494667e-08	2.418432e+01	3.817942e+02
5.940000e-06	2.856374e-09	1.487419e-08	2.398023e+01	3.802167e+02
5.950000e-06	2.831948e-09	1.480159e-08	2.377516e+01	3.786257e+02
5.960000e-06	2.807404e-09	1.473767e-08	2.356910e+01	3.770212e+02
5.970000e-06	2.782734e-09	1.467933e-08	2.336199e+01	3.754037e+02
5.980000e-06	2.757886e-09	1.461830e-08	2.315338e+01	3.737745e+02
5.990000e-06	2.732894e-09	1.455351e-08	2.294357e+01	3.721354e+02
6.000000e-06	2.707772e-09	1.449048e-08	2.273266e+01	3.704881e+02
6.010000e-06	2.682486e-09	1.442813e-08	2.252038e+01	3.688343e+02
6.020000e-06	2.657074e-09	1.436049e-08	2.230703e+01	3.671752e+02
6.030000e-06	2.631558e-09	1.429032e-08	2.209281e+01	3.655116e+02
6.040000e-06	2.605949e-09	1.422619e-08	2.187782e+01	3.638431e+02
6.050000e-06	2.580231e-09	1.416475e-08	2.166191e+01	3.621689e+02
6.060000e-06	2.554404e-09	1.409858e-08	2.144508e+01	3.604873e+02
6.070000e-06	2.528482e-09	1.402805e-08	2.122746e+01	3.587962e+02
6.080000e-06	2.502465e-09	1.395359e-08	2.100904e+01	3.570935e+02
6.090000e-06	2.476345e-09	1.387894e-08	2.078975e+01	3.553770e+02
6.100000e-06	2.450112e-09	1.381037e-08	2.056952e+01	3.536452e+02
6.110000e-06	2.423782e-09	1.374467e-08	2.034846e+01	3.518973e+02
6.120000e-06	2.397350e-09	1.367561e-08	2.012656e+01	3.501332e+02
6.130000e-06	2.370820e-09	1.360866e-08	1.990383e+01	3.483540e+02
6.140000e-06	2.344171e-09	1.354757e-08	1.968010e+01	3.465612e+02
6.150000e-06	2.317376e-09	1.347940e-08	1.945515e+01	3.447572e+02
6.160000e-06	2.290461e-09	1.339777e-08	1.922919e+01	3.429444e+02
6.170000e-06	2.263412e-09	1.331225e-08	1.900210e+01	3.411252e+02
6.180000e-06	2.236241e-09	1.323200e-08	1.877400e+01	3.393016e+02
6.190000e-06	2.208973e-09	1.315881e-08	1.854507e+01	3.374749e+02
6.200000e-06	2.181585e-09	1.308943e-08	1.831514e+01	3.356454e+02
6.210000e-06	2.154083e-09	1.302384e-08	1.808425e+01	3.338126e+02
6.220000e-06	2.126505e-09	1.296171e-08	1.785272e+01	3.319752e+02
6.230000e-06	2.098868e-09	1.289787e-08	1.762070e+01	3.301310e+02
6.240000e-06	2.071160e-09	1.282451e-08	1.738808e+01	3.282779e+02
6.250000e-06	2.043415e-09	1.273916e-08	1.715515e+01	3.264133e+02
6.260000e-06	2.015622e-09	1.265206e-08	1.692182e+01	3.245352e+02
6.270000e-06	1.987765e-09	1.257224e-08	1.668795e+01	3.226421e+02
6.280000e-06	1.959864e-09	1.249936e-08	1.645371e+01	3.207333e+02
6.290000e-06	1.931942e-09	1.242652e-08	1.621929e+01	3.188089e+02
6.300000e-06	1.903991e-09	1.234911e-08	1.598464e+01	3.168700e+02
6.310000e-06	1.875996e-09	1.227366e-08	1.574960e+01	3.149181e+02
6.320000e-06	1.847946e-09	1.220174e-08	1.551412e+01	3.129553e+02
6.330000e-06	1.819857e-09	1.212970e-08	1.527830e+01	3.109837e+02
6.340000e-06	1.791739e-09	1.205564e-08	1.504224e+01	3.090052e+02
6.350000e-06	1.763572e-09	1.198117e-08	1.480577e+01	3.070211e+02
6.360000e-06	1.735337e-09	1.190688e-08	1.456872e+01	3.050322e+02
6.370000e-06	1.707033e-09	1.182704e-08	1.433111e+01	3.030383e+02
6.380000e-06	1.678651e-09	1.173856e-08	1.409282e+01	3.010386e+02
6.390000e-06	1.650188e-09	1.164655e-08	1.385387e+01	2.990314e+02
6.400000e-06	1.621668e-09	1.156313e-08	1.361444e+01	2.970148e+02
6.410000e-06	1.593062e-09	1.148976e-08	1.337428e+01	2.949866e+02
6.420000e-06	1.564328e-09	1.142153e-08	1.313305e+01	2.929449e+02
6.430000e-06	1.535492e-09	1.135553e-08	1.289096e+01	2.908879e+02
6.440000e-06	1.506581e-09	1.128233e-08	1.264824e+01	2.888147e+02
6.450000e-06	1.477556e-09	1.119666e-08	1.240457e+01	2.867249e+02
6.460000e-06	1.448393e-09	1.110334e-08	1.215974e+01	2.846189e+02
6.470000e-06	1.419129e-09	1.100942e-08	1.191406e+01	2.824978e+02
6.480000e-06	1.389762e-09	1.091921e-08	1.166751e+01	2.803631e+02
6.490000e-06	1.360282e-09	1.083668e-08	1.142001e+01	2.782166e+02
6.500000e-06	1.330702e-09	1.076041e-08	1.117168e+01	2.760601e+02
6.510000e-06	1.301046e-09	1.068604e-08	1.092271e+01	2.738951e+02
6.520000e-06	1.271302e-09	1.061000e-08	1.067300e+01	2.717229e+02
6.530000e-06	1.241429e-09	1.052567e-08	1.042221e+01	2.695440e+02
6.540000e-06	1.211445e-09	1.043598e-08	1.017048e+01	2.673585e+02
6.550000e-06	1.181363e-09	1.034666e-08	9.917937e+00	2.651661e+02
6.560000e-06	1.151228e-09	1.025648e-08	9.664945e+00	2.629658e+02
6.570000e-06	1.121015e-09	1.016395e-08	9.411297e+00	2.607565e+02
6.580000e-06	1.090676e-09	1.007146e-08	9.156585e+00	2.585371e+02
6.590000e-06	1.060251e-09	9.981898e-09	8.901163e+00	2.563065e+02
6.600000e-06	1.029761e-09	9.895748e-09	8.645185e+00	2.540639e+02
6.610000e-06	9.991713e-10	9.814448e-09	8.388377e+00	2.518088e+02
6.620000e-06	9.684781e-10	9.735296e-09	8.130698e+00	2.495412e+02
6.630000e-06	9.377102e-10	9.650708e-09	7.872391e+00	2.472613e+02
6.640000e-06	9.068669e-10	9.558203e-09	7.613451e+00	2.449699e+02
6.650000e-06	8.759657e-10	9.463128e-09	7.354025e+00	2.426678e+02
6.660000e-06	8.450084e-10	9.368049e-09	7.094129e+00	2.403557e+02
6.670000e-06	8.139746e-10	9.269876e-09	6.833590e+00	2.380345e+02
6.680000e-06	7.829069e-10	9.172382e-09	6.572765e+00	2.357048e+02
6.690000e-06	7.518181e-10	9.083387e-09	6.311764e+00	2.333669e+02
6.700000e-06	7.206758e-10	9.000882e-09	6.050315e+00	2.310209e+02
6.710000e-06	6.894698e-10	8.915547e-09	5.788331e+00	2.286663e+02
6.720000e-06	6.582144e-10	8.823641e-09	5.525931e+00	2.263027e+02
6.730000e-06	6.269297e-10	8.728132e-09	5.263285e+00	2.239294e+02
6.740000e-06	5.956209e-10	8.631150e-09	5.000436e+00	2.215454e+02
6.750000e-06	5.642816e-10	8.532950e-09	4.737333e+00	2.191499e+02
6.760000e-06	5.329079e-10	8.432997e-09	4.473939e+00	2.167421e+02
6.770000e-06	5.015182e-10	8.333621e-09	4.210411e+00	2.143211e+02
6.780000e-06	4.701201e-10	8.238841e-09	3.946813e+00	2.118863e+02
6.790000e-06	4.387084e-10	8.147866e-09	3.683100e+00	2.094373e+02
6.800000e-06	4.072763e-10	8.055883e-09	3.419217e+00	2.069736e+02
6.810000e-06	3.758151e-10	7.960480e-09	3.155089e+00	2.044951e+02
6.820000e-06	3.443531e-10	7.862453e-09	2.890954e+00	2.020016e+02
6.830000e-06	3.128796e-10	7.761959e-09	2.626724e+00	1.994931e+02
6.840000e-06	2.813734e-10	7.661507e-09	2.362217e+00	1.969696e+02
6.850000e-06	2.498792e-10	7.562863e-09	2.097812e+00	1.944314e+02
6.860000e-06	2.183873e-10	7.462498e-09	1.833426e+00	1.918787e+02
6.870000e-06	1.868593e-10	7.356918e-09	1.568738e+00	1.893117e+02
6.880000e-06	1.553120e-10	7.252436e-09	1.303887e+00	1.867310e+02
6.890000e-06	1.237592e-10	7.153761e-09	1.038990e+00	1.841369e+02
6.900000e-06	9.221257e-11	7.054025e-09	7.741449e-01	1.815297e+02
6.910000e-06	6.067859e-11	6.951302e-09	5.094061e-01	1.789099e+02
6.920000e-06	2.913912e-11	6.850593e-09	2.446212e-01	1.762776e+02
6.930000e-06	-2.410874e-12	6.753241e-09	-2.025205e-02	1.736327e+02
6.940000e-06	-3.395889e-11	6.652427e-09	-2.851090e-01	1.709751e+02
6.950000e-06	-6.548212e-11	6.543445e-09	-5.497581e-01	1.683042e+02
6.960000e-06	-9.699128e-11	6.432102e-09	-8.142890e-01	1.656191e+02
6.970000e-06	-1.285138e-10	6.325135e-09	-1.078931e+00	1.629189e+02
6.980000e-06	-1.600435e-10	6.222950e-09	-1.343634e+00	1.602024e+02
6.990000e-06	-1.915785e-10	6.120234e-09	-1.608382e+00	1.574683e+02
7.000000e-06	-2.230988e-10	6.012296e-09	-1.873006e+00	1.547154e+02
7.010000e-06	-2.545903e-10	5.902184e-09	-2.137388e+00	1.519428e+02
7.020000e-06	-2.860772e-10	5.795274e-09	-2.401731e+00	1.491498e+02
7.030000e-06	-3.175541e-10	5.687760e-09	-2.665991e+00	1.463361e+02
7.040000e-06	-3.490193e-10	5.574999e-09	-2.930152e+00	1.435017e+02
7.050000e-06	-3.804575e-10	5.461691e-09	-3.194087e+00	1.406471e+02
7.060000e-06	-4.118671e-10	5.353017e-09	-3.457782e+00	1.377729e+02
7.070000e-06	-4.432828e-10	5.245841e-09	-3.721527e+00	1.348799e+02
7.080000e-06	-4.746817e-10	5.132497e-09	-3.985131e+00	1.319690e+02
7.090000e-06	-5.060481e-10	5.013944e-09	-4.248463e+00	1.290409e+02
7.100000e-06	-5.374028e-10	4.897716e-09	-4.511697e+00	1.260959e+02
7.110000e-06	-5.687231e-10	4.784433e-09	-4.774641e+00	1.231341e+02
7.120000e-06	-5.999872e-10	4.669945e-09	-5.037114e+00	1.201549e+02
7.130000e-06	-6.312076e-10	4.554470e-09	-5.299220e+00	1.171575e+02
7.140000e-06	-6.623990e-10	4.441417e-09	-5.561083e+00	1.141407e+02
7.150000e-06	-6.935540e-10	4.328461e-09	-5.822639e+00	1.111029e+02
7.160000e-06	-7.246646e-10	4.209103e-09	-6.083823e+00	1.080426e+02
7.170000e-06	-7.557435e-10	4.082730e-09	-6.344741e+00	1.049584e+02
7.180000e-06	-7.867958e-10	3.956184e-09	-6.605436e+00	1.018490e+02
7.190000e-06	-8.177809e-10	3.834544e-09	-6.865567e+00	9.871391e+01
7.200000e-06	-8.486992e-10	3.716064e-09	-7.125136e+00	9.555271e+01
7.210000e-06	-8.795659e-10	3.596173e-09	-7.384273e+00	9.236568e+01
7.220000e-06	-9.103678e-10	3.472421e-09	-7.642865e+00	8.915347e+01
7.230000e-06	-9.411278e-10	3.348262e-09	-7.901106e+00	8.591707e+01
7.240000e-06	-9.718127e-10	3.225548e-09	-8.158716e+00	8.265759e+01
7.250000e-06	-1.002398e-09	3.098143e-09	-8.415491e+00	7.937614e+01
7.260000e-06	-1.032899e-09	2.960690e-09	-8.671552e+00	7.607360e+01
7.270000e-06	-1.063313e-09	2.823346e-09	-8.926894e+00	7.275054e+01
7.280000e-06	-1.093652e-09	2.699737e-09	-9.181600e+00	6.940714e+01
7.290000e-06	-1.123908e-09	2.580361e-09	-9.435603e+00	6.604315e+01
7.300000e-06	-1.154073e-09	2.448908e-09	-9.688847e+00	6.265796e+01
7.310000e-06	-1.184136e-09	2.308326e-09	-9.941240e+00	5.925074e+01
7.320000e-06	-1.214074e-09	2.171189e-09	-1.019258e+01	5.582059e+01
7.330000e-06	-1.243885e-09	2.039300e-09	-1.044285e+01	5.236670e+01
7.340000e-06	-1.273586e-09	1.906393e-09	-1.069220e+01	4.888852e+01
7.350000e-06	-1.303190e-09	1.768346e-09	-1.094073e+01	4.538590e+01
7.360000e-06	-1.332687e-09	1.630181e-09	-1.118837e+01	4.185912e+01
7.370000e-06	-1.362096e-09	1.497602e-09	-1.143527e+01	3.830893e+01
7.380000e-06	-1.391393e-09	1.361539e-09	-1.168123e+01	3.473643e+01
7.390000e-06	-1.420526e-09	1.215038e-09	-1.192581e+01	3.114296e+01
7.400000e-06	-1.449539e-09	1.064651e-09	-1.216938e+01	2.752990e+01
7.410000e-06	-1.478491e-09	9.198877e-10	-1.241244e+01	2.389851e+01
7.420000e-06	-1.507355e-09	7.830059e-10	-1.265476e+01	2.024973e+01
7.430000e-06	-1.536107e-09	6.501725e-10	-1.289615e+01	1.658406e+01
7.440000e-06	-1.564785e-09	5.136902e-10	-1.313691e+01	1.290148e+01
7.450000e-06	-1.593388e-09	3.676581e-10	-1.337704e+01	9.201436e+00
7.460000e-06	-1.621883e-09	2.180726e-10	-1.361627e+01	5.482948e+00
7.470000e-06	-1.650300e-09	6.938956e-11	-1.385483e+01	1.744714e+00
7.480000e-06	-1.678652e-09	-8.130058e-11	-1.409286e+01	-2.014693e+00
7.490000e-06	-1.706920e-09	-2.345396e-10	-1.433018e+01	-5.796638e+00
7.500000e-06	-1.735115e-09	-3.868587e-10	-1.456689e+01	-9.602240e+00
7.510000e-06	-1.763263e-09	-5.339475e-10	-1.480320e+01	-1.343223e+01
7.520000e-06	-1.791365e-09	-6.769403e-10	-1.503913e+01	-1.728688e+01
7.530000e-06	-1.819412e-09	-8.211833e-10	-1.527459e+01	-2.116596e+01
7.540000e-06	-1.847409e-09	-9.714505e-10	-1.550963e+01	-2.506886e+01
7.550000e-06	-1.875374e-09	-1.127715e-09	-1.574441e+01	-2.899464e+01
7.560000e-06	-1.903308e-09	-1.285508e-09	-1.597893e+01	-3.294225e+01
7.570000e-06	-1.931213e-09	-1.443932e-09	-1.621320e+01	-3.691064e+01
7.580000e-06	-1.959088e-09	-1.604590e-09	-1.644722e+01	-4.089899e+01
7.590000e-06	-1.986918e-09	-1.763247e-09	-1.668086e+01	-4.490677e+01
7.600000e-06	-2.014708e-09	-1.914495e-09	-1.691417e+01	-4.893384e+01
7.610000e-06	-2.042453e-09	-2.062726e-09	-1.714710e+01	-5.298041e+01
7.620000e-06	-2.070138e-09	-2.217290e-09	-1.737952e+01	-5.704698e+01
7.630000e-06	-2.097757e-09	-2.379918e-09	-1.761140e+01	-6.113423e+01
7.640000e-06	-2.125290e-09	-2.543441e-09	-1.784255e+01	-6.524284e+01
7.650000e-06	-2.152747e-09	-2.703031e-09	-1.807305e+01	-6.937333e+01
7.660000e-06	-2.180114e-09	-2.863381e-09	-1.830281e+01	-7.352593e+01
7.670000e-06	-2.207351e-09	-3.026035e-09	-1.853147e+01	-7.770048e+01
7.680000e-06	-2.234472e-09	-3.187648e-09	-1.875916e+01	-8.189637e+01
7.690000e-06	-2.261483e-09	-3.348967e-09	-1.898593e+01	-8.611264e+01
7.700000e-06	-2.288353e-09	-3.511863e-09	-1.921151e+01	-9.034798e+01
7.710000e-06	-2.315104e-09	-3.678889e-09	-1.943609e+01	-9.460099e+01
7.720000e-06	-2.341757e-09	-3.850767e-09	-1.965986e+01	-9.887026e+01
7.730000e-06	-2.368305e-09	-4.019264e-09	-1.988273e+01	-1.031546e+02
7.740000e-06	-2.394748e-09	-4.178735e-09	-2.010474e+01	-1.074531e+02
7.750000e-06	-2.421073e-09	-4.338161e-09	-2.032574e+01	-1.117654e+02
7.760000e-06	-2.447261e-09	-4.502561e-09	-2.054560e+01	-1.160915e+02
7.770000e-06	-2.473340e-09	-4.666845e-09	-2.076454e+01	-1.204318e+02
7.780000e-06	-2.499332e-09	-4.833264e-09	-2.098275e+01	-1.247869e+02
7.790000e-06	-2.525211e-09	-5.008610e-09	-2.120002e+01	-1.291579e+02
7.800000e-06	-2.550972e-09	-5.189679e-09	-2.141629e+01	-1.335452e+02
7.810000e-06	-2.576628e-09	-5.365565e-09	-2.163168e+01	-1.379494e+02
7.820000e-06	-2.602189e-09	-5.532006e-09	-2.184628e+01	-1.423703e+02
7.830000e-06	-2.627635e-09	-5.694781e-09	-2.205990e+01	-1.468075e+02
7.840000e-06	-2.652943e-09	-5.861274e-09	-2.227237e+01	-1.512596e+02
7.850000e-06	-2.678122e-09	-6.031922e-09	-2.248376e+01	-1.557248e+02
7.860000e-06	-2.703160e-09	-6.204872e-09	-2.269396e+01	-1.602009e+02
7.870000e-06	-2.728066e-09	-6.382385e-09	-2.290305e+01	-1.646852e+02
7.880000e-06	-2.752829e-09	-6.565799e-09	-2.311095e+01	-1.691751e+02
7.890000e-06	-2.777430e-09	-6.749857e-09	-2.331748e+01	-1.736677e+02
7.900000e-06	-2.801919e-09	-6.926214e-09	-2.352307e+01	-1.781607e+02
7.910000e-06	-2.826302e-09	-7.095127e-09	-2.372778e+01	-1.826519e+02
7.920000e-06	-2.850577e-09	-7.262209e-09	-2.393158e+01	-1.871395e+02
7.930000e-06	-2.874758e-09	-7.429803e-09	-2.413458e+01	-1.916222e+02
7.940000e-06	-2.898858e-09	-7.600868e-09	-2.433692e+01	-1.960988e+02
7.950000e-06	-2.922897e-09	-7.776460e-09	-2.453873e+01	-2.005684e+02
7.960000e-06	-2.946870e-09	-7.954511e-09	-2.473999e+01	-2.050302e+02
7.970000e-06	-2.970769e-09	-8.134664e-09	-2.494064e+01	-2.094830e+02
7.980000e-06	-2.994605e-09	-8.314272e-09	-2.514074e+01	-2.139258e+02
7.990000e-06	-3.018362e-09	-8.488834e-09	-2.534019e+01	-2.183570e+02
8.000000e-06	-3.042032e-09	-8.658294e-09	-2.553891e+01	-2.227748e+02
8.010000e-06	-3.065595e-09	-8.827246e-09	-2.573673e+01	-2.271771e+02
8.020000e-06	-3.089052e-09	-8.997522e-09	-2.593366e+01	-2.315617e+02
8.030000e-06	-3.112383e-09	-9.167676e-09	-2.612953e+01	-2.359263e+02
8.040000e-06	-3.135538e-09	-9.336425e-09	-2.632393e+01	-2.402687e+02
8.050000e-06	-3.158520e-09	-9.502594e-09	-2.651686e+01	-2.445869e+02
8.060000e-06	-3.181318e-09	-9.667061e-09	-2.670826e+01	-2.488791e+02
8.070000e-06	-3.203884e-09	-9.834553e-09	-2.689771e+01	-2.531440e+02
8.080000e-06	-3.226199e-09	-1.000582e-08	-2.708505e+01	-2.573804e+02
8.090000e-06	-3.248259e-09	-1.017437e-08	-2.727025e+01	-2.615873e+02
8.100000e-06	-3.270049e-09	-1.033893e-08	-2.745318e+01	-2.657638e+02
8.110000e-06	-3.291593e-09	-1.050424e-08	-2.763406e+01	-2.699090e+02
8.120000e-06	-3.312868e-09	-1.066852e-08	-2.781267e+01	-2.740216e+02
8.130000e-06	-3.333880e-09	-1.082751e-08	-2.798907e+01	-2.781002e+02
8.140000e-06	-3.354670e-09	-1.098198e-08	-2.816361e+01	-2.821427e+02
8.150000e-06	-3.375250e-09	-1.113447e-08	-2.833638e+01	-2.861469e+02
8.160000e-06	-3.395655e-09	-1.128992e-08	-2.850769e+01	-2.901103e+02
8.170000e-06	-3.415919e-09	-1.144928e-08	-2.867781e+01	-2.940303e+02
8.180000e-06	-3.436069e-09	-1.160480e-08	-2.884698e+01	-2.979040e+02
8.190000e-06	-3.456133e-09	-1.175244e-08	-2.901542e+01	-3.017292e+02
8.200000e-06	-3.476135e-09	-1.190155e-08	-2.918335e+01	-3.055039e+02
8.210000e-06	-3.496062e-09	-1.205457e-08	-2.935064e+01	-3.092266e+02
8.220000e-06	-3.515902e-09	-1.219996e-08	-2.951720e+01	-3.128967e+02
8.230000e-06	-3.535645e-09	-1.233572e-08	-2.968296e+01	-3.165140e+02
8.240000e-06	-3.555291e-09	-1.247046e-08	-2.984789e+01	-3.200791e+02
8.250000e-06	-3.574815e-09	-1.260718e-08	-3.001180e+01	-3.235930e+02
8.260000e-06	-3.594196e-09	-1.274192e-08	-3.017451e+01	-3.270569e+02
8.270000e-06	-3.613414e-09	-1.287414e-08	-3.033585e+01	-3.304721e+02
8.280000e-06	-3.632445e-09	-1.300806e-08	-3.049563e+01	-3.338396e+02
8.290000e-06	-3.651298e-09	-1.314734e-08	-3.065390e+01	-3.371601e+02
8.300000e-06	-3.669991e-09	-1.328658e-08	-3.081083e+01	-3.404340e+02
8.310000e-06	-3.688513e-09	-1.341419e-08	-3.096633e+01	-3.436610e+02
8.320000e-06	-3.706860e-09	-1.352864e-08	-3.112036e+01	-3.468403e+02
8.330000e-06	-3.725064e-09	-1.363951e-08	-3.127319e+01	-3.499710e+02
8.340000e-06	-3.743129e-09	-1.375383e-08	-3.142485e+01	-3.530517e+02
8.350000e-06	-3.761057e-09	-1.387055e-08	-3.157536e+01	-3.560814e+02
8.360000e-06	-3.778840e-09	-1.398893e-08	-3.172466e+01	-3.590588e+02
8.370000e-06	-3.796469e-09	-1.410916e-08	-3.187266e+01	-3.619835e+02
8.380000e-06	-3.813940e-09	-1.422939e-08	-3.201933e+01	-3.648551e+02
8.390000e-06	-3.831231e-09	-1.434503e-08	-3.216450e+01	-3.676739e+02
8.400000e-06	-3.848363e-09	-1.445105e-08	-3.230833e+01	-3.704407e+02
8.410000e-06	-3.865308e-09	-1.454960e-08	-3.245059e+01	-3.731566e+02
8.420000e-06	-3.882034e-09	-1.464812e-08	-3.259100e+01	-3.758227e+02
8.430000e-06	-3.898589e-09	-1.474955e-08	-3.272999e+01	-3.784403e+02
8.440000e-06	-3.914970e-09	-1.485072e-08	-3.286751e+01	-3.810105e+02
8.450000e-06	-3.931208e-09	-1.495017e-08	-3.300384e+01	-3.835341e+02
8.460000e-06	-3.947348e-09	-1.504787e-08	-3.313934e+01	-3.860115e+02
8.470000e-06	-3.963383e-09	-1.514385e-08	-3.327396e+01	-3.884429e+02
8.480000e-06	-3.979325e-09	-1.523954e-08	-3.340780e+01	-3.908279e+02
8.490000e-06	-3.995152e-09	-1.533343e-08	-3.354068e+01	-3.931662e+02
8.500000e-06	-4.010866e-09	-1.542383e-08	-3.367260e+01	-3.954572e+02
8.510000e-06	-4.026430e-09	-1.551056e-08	-3.380326e+01	-3.977007e+02
8.520000e-06	-4.041782e-09	-1.559157e-08	-3.393215e+01	-3.998965e+02
8.530000e-06	-4.056896e-09	-1.566724e-08	-3.405903e+01	-4.020449e+02
8.540000e-06	-4.071756e-09	-1.574298e-08	-3.418379e+01	-4.041468e+02
8.550000e-06	-4.086301e-09	-1.582476e-08	-3.430590e+01	-4.062033e+02
8.560000e-06	-4.100486e-09	-1.591154e-08	-3.442498e+01	-4.082159e+02
8.570000e-06	-4.114324e-09	-1.599688e-08	-3.454116e+01	-4.101864e+02
8.580000e-06	-4.127811e-09	-1.607856e-08	-3.465439e+01	-4.121165e+02
8.590000e-06	-4.140979e-09	-1.615443e-08	-3.476494e+01	-4.140078e+02
8.600000e-06	-4.153884e-09	-1.622023e-08	-3.487327e+01	-4.158617e+02
8.610000e-06	-4.166556e-09	-1.628053e-08	-3.497966e+01	-4.176791e+02
8.620000e-06	-4.179003e-09	-1.634681e-08	-3.508416e+01	-4.194605e+02
8.630000e-06	-4.191274e-09	-1.642099e-08	-3.518718e+01	-4.212059e+02
8.640000e-06	-4.203404e-09	-1.649675e-08	-3.528901e+01	-4.229151e+02
8.650000e-06	-4.215371e-09	-1.657319e-08	-3.538948e+01	-4.245876e+02
8.660000e-06	-4.227166e-09	-1.664740e-08	-3.548851e+01	-4.262230e+02
8.670000e-06	-4.238766e-09	-1.670988e-08	-3.558589e+01	-4.278209e+02
8.680000e-06	-4.250163e-09	-1.675978e-08	-3.568158e+01	-4.293812e+02
8.690000e-06	-4.261384e-09	-1.680672e-08	-3.577578e+01	-4.309043e+02
8.700000e-06	-4.272397e-09	-1.685966e-08	-3.586823e+01	-4.323910e+02
8.710000e-06	-4.283179e-09	-1.692124e-08	-3.595875e+01	-4.338423e+02
8.720000e-06	-4.293763e-09	-1.698598e-08	-3.604761e+01	-4.352596e+02
8.730000e-06	-4.304165e-09	-1.704939e-08	-3.613494e+01	-4.366443e+02
8.740000e-06	-4.314385e-09	-1.711408e-08	-3.622074e+01	-4.379978e+02
8.750000e-06	-4.324459e-09	-1.717328e-08	-3.630531e+01	-4.393213e+02
8.760000e-06	-4.334379e-09	-1.721599e-08	-3.638860e+01	-4.406154e+02
8.770000e-06	-4.344122e-09	-1.725068e-08	-3.647040e+01	-4.418806e+02
8.780000e-06	-4.353694e-09	-1.729465e-08	-3.655075e+01	-4.431167e+02
8.790000e-06	-4.363074e-09	-1.734891e-08	-3.662950e+01	-4.443231e+02
8.800000e-06	-4.372214e-09	-1.740391e-08	-3.670624e+01	-4.454992e+02
8.810000e-06	-4.381127e-09	-1.745936e-08	-3.678107e+01	-4.466441e+02
8.820000e-06	-4.389843e-09	-1.751396e-08	-3.685424e+01	-4.477570e+02
8.830000e-06	-4.398369e-09	-1.755803e-08	-3.692582e+01	-4.488376e+02
8.840000e-06	-4.406716e-09	-1.758890e-08	-3.699589e+01	-4.498858e+02
8.850000e-06	-4.414902e-09	-1.761422e-08	-3.706461e+01	-4.509022e+02
8.860000e-06	-4.422977e-09	-1.764256e-08	-3.713241e+01	-4.518879e+02
8.870000e-06	-4.430957e-09	-1.768199e-08	-3.719940e+01	-4.528443e+02
8.880000e-06	-4.438832e-09	-1.773438e-08	-3.726551e+01	-4.537731e+02
8.890000e-06	-4.446588e-09	-1.778722e-08	-3.733063e+01	-4.546764e+02
8.900000e-06	-4.454216e-09	-1.783095e-08	-3.739467e+01	-4.555557e+02
8.910000e-06	-4.461676e-09	-1.786689e-08	-3.745730e+01	-4.564125e+02
8.920000e-06	-4.468908e-09	-1.789510e-08	-3.751802e+01	-4.572477e+02
8.930000e-06	-4.475872e-09	-1.791699e-08	-3.757648e+01	-4.580616e+02
8.940000e-06	-4.482554e-09	-1.793879e-08	-3.763258e+01	-4.588538e+02
8.950000e-06	-4.488928e-09	-1.796562e-08	-3.768609e+01	-4.596234e+02
8.960000e-06	-4.494969e-09	-1.799722e-08	-3.773680e+01	-4.603692e+02
8.970000e-06	-4.500658e-09	-1.803139e-08	-3.778457e+01	-4.610898e+02
8.980000e-06	-4.505999e-09	-1.806457e-08	-3.782941e+01	-4.617836e+02
8.990000e-06	-4.511008e-09	-1.809250e-08	-3.787146e+01	-4.624496e+02
9.000000e-06	-4.515734e-09	-1.811583e-08	-3.791113e+01	-4.630870e+02
9.010000e-06	-4.520240e-09	-1.813667e-08	-3.794896e+01	-4.636957e+02
9.020000e-06	-4.524567e-09	-1.815686e-08	-3.798529e+01	-4.642764e+02
9.030000e-06	-4.528736e-09	-1.817993e-08	-3.802029e+01	-4.648302e+02
9.040000e-06	-4.532779e-09	-1.820493e-08	-3.805423e+01	-4.653588e+02
9.050000e-06	-4.536725e-09	-1.822444e-08	-3.808736e+01	-4.658643e+02
9.060000e-06	-4.540556e-09	-1.823967e-08	-3.811952e+01	-4.663489e+02
9.070000e-06	-4.544255e-09	-1.825728e-08	-3.815058e+01	-4.668147e+02
9.080000e-06	-4.547789e-09	-1.827682e-08	-3.818024e+01	-4.672633e+02
9.090000e-06	-4.551139e-09	-1.829740e-08	-3.820837e+01	-4.676961e+02
9.100000e-06	-4.554287e-09	-1.831710e-08	-3.823479e+01	-4.681135e+02
9.110000e-06	-4.557189e-09	-1.833565e-08	-3.825916e+01	-4.685157e+02
9.120000e-06	-4.559862e-09	-1.835404e-08	-3.828160e+01	-4.689018e+02
9.130000e-06	-4.562344e-09	-1.836945e-08	-3.830244e+01	-4.692707e+02
9.140000e-06	-4.564641e-09	-1.838010e-08	-3.832173e+01	-4.696209e+02
9.150000e-06	-4.566771e-09	-1.838899e-08	-3.833960e+01	-4.699507e+02
9.160000e-06	-4.568756e-09	-1.839963e-08	-3.835627e+01	-4.702585e+02
9.170000e-06	-4.570597e-09	-1.841151e-08	-3.837172e+01	-4.705431e+02
9.180000e-06	-4.572242e-09	-1.842682e-08	-3.838553e+01	-4.708035e+02
9.190000e-06	-4.573575e-09	-1.844596e-08	-3.839672e+01	-4.710394e+02
9.200000e-06	-4.574648e-09	-1.846178e-08	-3.840574e+01	-4.712511e+02
9.210000e-06	-4.575593e-09	-1.847107e-08	-3.841367e+01	-4.714395e+02
9.220000e-06	-4.576380e-09	-1.847960e-08	-3.842027e+01	-4.716061e+02
9.230000e-06	-4.576969e-09	-1.848893e-08	-3.842522e+01	-4.717528e+02
9.240000e-06	-4.577371e-09	-1.849262e-08	-3.842859e+01	-4.718818e+02
