# Temperatura_=_20.0
# Concentracion g/m^3_=_10770.0
# C_Vs_to_Am_M_A/Vsm_=_116720831517.84952
# pendiente_HvsI_1/m_=_3716.3
# ordenada_HvsI_A/m_=_1297.0
# frecuencia_Hz_=_108120.02415718239
# Promedio de 25 ciclos

Tiempo_(s)	Campo_(V.s)	Magnetizacion_(V.s)	Campo_(kA/m)	Magnetizacion_(A/m)
0.000000e+00	-3.973081e-09	-2.112390e-09	-3.177472e+01	-2.446754e+02
1.000000e-08	-3.973318e-09	-2.106797e-09	-3.177662e+01	-2.445745e+02
2.000000e-08	-3.973479e-09	-2.104277e-09	-3.177790e+01	-2.444469e+02
3.000000e-08	-3.973551e-09	-2.105565e-09	-3.177848e+01	-2.443018e+02
4.000000e-08	-3.973495e-09	-2.115656e-09	-3.177803e+01	-2.441506e+02
5.000000e-08	-3.973288e-09	-2.119431e-09	-3.177637e+01	-2.440058e+02
6.000000e-08	-3.972916e-09	-2.092415e-09	-3.177340e+01	-2.438804e+02
7.000000e-08	-3.972324e-09	-2.068453e-09	-3.176867e+01	-2.437862e+02
8.000000e-08	-3.971469e-09	-2.075891e-09	-3.176183e+01	-2.437323e+02
9.000000e-08	-3.970331e-09	-2.081155e-09	-3.175272e+01	-2.437245e+02
1.000000e-07	-3.968890e-09	-2.064238e-09	-3.174120e+01	-2.437639e+02
1.100000e-07	-3.967185e-09	-2.092814e-09	-3.172757e+01	-2.438471e+02
1.200000e-07	-3.965227e-09	-2.128285e-09	-3.171190e+01	-2.439655e+02
1.300000e-07	-3.963004e-09	-2.118785e-09	-3.169413e+01	-2.441066e+02
1.400000e-07	-3.960481e-09	-2.129590e-09	-3.167395e+01	-2.442548e+02
1.500000e-07	-3.957652e-09	-2.110861e-09	-3.165132e+01	-2.443926e+02
1.600000e-07	-3.954576e-09	-2.066277e-09	-3.162672e+01	-2.445020e+02
1.700000e-07	-3.951301e-09	-2.079819e-09	-3.160053e+01	-2.445669e+02
1.800000e-07	-3.947852e-09	-2.094404e-09	-3.157295e+01	-2.445736e+02
1.900000e-07	-3.944248e-09	-2.095525e-09	-3.154413e+01	-2.445125e+02
2.000000e-07	-3.940535e-09	-2.100862e-09	-3.151443e+01	-2.443784e+02
2.100000e-07	-3.936748e-09	-2.110125e-09	-3.148415e+01	-2.441713e+02
2.200000e-07	-3.932872e-09	-2.112069e-09	-3.145315e+01	-2.438955e+02
2.300000e-07	-3.928905e-09	-2.090494e-09	-3.142142e+01	-2.435593e+02
2.400000e-07	-3.924839e-09	-2.060401e-09	-3.138890e+01	-2.431739e+02
2.500000e-07	-3.920646e-09	-2.053054e-09	-3.135537e+01	-2.427519e+02
2.600000e-07	-3.916312e-09	-2.076297e-09	-3.132070e+01	-2.423062e+02
2.700000e-07	-3.911787e-09	-2.078763e-09	-3.128452e+01	-2.418491e+02
2.800000e-07	-3.907059e-09	-2.072412e-09	-3.124671e+01	-2.413905e+02
2.900000e-07	-3.902124e-09	-2.070270e-09	-3.120724e+01	-2.409385e+02
3.000000e-07	-3.896988e-09	-2.062115e-09	-3.116617e+01	-2.404978e+02
3.100000e-07	-3.891675e-09	-2.039826e-09	-3.112367e+01	-2.400709e+02
3.200000e-07	-3.886162e-09	-2.026463e-09	-3.107958e+01	-2.396580e+02
3.300000e-07	-3.880476e-09	-2.030053e-09	-3.103411e+01	-2.392575e+02
3.400000e-07	-3.874636e-09	-2.033255e-09	-3.098741e+01	-2.388669e+02
3.500000e-07	-3.868627e-09	-2.036717e-09	-3.093935e+01	-2.384834e+02
3.600000e-07	-3.862441e-09	-2.040368e-09	-3.088987e+01	-2.381042e+02
3.700000e-07	-3.856063e-09	-2.032488e-09	-3.083887e+01	-2.377274e+02
3.800000e-07	-3.849502e-09	-2.014868e-09	-3.078640e+01	-2.373516e+02
3.900000e-07	-3.842755e-09	-2.011594e-09	-3.073244e+01	-2.369758e+02
4.000000e-07	-3.835803e-09	-2.020762e-09	-3.067684e+01	-2.365996e+02
4.100000e-07	-3.828674e-09	-2.014457e-09	-3.061982e+01	-2.362225e+02
4.200000e-07	-3.821382e-09	-2.006924e-09	-3.056151e+01	-2.358438e+02
4.300000e-07	-3.813940e-09	-2.015448e-09	-3.050199e+01	-2.354620e+02
4.400000e-07	-3.806379e-09	-2.013465e-09	-3.044152e+01	-2.350750e+02
4.500000e-07	-3.798706e-09	-1.995902e-09	-3.038015e+01	-2.346800e+02
4.600000e-07	-3.790939e-09	-1.987274e-09	-3.031804e+01	-2.342737e+02
4.700000e-07	-3.783074e-09	-1.989086e-09	-3.025514e+01	-2.338530e+02
4.800000e-07	-3.775113e-09	-1.985479e-09	-3.019147e+01	-2.334149e+02
4.900000e-07	-3.767071e-09	-1.987380e-09	-3.012715e+01	-2.329574e+02
5.000000e-07	-3.758894e-09	-1.990243e-09	-3.006175e+01	-2.324796e+02
5.100000e-07	-3.750549e-09	-1.982729e-09	-2.999501e+01	-2.319821e+02
5.200000e-07	-3.742013e-09	-1.975355e-09	-2.992675e+01	-2.314669e+02
5.300000e-07	-3.733231e-09	-1.971817e-09	-2.985652e+01	-2.309371e+02
5.400000e-07	-3.724158e-09	-1.960778e-09	-2.978395e+01	-2.303967e+02
5.500000e-07	-3.714793e-09	-1.948759e-09	-2.970906e+01	-2.298499e+02
5.600000e-07	-3.705169e-09	-1.950038e-09	-2.963209e+01	-2.293003e+02
5.700000e-07	-3.695264e-09	-1.950900e-09	-2.955287e+01	-2.287507e+02
5.800000e-07	-3.685032e-09	-1.945211e-09	-2.947104e+01	-2.282022e+02
5.900000e-07	-3.674536e-09	-1.938198e-09	-2.938710e+01	-2.276542e+02
6.000000e-07	-3.663792e-09	-1.932374e-09	-2.930118e+01	-2.271045e+02
6.100000e-07	-3.652789e-09	-1.926901e-09	-2.921318e+01	-2.265492e+02
6.200000e-07	-3.641596e-09	-1.923773e-09	-2.912367e+01	-2.259835e+02
6.300000e-07	-3.630227e-09	-1.921559e-09	-2.903275e+01	-2.254023e+02
6.400000e-07	-3.618683e-09	-1.914169e-09	-2.894042e+01	-2.248010e+02
6.500000e-07	-3.606991e-09	-1.908377e-09	-2.884692e+01	-2.241761e+02
6.600000e-07	-3.595156e-09	-1.904063e-09	-2.875227e+01	-2.235256e+02
6.700000e-07	-3.583185e-09	-1.896136e-09	-2.865652e+01	-2.228499e+02
6.800000e-07	-3.571068e-09	-1.886404e-09	-2.855962e+01	-2.221511e+02
6.900000e-07	-3.558805e-09	-1.878090e-09	-2.846155e+01	-2.214334e+02
7.000000e-07	-3.546368e-09	-1.871566e-09	-2.836208e+01	-2.207020e+02
7.100000e-07	-3.533742e-09	-1.866241e-09	-2.826111e+01	-2.199627e+02
7.200000e-07	-3.520952e-09	-1.860509e-09	-2.815882e+01	-2.192211e+02
7.300000e-07	-3.507961e-09	-1.850063e-09	-2.805492e+01	-2.184816e+02
7.400000e-07	-3.494765e-09	-1.841836e-09	-2.794938e+01	-2.177471e+02
7.500000e-07	-3.481412e-09	-1.837418e-09	-2.784260e+01	-2.170183e+02
7.600000e-07	-3.467891e-09	-1.831606e-09	-2.773446e+01	-2.162936e+02
7.700000e-07	-3.454192e-09	-1.825092e-09	-2.762491e+01	-2.155698e+02
7.800000e-07	-3.440335e-09	-1.817946e-09	-2.751408e+01	-2.148420e+02
7.900000e-07	-3.426319e-09	-1.811012e-09	-2.740199e+01	-2.141048e+02
8.000000e-07	-3.412149e-09	-1.802798e-09	-2.728867e+01	-2.133530e+02
8.100000e-07	-3.397801e-09	-1.793123e-09	-2.717391e+01	-2.125824e+02
8.200000e-07	-3.383288e-09	-1.781886e-09	-2.705785e+01	-2.117904e+02
8.300000e-07	-3.368608e-09	-1.771104e-09	-2.694044e+01	-2.109765e+02
8.400000e-07	-3.353707e-09	-1.763753e-09	-2.682127e+01	-2.101425e+02
8.500000e-07	-3.338556e-09	-1.758549e-09	-2.670010e+01	-2.092921e+02
8.600000e-07	-3.323149e-09	-1.753356e-09	-2.657689e+01	-2.084308e+02
8.700000e-07	-3.307502e-09	-1.745650e-09	-2.645175e+01	-2.075644e+02
8.800000e-07	-3.291654e-09	-1.738335e-09	-2.632501e+01	-2.066990e+02
8.900000e-07	-3.275594e-09	-1.730694e-09	-2.619657e+01	-2.058398e+02
9.000000e-07	-3.259318e-09	-1.721463e-09	-2.606640e+01	-2.049900e+02
9.100000e-07	-3.242870e-09	-1.711765e-09	-2.593485e+01	-2.041512e+02
9.200000e-07	-3.226282e-09	-1.702314e-09	-2.580220e+01	-2.033223e+02
9.300000e-07	-3.209554e-09	-1.696057e-09	-2.566841e+01	-2.025005e+02
9.400000e-07	-3.192671e-09	-1.689867e-09	-2.553339e+01	-2.016809e+02
9.500000e-07	-3.175673e-09	-1.682056e-09	-2.539745e+01	-2.008579e+02
9.600000e-07	-3.158570e-09	-1.673223e-09	-2.526067e+01	-2.000257e+02
9.700000e-07	-3.141360e-09	-1.663467e-09	-2.512303e+01	-1.991789e+02
9.800000e-07	-3.124035e-09	-1.654421e-09	-2.498447e+01	-1.983136e+02
9.900000e-07	-3.106607e-09	-1.646676e-09	-2.484510e+01	-1.974276e+02
1.000000e-06	-3.089096e-09	-1.640434e-09	-2.470505e+01	-1.965206e+02
1.010000e-06	-3.071496e-09	-1.634321e-09	-2.456429e+01	-1.955942e+02
1.020000e-06	-3.053783e-09	-1.628279e-09	-2.442263e+01	-1.946516e+02
1.030000e-06	-3.035933e-09	-1.621204e-09	-2.427988e+01	-1.936967e+02
1.040000e-06	-3.017962e-09	-1.613011e-09	-2.413615e+01	-1.927337e+02
1.050000e-06	-2.999864e-09	-1.603815e-09	-2.399141e+01	-1.917660e+02
1.060000e-06	-2.981620e-09	-1.592825e-09	-2.384551e+01	-1.907963e+02
1.070000e-06	-2.963222e-09	-1.583500e-09	-2.369837e+01	-1.898254e+02
1.080000e-06	-2.944650e-09	-1.577054e-09	-2.354984e+01	-1.888528e+02
1.090000e-06	-2.925912e-09	-1.573392e-09	-2.339999e+01	-1.878765e+02
1.100000e-06	-2.906990e-09	-1.570181e-09	-2.324865e+01	-1.868934e+02
1.110000e-06	-2.887904e-09	-1.565839e-09	-2.309602e+01	-1.859002e+02
1.120000e-06	-2.868668e-09	-1.559825e-09	-2.294218e+01	-1.848937e+02
1.130000e-06	-2.849286e-09	-1.551201e-09	-2.278717e+01	-1.838718e+02
1.140000e-06	-2.829810e-09	-1.540831e-09	-2.263141e+01	-1.828339e+02
1.150000e-06	-2.810252e-09	-1.528203e-09	-2.247499e+01	-1.817809e+02
1.160000e-06	-2.790611e-09	-1.515508e-09	-2.231791e+01	-1.807159e+02
1.170000e-06	-2.770889e-09	-1.505584e-09	-2.216019e+01	-1.796430e+02
1.180000e-06	-2.751109e-09	-1.500173e-09	-2.200200e+01	-1.785675e+02
1.190000e-06	-2.731289e-09	-1.497581e-09	-2.184349e+01	-1.774949e+02
1.200000e-06	-2.711425e-09	-1.492868e-09	-2.168463e+01	-1.764301e+02
1.210000e-06	-2.691509e-09	-1.484202e-09	-2.152534e+01	-1.753767e+02
1.220000e-06	-2.671535e-09	-1.471939e-09	-2.136560e+01	-1.743366e+02
1.230000e-06	-2.651504e-09	-1.459162e-09	-2.120541e+01	-1.733095e+02
1.240000e-06	-2.631401e-09	-1.446703e-09	-2.104463e+01	-1.722928e+02
1.250000e-06	-2.611202e-09	-1.434941e-09	-2.088308e+01	-1.712821e+02
1.260000e-06	-2.590908e-09	-1.426414e-09	-2.072079e+01	-1.702718e+02
1.270000e-06	-2.570528e-09	-1.421425e-09	-2.055780e+01	-1.692557e+02
1.280000e-06	-2.550037e-09	-1.418045e-09	-2.039392e+01	-1.682278e+02
1.290000e-06	-2.529408e-09	-1.412706e-09	-2.022894e+01	-1.671832e+02
1.300000e-06	-2.508655e-09	-1.402822e-09	-2.006297e+01	-1.661187e+02
1.310000e-06	-2.487755e-09	-1.389483e-09	-1.989582e+01	-1.650332e+02
1.320000e-06	-2.466700e-09	-1.376845e-09	-1.972744e+01	-1.639275e+02
1.330000e-06	-2.445515e-09	-1.364595e-09	-1.955801e+01	-1.628046e+02
1.340000e-06	-2.424201e-09	-1.350957e-09	-1.938754e+01	-1.616688e+02
1.350000e-06	-2.402767e-09	-1.339281e-09	-1.921613e+01	-1.605248e+02
1.360000e-06	-2.381214e-09	-1.330054e-09	-1.904376e+01	-1.593778e+02
1.370000e-06	-2.359555e-09	-1.320438e-09	-1.887054e+01	-1.582316e+02
1.380000e-06	-2.337809e-09	-1.310587e-09	-1.869663e+01	-1.570890e+02
1.390000e-06	-2.315982e-09	-1.300302e-09	-1.852207e+01	-1.559506e+02
1.400000e-06	-2.294081e-09	-1.290209e-09	-1.834691e+01	-1.548152e+02
1.410000e-06	-2.272094e-09	-1.280717e-09	-1.817107e+01	-1.536800e+02
1.420000e-06	-2.250018e-09	-1.269747e-09	-1.799452e+01	-1.525407e+02
1.430000e-06	-2.227832e-09	-1.257296e-09	-1.781708e+01	-1.513924e+02
1.440000e-06	-2.205548e-09	-1.243071e-09	-1.763887e+01	-1.502304e+02
1.450000e-06	-2.183194e-09	-1.228649e-09	-1.746009e+01	-1.490505e+02
1.460000e-06	-2.160739e-09	-1.216894e-09	-1.728051e+01	-1.478502e+02
1.470000e-06	-2.138183e-09	-1.206985e-09	-1.710012e+01	-1.466284e+02
1.480000e-06	-2.115523e-09	-1.197009e-09	-1.691890e+01	-1.453861e+02
1.490000e-06	-2.092756e-09	-1.186543e-09	-1.673681e+01	-1.441259e+02
1.500000e-06	-2.069875e-09	-1.177387e-09	-1.655382e+01	-1.428514e+02
1.510000e-06	-2.046878e-09	-1.168437e-09	-1.636991e+01	-1.415674e+02
1.520000e-06	-2.023776e-09	-1.157092e-09	-1.618514e+01	-1.402783e+02
1.530000e-06	-2.000566e-09	-1.143861e-09	-1.599952e+01	-1.389882e+02
1.540000e-06	-1.977261e-09	-1.129975e-09	-1.581314e+01	-1.377001e+02
1.550000e-06	-1.953879e-09	-1.117858e-09	-1.562614e+01	-1.364156e+02
1.560000e-06	-1.930409e-09	-1.108073e-09	-1.543845e+01	-1.351346e+02
1.570000e-06	-1.906857e-09	-1.098789e-09	-1.525008e+01	-1.338560e+02
1.580000e-06	-1.883233e-09	-1.088807e-09	-1.506116e+01	-1.325776e+02
1.590000e-06	-1.859560e-09	-1.079010e-09	-1.487183e+01	-1.312964e+02
1.600000e-06	-1.835849e-09	-1.069198e-09	-1.468220e+01	-1.300098e+02
1.610000e-06	-1.812084e-09	-1.056142e-09	-1.449214e+01	-1.287156e+02
1.620000e-06	-1.788276e-09	-1.039711e-09	-1.430173e+01	-1.274125e+02
1.630000e-06	-1.764433e-09	-1.024100e-09	-1.411105e+01	-1.261002e+02
1.640000e-06	-1.740554e-09	-1.013902e-09	-1.392008e+01	-1.247797e+02
1.650000e-06	-1.716640e-09	-1.006010e-09	-1.372882e+01	-1.234527e+02
1.660000e-06	-1.692681e-09	-9.966714e-10	-1.353721e+01	-1.221216e+02
1.670000e-06	-1.668660e-09	-9.871169e-10	-1.334510e+01	-1.207889e+02
1.680000e-06	-1.644599e-09	-9.787087e-10	-1.315267e+01	-1.194564e+02
1.690000e-06	-1.620493e-09	-9.699644e-10	-1.295989e+01	-1.181254e+02
1.700000e-06	-1.596326e-09	-9.575552e-10	-1.276661e+01	-1.167961e+02
1.710000e-06	-1.572103e-09	-9.419896e-10	-1.257289e+01	-1.154673e+02
1.720000e-06	-1.547813e-09	-9.281106e-10	-1.237862e+01	-1.141371e+02
1.730000e-06	-1.523463e-09	-9.174935e-10	-1.218389e+01	-1.128028e+02
1.740000e-06	-1.499042e-09	-9.068953e-10	-1.198858e+01	-1.114614e+02
1.750000e-06	-1.474535e-09	-8.955503e-10	-1.179259e+01	-1.101101e+02
1.760000e-06	-1.449957e-09	-8.860832e-10	-1.159602e+01	-1.087471e+02
1.770000e-06	-1.425297e-09	-8.795869e-10	-1.139881e+01	-1.073715e+02
1.780000e-06	-1.400544e-09	-8.725620e-10	-1.120084e+01	-1.059837e+02
1.790000e-06	-1.375686e-09	-8.618392e-10	-1.100204e+01	-1.045855e+02
1.800000e-06	-1.350733e-09	-8.497337e-10	-1.080248e+01	-1.031797e+02
1.810000e-06	-1.325652e-09	-8.391186e-10	-1.060189e+01	-1.017698e+02
1.820000e-06	-1.300453e-09	-8.281909e-10	-1.040036e+01	-1.003594e+02
1.830000e-06	-1.275175e-09	-8.140304e-10	-1.019820e+01	-9.895164e+01
1.840000e-06	-1.249801e-09	-7.986541e-10	-9.995275e+00	-9.754884e+01
1.850000e-06	-1.224364e-09	-7.852423e-10	-9.791841e+00	-9.615184e+01
1.860000e-06	-1.198848e-09	-7.741365e-10	-9.587780e+00	-9.475998e+01
1.870000e-06	-1.173240e-09	-7.643348e-10	-9.382979e+00	-9.337115e+01
1.880000e-06	-1.147515e-09	-7.544742e-10	-9.177243e+00	-9.198204e+01
1.890000e-06	-1.121663e-09	-7.437341e-10	-8.970495e+00	-9.058858e+01
1.900000e-06	-1.095728e-09	-7.316717e-10	-8.763077e+00	-8.918658e+01
1.910000e-06	-1.069705e-09	-7.187315e-10	-8.554964e+00	-8.777234e+01
1.920000e-06	-1.043606e-09	-7.046769e-10	-8.346235e+00	-8.634317e+01
1.930000e-06	-1.017413e-09	-6.909719e-10	-8.136759e+00	-8.489785e+01
1.940000e-06	-9.911163e-10	-6.787876e-10	-7.926448e+00	-8.343677e+01
1.950000e-06	-9.647438e-10	-6.669747e-10	-7.715535e+00	-8.196194e+01
1.960000e-06	-9.382955e-10	-6.554245e-10	-7.504014e+00	-8.047665e+01
1.970000e-06	-9.117763e-10	-6.441678e-10	-7.291926e+00	-7.898497e+01
1.980000e-06	-8.851900e-10	-6.329094e-10	-7.079302e+00	-7.749120e+01
1.990000e-06	-8.585271e-10	-6.211937e-10	-6.866067e+00	-7.599919e+01
2.000000e-06	-8.317868e-10	-6.079196e-10	-6.652211e+00	-7.451175e+01
2.010000e-06	-8.049846e-10	-5.936404e-10	-6.437861e+00	-7.303028e+01
2.020000e-06	-7.781321e-10	-5.789678e-10	-6.223109e+00	-7.155453e+01
2.030000e-06	-7.512288e-10	-5.637048e-10	-6.007950e+00	-7.008266e+01
2.040000e-06	-7.242831e-10	-5.490927e-10	-5.792452e+00	-6.861155e+01
2.050000e-06	-6.972698e-10	-5.360884e-10	-5.576414e+00	-6.713722e+01
2.060000e-06	-6.701937e-10	-5.236641e-10	-5.359873e+00	-6.565547e+01
2.070000e-06	-6.430934e-10	-5.117878e-10	-5.143139e+00	-6.416250e+01
2.080000e-06	-6.159687e-10	-4.993568e-10	-4.926209e+00	-6.265542e+01
2.090000e-06	-5.888153e-10	-4.863772e-10	-4.709049e+00	-6.113266e+01
2.100000e-06	-5.616136e-10	-4.730922e-10	-4.491504e+00	-5.959413e+01
2.110000e-06	-5.343771e-10	-4.580440e-10	-4.273680e+00	-5.804114e+01
2.120000e-06	-5.071272e-10	-4.421818e-10	-4.055749e+00	-5.647613e+01
2.130000e-06	-4.798478e-10	-4.271002e-10	-3.837582e+00	-5.490214e+01
2.140000e-06	-4.525346e-10	-4.131086e-10	-3.619145e+00	-5.332227e+01
2.150000e-06	-4.252070e-10	-3.977309e-10	-3.400592e+00	-5.173909e+01
2.160000e-06	-3.978568e-10	-3.815485e-10	-3.181860e+00	-5.015413e+01
2.170000e-06	-3.704720e-10	-3.683091e-10	-2.962849e+00	-4.856763e+01
2.180000e-06	-3.430799e-10	-3.582787e-10	-2.743781e+00	-4.697837e+01
2.190000e-06	-3.156715e-10	-3.483330e-10	-2.524582e+00	-4.538393e+01
2.200000e-06	-2.882467e-10	-3.357901e-10	-2.305252e+00	-4.378103e+01
2.210000e-06	-2.607981e-10	-3.220608e-10	-2.085732e+00	-4.216608e+01
2.220000e-06	-2.333262e-10	-3.076992e-10	-1.866026e+00	-4.053591e+01
2.230000e-06	-2.058558e-10	-2.929847e-10	-1.646331e+00	-3.888830e+01
2.240000e-06	-1.783826e-10	-2.786198e-10	-1.426614e+00	-3.722259e+01
2.250000e-06	-1.509128e-10	-2.638600e-10	-1.206924e+00	-3.553992e+01
2.260000e-06	-1.234354e-10	-2.502199e-10	-9.871735e-01	-3.384336e+01
2.270000e-06	-9.594395e-11	-2.385178e-10	-7.673109e-01	-3.213764e+01
2.280000e-06	-6.844673e-11	-2.272239e-10	-5.474018e-01	-3.042869e+01
2.290000e-06	-4.095698e-11	-2.144435e-10	-3.275525e-01	-2.872304e+01
2.300000e-06	-1.348226e-11	-2.001812e-10	-1.078235e-01	-2.702705e+01
2.310000e-06	1.399931e-11	-1.865705e-10	1.119605e-01	-2.534613e+01
2.320000e-06	4.147657e-11	-1.725031e-10	3.317101e-01	-2.368421e+01
2.330000e-06	6.893842e-11	-1.578735e-10	5.513363e-01	-2.204324e+01
2.340000e-06	9.640696e-11	-1.440383e-10	7.710161e-01	-2.042311e+01
2.350000e-06	1.238800e-10	-1.319647e-10	9.907319e-01	-1.882170e+01
2.360000e-06	1.513316e-10	-1.211011e-10	1.210277e+00	-1.723533e+01
2.370000e-06	1.787766e-10	-1.100688e-10	1.429768e+00	-1.565934e+01
2.380000e-06	2.062347e-10	-9.889017e-11	1.649364e+00	-1.408874e+01
2.390000e-06	2.336765e-10	-8.694214e-11	1.868830e+00	-1.251898e+01
2.400000e-06	2.611070e-10	-7.551236e-11	2.088206e+00	-1.094650e+01
2.410000e-06	2.885409e-10	-6.329826e-11	2.307609e+00	-9.369206e+00
2.420000e-06	3.159640e-10	-5.016707e-11	2.526925e+00	-7.786577e+00
2.430000e-06	3.433833e-10	-3.693667e-11	2.746211e+00	-6.199618e+00
2.440000e-06	3.707700e-10	-2.267915e-11	2.965236e+00	-4.610500e+00
2.450000e-06	3.981213e-10	-9.107495e-12	3.183978e+00	-3.022020e+00
2.460000e-06	4.254669e-10	3.165453e-12	3.402674e+00	-1.436967e+00
2.470000e-06	4.527932e-10	1.458654e-11	3.621217e+00	1.425261e-01
2.480000e-06	4.800918e-10	2.546389e-11	3.839537e+00	1.715526e+00
2.490000e-06	5.073615e-10	3.685057e-11	4.057627e+00	3.282667e+00
2.500000e-06	5.346076e-10	4.977255e-11	4.275528e+00	4.846266e+00
2.510000e-06	5.618193e-10	6.416630e-11	4.493154e+00	6.410189e+00
2.520000e-06	5.889665e-10	7.909659e-11	4.710263e+00	7.979460e+00
2.530000e-06	6.160800e-10	9.463359e-11	4.927103e+00	9.559690e+00
2.540000e-06	6.431774e-10	1.098245e-10	5.143813e+00	1.115640e+01
2.550000e-06	6.702032e-10	1.232728e-10	5.359952e+00	1.277433e+01
2.560000e-06	6.971826e-10	1.358695e-10	5.575720e+00	1.441686e+01
2.570000e-06	7.241218e-10	1.496475e-10	5.791166e+00	1.608557e+01
2.580000e-06	7.510136e-10	1.640568e-10	6.006233e+00	1.778010e+01
2.590000e-06	7.778528e-10	1.785140e-10	6.220879e+00	1.949819e+01
2.600000e-06	8.046197e-10	1.926651e-10	6.434948e+00	2.123602e+01
2.610000e-06	8.313365e-10	2.089869e-10	6.648614e+00	2.298874e+01
2.620000e-06	8.580021e-10	2.271165e-10	6.861873e+00	2.475106e+01
2.630000e-06	8.846101e-10	2.434900e-10	7.074670e+00	2.651799e+01
2.640000e-06	9.111488e-10	2.584556e-10	7.286914e+00	2.828535e+01
2.650000e-06	9.375939e-10	2.735635e-10	7.498408e+00	3.005027e+01
2.660000e-06	9.639806e-10	2.892752e-10	7.709436e+00	3.181141e+01
2.670000e-06	9.902916e-10	3.025151e-10	7.919858e+00	3.356899e+01
2.680000e-06	1.016496e-09	3.147623e-10	8.129429e+00	3.532457e+01
2.690000e-06	1.042623e-09	3.276657e-10	8.338378e+00	3.708070e+01
2.700000e-06	1.068663e-09	3.435100e-10	8.546633e+00	3.884038e+01
2.710000e-06	1.094600e-09	3.619290e-10	8.754066e+00	4.060655e+01
2.720000e-06	1.120436e-09	3.805145e-10	8.960688e+00	4.238165e+01
2.730000e-06	1.146182e-09	3.980564e-10	9.166588e+00	4.416716e+01
2.740000e-06	1.171811e-09	4.137951e-10	9.371557e+00	4.596349e+01
2.750000e-06	1.197322e-09	4.287303e-10	9.575578e+00	4.776989e+01
2.760000e-06	1.222725e-09	4.402211e-10	9.778739e+00	4.958459e+01
2.770000e-06	1.248024e-09	4.501706e-10	9.981065e+00	5.140513e+01
2.780000e-06	1.273215e-09	4.628186e-10	1.018254e+01	5.322868e+01
2.790000e-06	1.298311e-09	4.798439e-10	1.038323e+01	5.505244e+01
2.800000e-06	1.323333e-09	4.997748e-10	1.058335e+01	5.687395e+01
2.810000e-06	1.348262e-09	5.191383e-10	1.078272e+01	5.869132e+01
2.820000e-06	1.373100e-09	5.367489e-10	1.098136e+01	6.050339e+01
2.830000e-06	1.397857e-09	5.517703e-10	1.117935e+01	6.230962e+01
2.840000e-06	1.422501e-09	5.655799e-10	1.137644e+01	6.411000e+01
2.850000e-06	1.447039e-09	5.769179e-10	1.157268e+01	6.590480e+01
2.860000e-06	1.471525e-09	5.863043e-10	1.176852e+01	6.769432e+01
2.870000e-06	1.495936e-09	5.978788e-10	1.196374e+01	6.947862e+01
2.880000e-06	1.520260e-09	6.114193e-10	1.215827e+01	7.125744e+01
2.890000e-06	1.544534e-09	6.272476e-10	1.235241e+01	7.303006e+01
2.900000e-06	1.568755e-09	6.418493e-10	1.254611e+01	7.479546e+01
2.910000e-06	1.592913e-09	6.569109e-10	1.273932e+01	7.655244e+01
2.920000e-06	1.617008e-09	6.719159e-10	1.293202e+01	7.829990e+01
2.930000e-06	1.641057e-09	6.868457e-10	1.312435e+01	8.003717e+01
2.940000e-06	1.665056e-09	7.022804e-10	1.331628e+01	8.176422e+01
2.950000e-06	1.689003e-09	7.148788e-10	1.350779e+01	8.348186e+01
2.960000e-06	1.712908e-09	7.284287e-10	1.369898e+01	8.519183e+01
2.970000e-06	1.736780e-09	7.404223e-10	1.388989e+01	8.689664e+01
2.980000e-06	1.760613e-09	7.522652e-10	1.408050e+01	8.859940e+01
2.990000e-06	1.784400e-09	7.621544e-10	1.427074e+01	9.030339e+01
3.000000e-06	1.808147e-09	7.716565e-10	1.446065e+01	9.201165e+01
3.010000e-06	1.831847e-09	7.850356e-10	1.465020e+01	9.372654e+01
3.020000e-06	1.855502e-09	8.009813e-10	1.483938e+01	9.544933e+01
3.030000e-06	1.879114e-09	8.204728e-10	1.502821e+01	9.717991e+01
3.040000e-06	1.902653e-09	8.376350e-10	1.521647e+01	9.891673e+01
3.050000e-06	1.926087e-09	8.528674e-10	1.540387e+01	1.006568e+02
3.060000e-06	1.949440e-09	8.642059e-10	1.559064e+01	1.023962e+02
3.070000e-06	1.972723e-09	8.731690e-10	1.577685e+01	1.041302e+02
3.080000e-06	1.995922e-09	8.825922e-10	1.596239e+01	1.058540e+02
3.090000e-06	2.019035e-09	8.917548e-10	1.614723e+01	1.075631e+02
3.100000e-06	2.042024e-09	9.057094e-10	1.633108e+01	1.092543e+02
3.110000e-06	2.064882e-09	9.224168e-10	1.651389e+01	1.109253e+02
3.120000e-06	2.087636e-09	9.418251e-10	1.669587e+01	1.125758e+02
3.130000e-06	2.110298e-09	9.582130e-10	1.687711e+01	1.142067e+02
3.140000e-06	2.132859e-09	9.696438e-10	1.705754e+01	1.158205e+02
3.150000e-06	2.155290e-09	9.796645e-10	1.723693e+01	1.174205e+02
3.160000e-06	2.177601e-09	9.893690e-10	1.741537e+01	1.190107e+02
3.170000e-06	2.199833e-09	1.002037e-09	1.759317e+01	1.205948e+02
3.180000e-06	2.221991e-09	1.014336e-09	1.777037e+01	1.221762e+02
3.190000e-06	2.244060e-09	1.027430e-09	1.794687e+01	1.237571e+02
3.200000e-06	2.266044e-09	1.041322e-09	1.812268e+01	1.253385e+02
3.210000e-06	2.287944e-09	1.055873e-09	1.829784e+01	1.269200e+02
3.220000e-06	2.309758e-09	1.069825e-09	1.847229e+01	1.285002e+02
3.230000e-06	2.331494e-09	1.081577e-09	1.864613e+01	1.300766e+02
3.240000e-06	2.353150e-09	1.095380e-09	1.881932e+01	1.316465e+02
3.250000e-06	2.374711e-09	1.110194e-09	1.899175e+01	1.332070e+02
3.260000e-06	2.396167e-09	1.126211e-09	1.916335e+01	1.347556e+02
3.270000e-06	2.417519e-09	1.139809e-09	1.933411e+01	1.362910e+02
3.280000e-06	2.438767e-09	1.151374e-09	1.950404e+01	1.378127e+02
3.290000e-06	2.459878e-09	1.162711e-09	1.967287e+01	1.393213e+02
3.300000e-06	2.480845e-09	1.172491e-09	1.984056e+01	1.408186e+02
3.310000e-06	2.501699e-09	1.182578e-09	2.000734e+01	1.423068e+02
3.320000e-06	2.522418e-09	1.192985e-09	2.017304e+01	1.437887e+02
3.330000e-06	2.542992e-09	1.207340e-09	2.033758e+01	1.452668e+02
3.340000e-06	2.563452e-09	1.222572e-09	2.050121e+01	1.467432e+02
3.350000e-06	2.583798e-09	1.236751e-09	2.066392e+01	1.482190e+02
3.360000e-06	2.604033e-09	1.250480e-09	2.082575e+01	1.496944e+02
3.370000e-06	2.624165e-09	1.263500e-09	2.098676e+01	1.511684e+02
3.380000e-06	2.644234e-09	1.275230e-09	2.114726e+01	1.526393e+02
3.390000e-06	2.664243e-09	1.284503e-09	2.130729e+01	1.541046e+02
3.400000e-06	2.684177e-09	1.295761e-09	2.146671e+01	1.555617e+02
3.410000e-06	2.704064e-09	1.307091e-09	2.162575e+01	1.570078e+02
3.420000e-06	2.723900e-09	1.317641e-09	2.178439e+01	1.584413e+02
3.430000e-06	2.743683e-09	1.328804e-09	2.194261e+01	1.598608e+02
3.440000e-06	2.763428e-09	1.341154e-09	2.210052e+01	1.612663e+02
3.450000e-06	2.783117e-09	1.355361e-09	2.225798e+01	1.626587e+02
3.460000e-06	2.802742e-09	1.368030e-09	2.241493e+01	1.640397e+02
3.470000e-06	2.822265e-09	1.378162e-09	2.257107e+01	1.654115e+02
3.480000e-06	2.841660e-09	1.386348e-09	2.272618e+01	1.667767e+02
3.490000e-06	2.860948e-09	1.396199e-09	2.288043e+01	1.681375e+02
3.500000e-06	2.880122e-09	1.406682e-09	2.303378e+01	1.694955e+02
3.510000e-06	2.899139e-09	1.417358e-09	2.318587e+01	1.708516e+02
3.520000e-06	2.917981e-09	1.429645e-09	2.333655e+01	1.722054e+02
3.530000e-06	2.936633e-09	1.442184e-09	2.348573e+01	1.735557e+02
3.540000e-06	2.955084e-09	1.455941e-09	2.363329e+01	1.749005e+02
3.550000e-06	2.973389e-09	1.469971e-09	2.377968e+01	1.762369e+02
3.560000e-06	2.991536e-09	1.482562e-09	2.392481e+01	1.775622e+02
3.570000e-06	3.009495e-09	1.490727e-09	2.406844e+01	1.788734e+02
3.580000e-06	3.027304e-09	1.496395e-09	2.421086e+01	1.801683e+02
3.590000e-06	3.044990e-09	1.504035e-09	2.435231e+01	1.814455e+02
3.600000e-06	3.062556e-09	1.513908e-09	2.449280e+01	1.827044e+02
3.610000e-06	3.080018e-09	1.525902e-09	2.463245e+01	1.839453e+02
3.620000e-06	3.097375e-09	1.539081e-09	2.477126e+01	1.851694e+02
3.630000e-06	3.114613e-09	1.553711e-09	2.490912e+01	1.863786e+02
3.640000e-06	3.131754e-09	1.567396e-09	2.504620e+01	1.875748e+02
3.650000e-06	3.148789e-09	1.578793e-09	2.518244e+01	1.887602e+02
3.660000e-06	3.165705e-09	1.587737e-09	2.531773e+01	1.899361e+02
3.670000e-06	3.182535e-09	1.593267e-09	2.545233e+01	1.911038e+02
3.680000e-06	3.199255e-09	1.598841e-09	2.558604e+01	1.922633e+02
3.690000e-06	3.215844e-09	1.607911e-09	2.571872e+01	1.934142e+02
3.700000e-06	3.232291e-09	1.619808e-09	2.585026e+01	1.945553e+02
3.710000e-06	3.248577e-09	1.629928e-09	2.598050e+01	1.956848e+02
3.720000e-06	3.264664e-09	1.637528e-09	2.610916e+01	1.968011e+02
3.730000e-06	3.280565e-09	1.644947e-09	2.623633e+01	1.979023e+02
3.740000e-06	3.296271e-09	1.654629e-09	2.636193e+01	1.989871e+02
3.750000e-06	3.311748e-09	1.665672e-09	2.648571e+01	2.000546e+02
3.760000e-06	3.327009e-09	1.674560e-09	2.660776e+01	2.011047e+02
3.770000e-06	3.342048e-09	1.683091e-09	2.672804e+01	2.021379e+02
3.780000e-06	3.356858e-09	1.693071e-09	2.684648e+01	2.031553e+02
3.790000e-06	3.371465e-09	1.703671e-09	2.696330e+01	2.041582e+02
3.800000e-06	3.385882e-09	1.712523e-09	2.707860e+01	2.051482e+02
3.810000e-06	3.400085e-09	1.719134e-09	2.719219e+01	2.061267e+02
3.820000e-06	3.414162e-09	1.724251e-09	2.730477e+01	2.070948e+02
3.830000e-06	3.428146e-09	1.730505e-09	2.741661e+01	2.080528e+02
3.840000e-06	3.441977e-09	1.739657e-09	2.752722e+01	2.090007e+02
3.850000e-06	3.455649e-09	1.749168e-09	2.763656e+01	2.099377e+02
3.860000e-06	3.469172e-09	1.758647e-09	2.774472e+01	2.108623e+02
3.870000e-06	3.482511e-09	1.766169e-09	2.785139e+01	2.117728e+02
3.880000e-06	3.495674e-09	1.775206e-09	2.795666e+01	2.126673e+02
3.890000e-06	3.508682e-09	1.785416e-09	2.806069e+01	2.135438e+02
3.900000e-06	3.521500e-09	1.794070e-09	2.816320e+01	2.144008e+02
3.910000e-06	3.534127e-09	1.803222e-09	2.826419e+01	2.152372e+02
3.920000e-06	3.546574e-09	1.810872e-09	2.836373e+01	2.160527e+02
3.930000e-06	3.558870e-09	1.816938e-09	2.846207e+01	2.168473e+02
3.940000e-06	3.571045e-09	1.819657e-09	2.855944e+01	2.176222e+02
3.950000e-06	3.583085e-09	1.821906e-09	2.865574e+01	2.183788e+02
3.960000e-06	3.594979e-09	1.824896e-09	2.875085e+01	2.191195e+02
3.970000e-06	3.606741e-09	1.830596e-09	2.884492e+01	2.198467e+02
3.980000e-06	3.618364e-09	1.840855e-09	2.893787e+01	2.205632e+02
3.990000e-06	3.629836e-09	1.852111e-09	2.902962e+01	2.212716e+02
4.000000e-06	3.641119e-09	1.863366e-09	2.911985e+01	2.219746e+02
4.010000e-06	3.652201e-09	1.869718e-09	2.920849e+01	2.226746e+02
4.020000e-06	3.663048e-09	1.874261e-09	2.929523e+01	2.233733e+02
4.030000e-06	3.673613e-09	1.876489e-09	2.937973e+01	2.240721e+02
4.040000e-06	3.683896e-09	1.876523e-09	2.946197e+01	2.247718e+02
4.050000e-06	3.693883e-09	1.878658e-09	2.954184e+01	2.254724e+02
4.060000e-06	3.703591e-09	1.883247e-09	2.961947e+01	2.261733e+02
4.070000e-06	3.713034e-09	1.894755e-09	2.969500e+01	2.268732e+02
4.080000e-06	3.722207e-09	1.907702e-09	2.976836e+01	2.275700e+02
4.090000e-06	3.731101e-09	1.918232e-09	2.983949e+01	2.282612e+02
4.100000e-06	3.739748e-09	1.924785e-09	2.990864e+01	2.289437e+02
4.110000e-06	3.748198e-09	1.926891e-09	2.997622e+01	2.296141e+02
4.120000e-06	3.756481e-09	1.925977e-09	3.004246e+01	2.302690e+02
4.130000e-06	3.764634e-09	1.924044e-09	3.010767e+01	2.309053e+02
4.140000e-06	3.772667e-09	1.928242e-09	3.017191e+01	2.315200e+02
4.150000e-06	3.780591e-09	1.936238e-09	3.023528e+01	2.321109e+02
4.160000e-06	3.788430e-09	1.946402e-09	3.029798e+01	2.326768e+02
4.170000e-06	3.796182e-09	1.956969e-09	3.035997e+01	2.332172e+02
4.180000e-06	3.803825e-09	1.965031e-09	3.042110e+01	2.337326e+02
4.190000e-06	3.811337e-09	1.969084e-09	3.048118e+01	2.342246e+02
4.200000e-06	3.818711e-09	1.967900e-09	3.054015e+01	2.346955e+02
4.210000e-06	3.825924e-09	1.964740e-09	3.059783e+01	2.351482e+02
4.220000e-06	3.832961e-09	1.962573e-09	3.065412e+01	2.355857e+02
4.230000e-06	3.839836e-09	1.966614e-09	3.070910e+01	2.360111e+02
4.240000e-06	3.846527e-09	1.974093e-09	3.076261e+01	2.364273e+02
4.250000e-06	3.853019e-09	1.981498e-09	3.081453e+01	2.368363e+02
4.260000e-06	3.859342e-09	1.988514e-09	3.086510e+01	2.372396e+02
4.270000e-06	3.865495e-09	1.992975e-09	3.091430e+01	2.376378e+02
4.280000e-06	3.871479e-09	1.994604e-09	3.096216e+01	2.380307e+02
4.290000e-06	3.877318e-09	1.993362e-09	3.100886e+01	2.384173e+02
4.300000e-06	3.883016e-09	1.992779e-09	3.105443e+01	2.387964e+02
4.310000e-06	3.888553e-09	1.993722e-09	3.109871e+01	2.391662e+02
4.320000e-06	3.893879e-09	1.997048e-09	3.114130e+01	2.395253e+02
4.330000e-06	3.899004e-09	2.001947e-09	3.118229e+01	2.398722e+02
4.340000e-06	3.903944e-09	2.005759e-09	3.122180e+01	2.402058e+02
4.350000e-06	3.908683e-09	2.011688e-09	3.125970e+01	2.405256e+02
4.360000e-06	3.913230e-09	2.017979e-09	3.129607e+01	2.408313e+02
4.370000e-06	3.917613e-09	2.023141e-09	3.133111e+01	2.411230e+02
4.380000e-06	3.921852e-09	2.025931e-09	3.136502e+01	2.414011e+02
4.390000e-06	3.925958e-09	2.024593e-09	3.139785e+01	2.416660e+02
4.400000e-06	3.929958e-09	2.021386e-09	3.142985e+01	2.419182e+02
4.410000e-06	3.933880e-09	2.018600e-09	3.146121e+01	2.421579e+02
4.420000e-06	3.937716e-09	2.019576e-09	3.149189e+01	2.423852e+02
4.430000e-06	3.941449e-09	2.022782e-09	3.152174e+01	2.426002e+02
4.440000e-06	3.945069e-09	2.027542e-09	3.155070e+01	2.428029e+02
4.450000e-06	3.948576e-09	2.036157e-09	3.157874e+01	2.429936e+02
4.460000e-06	3.951947e-09	2.046614e-09	3.160570e+01	2.431729e+02
4.470000e-06	3.955138e-09	2.053474e-09	3.163122e+01	2.433416e+02
4.480000e-06	3.958100e-09	2.051442e-09	3.165491e+01	2.435011e+02
4.490000e-06	3.960787e-09	2.044148e-09	3.167640e+01	2.436530e+02
4.500000e-06	3.963212e-09	2.039174e-09	3.169580e+01	2.437991e+02
4.510000e-06	3.965362e-09	2.037907e-09	3.171299e+01	2.439408e+02
4.520000e-06	3.967190e-09	2.040081e-09	3.172761e+01	2.440794e+02
4.530000e-06	3.968685e-09	2.044727e-09	3.173957e+01	2.442148e+02
4.540000e-06	3.969881e-09	2.051576e-09	3.174913e+01	2.443459e+02
4.550000e-06	3.970819e-09	2.058715e-09	3.175663e+01	2.444704e+02
4.560000e-06	3.971514e-09	2.062004e-09	3.176219e+01	2.445845e+02
4.570000e-06	3.972021e-09	2.060481e-09	3.176624e+01	2.446831e+02
4.580000e-06	3.972352e-09	2.055158e-09	3.176889e+01	2.447606e+02
4.590000e-06	3.972516e-09	2.050797e-09	3.177021e+01	2.448115e+02
4.600000e-06	3.972556e-09	2.051036e-09	3.177053e+01	2.448305e+02
4.610000e-06	3.972497e-09	2.054724e-09	3.177005e+01	2.448144e+02
4.620000e-06	3.972333e-09	2.060522e-09	3.176874e+01	2.447619e+02
4.630000e-06	3.972064e-09	2.066522e-09	3.176659e+01	2.446747e+02
4.640000e-06	3.971701e-09	2.069829e-09	3.176368e+01	2.445574e+02
4.650000e-06	3.971214e-09	2.063572e-09	3.175979e+01	2.444180e+02
4.660000e-06	3.970569e-09	2.045348e-09	3.175463e+01	2.442669e+02
4.670000e-06	3.969737e-09	2.040987e-09	3.174798e+01	2.441164e+02
4.680000e-06	3.968722e-09	2.080120e-09	3.173986e+01	2.439795e+02
4.690000e-06	3.967516e-09	2.106016e-09	3.173022e+01	2.438689e+02
4.700000e-06	3.966089e-09	2.090756e-09	3.171881e+01	2.437952e+02
4.710000e-06	3.964448e-09	2.084559e-09	3.170568e+01	2.437658e+02
4.720000e-06	3.962615e-09	2.074370e-09	3.169103e+01	2.437841e+02
4.730000e-06	3.960618e-09	2.046191e-09	3.167505e+01	2.438486e+02
4.740000e-06	3.958471e-09	2.036064e-09	3.165788e+01	2.439532e+02
4.750000e-06	3.956186e-09	2.041945e-09	3.163961e+01	2.440870e+02
4.760000e-06	3.953770e-09	2.056688e-09	3.162028e+01	2.442354e+02
4.770000e-06	3.951226e-09	2.095873e-09	3.159994e+01	2.443814e+02
4.780000e-06	3.948510e-09	2.110267e-09	3.157822e+01	2.445071e+02
4.790000e-06	3.945581e-09	2.099663e-09	3.155480e+01	2.445952e+02
4.800000e-06	3.942469e-09	2.081162e-09	3.152991e+01	2.446306e+02
4.810000e-06	3.939166e-09	2.059275e-09	3.150349e+01	2.446016e+02
4.820000e-06	3.935686e-09	2.046829e-09	3.147566e+01	2.445012e+02
4.830000e-06	3.932048e-09	2.044591e-09	3.144656e+01	2.443268e+02
4.840000e-06	3.928250e-09	2.064122e-09	3.141619e+01	2.440811e+02
4.850000e-06	3.924342e-09	2.079652e-09	3.138493e+01	2.437706e+02
4.860000e-06	3.920350e-09	2.094223e-09	3.135301e+01	2.434055e+02
4.870000e-06	3.916269e-09	2.082015e-09	3.132037e+01	2.429979e+02
4.880000e-06	3.912083e-09	2.053750e-09	3.128690e+01	2.425610e+02
4.890000e-06	3.907809e-09	2.040993e-09	3.125271e+01	2.421073e+02
4.900000e-06	3.903442e-09	2.044175e-09	3.121779e+01	2.416481e+02
4.910000e-06	3.898930e-09	2.045057e-09	3.118170e+01	2.411923e+02
4.920000e-06	3.894217e-09	2.042271e-09	3.114401e+01	2.407462e+02
4.930000e-06	3.889274e-09	2.058222e-09	3.110448e+01	2.403132e+02
4.940000e-06	3.884073e-09	2.064523e-09	3.106288e+01	2.398943e+02
4.950000e-06	3.878574e-09	2.044873e-09	3.101890e+01	2.394887e+02
4.960000e-06	3.872776e-09	2.027862e-09	3.097254e+01	2.390941e+02
4.970000e-06	3.866636e-09	2.033213e-09	3.092343e+01	2.387078e+02
4.980000e-06	3.860180e-09	2.030094e-09	3.087180e+01	2.383269e+02
4.990000e-06	3.853484e-09	2.017536e-09	3.081825e+01	2.379491e+02
5.000000e-06	3.846519e-09	2.024105e-09	3.076255e+01	2.375727e+02
5.010000e-06	3.839272e-09	2.026361e-09	3.070458e+01	2.371967e+02
5.020000e-06	3.831814e-09	2.007781e-09	3.064494e+01	2.368204e+02
5.030000e-06	3.824193e-09	2.005048e-09	3.058399e+01	2.364435e+02
5.040000e-06	3.816402e-09	2.018642e-09	3.052168e+01	2.360655e+02
5.050000e-06	3.808472e-09	2.012503e-09	3.045826e+01	2.356852e+02
5.060000e-06	3.800444e-09	2.001661e-09	3.039406e+01	2.353008e+02
5.070000e-06	3.792336e-09	2.010505e-09	3.032922e+01	2.349099e+02
5.080000e-06	3.784148e-09	2.003008e-09	3.026373e+01	2.345093e+02
5.090000e-06	3.775874e-09	1.982220e-09	3.019756e+01	2.340958e+02
5.100000e-06	3.767476e-09	1.980587e-09	3.013040e+01	2.336662e+02
5.110000e-06	3.758935e-09	1.982366e-09	3.006209e+01	2.332179e+02
5.120000e-06	3.750240e-09	1.973124e-09	2.999255e+01	2.327494e+02
5.130000e-06	3.741385e-09	1.978914e-09	2.992173e+01	2.322608e+02
5.140000e-06	3.732341e-09	1.988564e-09	2.984940e+01	2.317533e+02
5.150000e-06	3.723093e-09	1.975099e-09	2.977544e+01	2.312296e+02
5.160000e-06	3.713647e-09	1.962637e-09	2.969990e+01	2.306934e+02
5.170000e-06	3.704022e-09	1.959102e-09	2.962292e+01	2.301489e+02
5.180000e-06	3.694238e-09	1.947650e-09	2.954467e+01	2.296001e+02
5.190000e-06	3.684298e-09	1.939501e-09	2.946518e+01	2.290502e+02
5.200000e-06	3.674230e-09	1.947138e-09	2.938466e+01	2.285011e+02
5.210000e-06	3.664028e-09	1.947275e-09	2.930307e+01	2.279531e+02
5.220000e-06	3.653668e-09	1.940598e-09	2.922022e+01	2.274048e+02
5.230000e-06	3.643161e-09	1.939222e-09	2.913619e+01	2.268527e+02
5.240000e-06	3.632507e-09	1.928768e-09	2.905098e+01	2.262926e+02
5.250000e-06	3.621669e-09	1.915725e-09	2.896430e+01	2.257194e+02
5.260000e-06	3.610659e-09	1.911548e-09	2.887625e+01	2.251280e+02
5.270000e-06	3.599508e-09	1.908482e-09	2.878707e+01	2.245144e+02
5.280000e-06	3.588169e-09	1.904364e-09	2.869639e+01	2.238757e+02
5.290000e-06	3.576655e-09	1.906083e-09	2.860431e+01	2.232114e+02
5.300000e-06	3.564982e-09	1.905543e-09	2.851095e+01	2.225227e+02
5.310000e-06	3.553114e-09	1.897886e-09	2.841603e+01	2.218129e+02
5.320000e-06	3.541074e-09	1.892231e-09	2.831975e+01	2.210869e+02
5.330000e-06	3.528864e-09	1.882941e-09	2.822210e+01	2.203503e+02
5.340000e-06	3.516497e-09	1.873206e-09	2.812319e+01	2.196089e+02
5.350000e-06	3.503973e-09	1.869482e-09	2.802303e+01	2.188679e+02
5.360000e-06	3.491272e-09	1.865567e-09	2.792145e+01	2.181308e+02
5.370000e-06	3.478372e-09	1.861316e-09	2.781829e+01	2.173993e+02
5.380000e-06	3.465246e-09	1.858168e-09	2.771331e+01	2.166730e+02
5.390000e-06	3.451883e-09	1.852334e-09	2.760644e+01	2.159493e+02
5.400000e-06	3.438264e-09	1.845462e-09	2.749752e+01	2.152240e+02
5.410000e-06	3.424384e-09	1.842851e-09	2.738652e+01	2.144918e+02
5.420000e-06	3.410206e-09	1.838762e-09	2.727313e+01	2.137473e+02
5.430000e-06	3.395746e-09	1.831785e-09	2.715748e+01	2.129858e+02
5.440000e-06	3.381040e-09	1.825370e-09	2.703987e+01	2.122037e+02
5.450000e-06	3.366062e-09	1.818956e-09	2.692009e+01	2.113997e+02
5.460000e-06	3.350840e-09	1.812698e-09	2.679835e+01	2.105746e+02
5.470000e-06	3.335431e-09	1.807049e-09	2.667511e+01	2.097311e+02
5.480000e-06	3.319840e-09	1.800461e-09	2.655043e+01	2.088741e+02
5.490000e-06	3.304092e-09	1.793142e-09	2.642448e+01	2.080092e+02
5.500000e-06	3.288216e-09	1.787970e-09	2.629751e+01	2.071428e+02
5.510000e-06	3.272244e-09	1.782490e-09	2.616978e+01	2.062802e+02
5.520000e-06	3.256217e-09	1.776445e-09	2.604160e+01	2.054259e+02
5.530000e-06	3.240123e-09	1.769919e-09	2.591289e+01	2.045820e+02
5.540000e-06	3.223952e-09	1.763922e-09	2.578356e+01	2.037489e+02
5.550000e-06	3.207695e-09	1.761375e-09	2.565355e+01	2.029242e+02
5.560000e-06	3.191325e-09	1.757523e-09	2.552263e+01	2.021042e+02
5.570000e-06	3.174850e-09	1.748121e-09	2.539087e+01	2.012833e+02
5.580000e-06	3.158264e-09	1.734890e-09	2.525822e+01	2.004557e+02
5.590000e-06	3.141543e-09	1.724251e-09	2.512450e+01	1.996157e+02
5.600000e-06	3.124664e-09	1.717946e-09	2.498951e+01	1.987589e+02
5.610000e-06	3.107613e-09	1.713403e-09	2.485314e+01	1.978821e+02
5.620000e-06	3.090411e-09	1.709373e-09	2.471556e+01	1.969842e+02
5.630000e-06	3.073052e-09	1.703479e-09	2.457674e+01	1.960660e+02
5.640000e-06	3.055523e-09	1.696622e-09	2.443655e+01	1.951302e+02
5.650000e-06	3.037850e-09	1.688634e-09	2.429521e+01	1.941802e+02
5.660000e-06	3.020072e-09	1.677757e-09	2.415303e+01	1.932204e+02
5.670000e-06	3.002182e-09	1.666957e-09	2.400996e+01	1.922546e+02
5.680000e-06	2.984190e-09	1.660019e-09	2.386606e+01	1.912857e+02
5.690000e-06	2.966105e-09	1.654958e-09	2.372143e+01	1.903156e+02
5.700000e-06	2.947900e-09	1.645825e-09	2.357583e+01	1.893443e+02
5.710000e-06	2.929577e-09	1.632011e-09	2.342929e+01	1.883702e+02
5.720000e-06	2.911156e-09	1.617522e-09	2.328198e+01	1.873909e+02
5.730000e-06	2.892631e-09	1.605595e-09	2.313382e+01	1.864028e+02
5.740000e-06	2.873972e-09	1.596598e-09	2.298459e+01	1.854028e+02
5.750000e-06	2.855166e-09	1.588420e-09	2.283419e+01	1.843880e+02
5.760000e-06	2.836208e-09	1.580854e-09	2.268258e+01	1.833573e+02
5.770000e-06	2.817095e-09	1.574104e-09	2.252972e+01	1.823107e+02
5.780000e-06	2.797841e-09	1.567068e-09	2.237573e+01	1.812505e+02
5.790000e-06	2.778474e-09	1.558383e-09	2.222085e+01	1.801804e+02
5.800000e-06	2.758986e-09	1.547360e-09	2.206500e+01	1.791052e+02
5.810000e-06	2.739345e-09	1.535232e-09	2.190791e+01	1.780305e+02
5.820000e-06	2.719587e-09	1.523937e-09	2.174990e+01	1.769616e+02
5.830000e-06	2.699743e-09	1.513616e-09	2.159120e+01	1.759027e+02
5.840000e-06	2.679815e-09	1.503145e-09	2.143182e+01	1.748566e+02
5.850000e-06	2.659820e-09	1.493208e-09	2.127191e+01	1.738239e+02
5.860000e-06	2.639767e-09	1.485961e-09	2.111154e+01	1.728031e+02
5.870000e-06	2.619674e-09	1.480734e-09	2.095085e+01	1.717905e+02
5.880000e-06	2.599546e-09	1.474167e-09	2.078987e+01	1.707809e+02
5.890000e-06	2.579375e-09	1.465957e-09	2.062856e+01	1.697684e+02
5.900000e-06	2.559159e-09	1.455263e-09	2.046688e+01	1.687466e+02
5.910000e-06	2.538883e-09	1.445291e-09	2.030471e+01	1.677101e+02
5.920000e-06	2.518528e-09	1.437250e-09	2.014193e+01	1.666549e+02
5.930000e-06	2.498083e-09	1.427235e-09	1.997842e+01	1.655789e+02
5.940000e-06	2.477555e-09	1.418310e-09	1.981425e+01	1.644820e+02
5.950000e-06	2.456938e-09	1.411907e-09	1.964936e+01	1.633663e+02
5.960000e-06	2.436177e-09	1.406578e-09	1.948333e+01	1.622357e+02
5.970000e-06	2.415234e-09	1.399456e-09	1.931584e+01	1.610947e+02
5.980000e-06	2.394113e-09	1.389195e-09	1.914692e+01	1.599484e+02
5.990000e-06	2.372810e-09	1.377609e-09	1.897655e+01	1.588014e+02
6.000000e-06	2.351313e-09	1.366074e-09	1.880462e+01	1.576569e+02
6.010000e-06	2.329598e-09	1.356583e-09	1.863096e+01	1.565166e+02
6.020000e-06	2.307680e-09	1.348264e-09	1.845567e+01	1.553801e+02
6.030000e-06	2.285571e-09	1.342871e-09	1.827885e+01	1.542452e+02
6.040000e-06	2.263267e-09	1.340494e-09	1.810048e+01	1.531083e+02
6.050000e-06	2.240786e-09	1.337042e-09	1.792069e+01	1.519646e+02
6.060000e-06	2.218149e-09	1.330750e-09	1.773965e+01	1.508093e+02
6.070000e-06	2.195362e-09	1.319950e-09	1.755741e+01	1.496378e+02
6.080000e-06	2.172424e-09	1.306210e-09	1.737396e+01	1.484469e+02
6.090000e-06	2.149307e-09	1.292113e-09	1.718908e+01	1.472348e+02
6.100000e-06	2.126011e-09	1.279646e-09	1.700277e+01	1.460015e+02
6.110000e-06	2.102590e-09	1.269207e-09	1.681546e+01	1.447490e+02
6.120000e-06	2.079064e-09	1.260323e-09	1.662732e+01	1.434805e+02
6.130000e-06	2.055431e-09	1.254220e-09	1.643831e+01	1.422003e+02
6.140000e-06	2.031704e-09	1.248225e-09	1.624855e+01	1.409132e+02
6.150000e-06	2.007908e-09	1.239027e-09	1.605825e+01	1.396233e+02
6.160000e-06	1.984044e-09	1.226219e-09	1.586739e+01	1.383342e+02
6.170000e-06	1.960123e-09	1.211624e-09	1.567608e+01	1.370481e+02
6.180000e-06	1.936150e-09	1.199464e-09	1.548437e+01	1.357658e+02
6.190000e-06	1.912124e-09	1.189874e-09	1.529222e+01	1.344864e+02
6.200000e-06	1.888058e-09	1.178385e-09	1.509975e+01	1.332082e+02
6.210000e-06	1.863954e-09	1.168043e-09	1.490698e+01	1.319285e+02
6.220000e-06	1.839808e-09	1.158799e-09	1.471387e+01	1.306445e+02
6.230000e-06	1.815625e-09	1.148674e-09	1.452046e+01	1.293537e+02
6.240000e-06	1.791402e-09	1.138741e-09	1.432674e+01	1.280545e+02
6.250000e-06	1.767152e-09	1.125349e-09	1.413280e+01	1.267460e+02
6.260000e-06	1.742868e-09	1.112203e-09	1.393859e+01	1.254289e+02
6.270000e-06	1.718541e-09	1.101953e-09	1.374404e+01	1.241044e+02
6.280000e-06	1.694185e-09	1.094183e-09	1.354924e+01	1.227748e+02
6.290000e-06	1.669769e-09	1.085136e-09	1.335398e+01	1.214425e+02
6.300000e-06	1.645285e-09	1.070984e-09	1.315816e+01	1.201098e+02
6.310000e-06	1.620736e-09	1.057549e-09	1.296183e+01	1.187782e+02
6.320000e-06	1.596113e-09	1.046291e-09	1.276491e+01	1.174484e+02
6.330000e-06	1.571410e-09	1.034979e-09	1.256735e+01	1.161197e+02
6.340000e-06	1.546635e-09	1.021499e-09	1.236921e+01	1.147907e+02
6.350000e-06	1.521798e-09	1.008003e-09	1.217058e+01	1.134587e+02
6.360000e-06	1.496881e-09	9.964414e-10	1.197131e+01	1.121210e+02
6.370000e-06	1.471884e-09	9.865862e-10	1.177139e+01	1.107745e+02
6.380000e-06	1.446816e-09	9.753161e-10	1.157091e+01	1.094170e+02
6.390000e-06	1.421658e-09	9.595442e-10	1.136971e+01	1.080470e+02
6.400000e-06	1.396422e-09	9.439584e-10	1.116788e+01	1.066645e+02
6.410000e-06	1.371142e-09	9.295451e-10	1.096571e+01	1.052706e+02
6.420000e-06	1.345775e-09	9.176953e-10	1.076283e+01	1.038677e+02
6.430000e-06	1.320324e-09	9.058830e-10	1.055929e+01	1.024592e+02
6.440000e-06	1.294819e-09	8.932066e-10	1.035531e+01	1.010486e+02
6.450000e-06	1.269259e-09	8.824027e-10	1.015090e+01	9.963942e+01
6.460000e-06	1.243628e-09	8.729305e-10	9.945912e+00	9.823434e+01
6.470000e-06	1.217915e-09	8.624853e-10	9.740277e+00	9.683488e+01
6.480000e-06	1.192159e-09	8.485074e-10	9.534288e+00	9.544106e+01
6.490000e-06	1.166370e-09	8.344617e-10	9.328040e+00	9.405140e+01
6.500000e-06	1.140532e-09	8.206665e-10	9.121400e+00	9.266303e+01
6.510000e-06	1.114635e-09	8.083597e-10	8.914295e+00	9.127215e+01
6.520000e-06	1.088719e-09	7.971522e-10	8.707032e+00	8.987454e+01
6.530000e-06	1.062786e-09	7.845719e-10	8.499630e+00	8.846621e+01
6.540000e-06	1.036802e-09	7.734408e-10	8.291824e+00	8.704394e+01
6.550000e-06	1.010753e-09	7.633819e-10	8.083497e+00	8.560585e+01
6.560000e-06	9.846643e-10	7.522289e-10	7.874851e+00	8.415160e+01
6.570000e-06	9.585559e-10	7.373133e-10	7.666049e+00	8.268253e+01
6.580000e-06	9.324245e-10	7.223517e-10	7.457063e+00	8.120141e+01
6.590000e-06	9.062603e-10	7.099929e-10	7.247815e+00	7.971206e+01
6.600000e-06	8.800443e-10	6.994052e-10	7.038152e+00	7.821876e+01
6.610000e-06	8.537957e-10	6.886092e-10	6.828229e+00	7.672565e+01
6.620000e-06	8.275169e-10	6.752937e-10	6.618064e+00	7.523605e+01
6.630000e-06	8.012136e-10	6.609557e-10	6.407704e+00	7.375201e+01
6.640000e-06	7.748734e-10	6.459957e-10	6.197048e+00	7.227403e+01
6.650000e-06	7.484893e-10	6.328775e-10	5.986041e+00	7.080093e+01
6.660000e-06	7.220680e-10	6.202529e-10	5.774736e+00	6.933008e+01
6.670000e-06	6.956272e-10	6.083027e-10	5.563276e+00	6.785780e+01
6.680000e-06	6.691638e-10	5.989002e-10	5.351635e+00	6.637992e+01
6.690000e-06	6.426671e-10	5.911895e-10	5.139727e+00	6.489237e+01
6.700000e-06	6.161476e-10	5.832747e-10	4.927637e+00	6.339180e+01
6.710000e-06	5.895923e-10	5.691814e-10	4.715261e+00	6.187604e+01
6.720000e-06	5.630161e-10	5.499701e-10	4.502718e+00	6.034433e+01
6.730000e-06	5.364367e-10	5.325219e-10	4.290150e+00	5.879743e+01
6.740000e-06	5.098300e-10	5.195681e-10	4.077362e+00	5.723733e+01
6.750000e-06	4.831697e-10	5.095000e-10	3.864147e+00	5.566689e+01
6.760000e-06	4.564815e-10	4.986161e-10	3.650707e+00	5.408927e+01
6.770000e-06	4.297869e-10	4.873608e-10	3.437217e+00	5.250735e+01
6.780000e-06	4.030635e-10	4.765010e-10	3.223497e+00	5.092317e+01
6.790000e-06	3.763221e-10	4.646050e-10	3.009632e+00	4.933757e+01
6.800000e-06	3.495690e-10	4.485649e-10	2.795674e+00	4.774996e+01
6.810000e-06	3.228035e-10	4.291370e-10	2.581617e+00	4.615839e+01
6.820000e-06	2.960081e-10	4.123864e-10	2.367321e+00	4.455988e+01
6.830000e-06	2.691934e-10	4.003520e-10	2.152871e+00	4.295090e+01
6.840000e-06	2.423736e-10	3.911489e-10	1.938379e+00	4.132798e+01
6.850000e-06	2.155308e-10	3.782714e-10	1.723704e+00	3.968840e+01
6.860000e-06	1.886895e-10	3.605211e-10	1.509040e+00	3.803075e+01
6.870000e-06	1.618347e-10	3.435397e-10	1.294270e+00	3.635535e+01
6.880000e-06	1.349558e-10	3.291060e-10	1.079305e+00	3.466443e+01
6.890000e-06	1.080641e-10	3.141265e-10	8.642391e-01	3.296202e+01
6.900000e-06	8.117601e-11	2.955450e-10	6.492018e-01	3.125362e+01
6.910000e-06	5.429225e-11	2.775986e-10	4.341992e-01	2.954559e+01
6.920000e-06	2.742769e-11	2.631073e-10	2.193502e-01	2.784445e+01
6.930000e-06	5.793508e-13	2.503024e-10	4.630783e-03	2.615615e+01
6.940000e-06	-2.629454e-11	2.351907e-10	-2.102929e-01	2.448533e+01
6.950000e-06	-5.316419e-11	2.176715e-10	-4.251829e-01	2.283486e+01
6.960000e-06	-8.001376e-11	2.040036e-10	-6.399122e-01	2.120554e+01
6.970000e-06	-1.068604e-10	1.910001e-10	-8.546185e-01	1.959611e+01
6.980000e-06	-1.337022e-10	1.778523e-10	-1.069285e+00	1.800351e+01
6.990000e-06	-1.605462e-10	1.639607e-10	-1.283970e+00	1.642343e+01
7.000000e-06	-1.873921e-10	1.488939e-10	-1.498670e+00	1.485094e+01
7.010000e-06	-2.142335e-10	1.344434e-10	-1.713334e+00	1.328121e+01
7.020000e-06	-2.410730e-10	1.172551e-10	-1.927983e+00	1.171018e+01
7.030000e-06	-2.678819e-10	1.006095e-10	-2.142387e+00	1.013507e+01
7.040000e-06	-2.946478e-10	8.482026e-11	-2.356447e+00	8.554673e+00
7.050000e-06	-3.214162e-10	7.055536e-11	-2.570527e+00	6.969341e+00
7.060000e-06	-3.481757e-10	5.799159e-11	-2.784537e+00	5.380793e+00
7.070000e-06	-3.749063e-10	4.638987e-11	-2.998315e+00	3.791623e+00
7.080000e-06	-4.016272e-10	3.593682e-11	-3.212015e+00	2.204707e+00
7.090000e-06	-4.283191e-10	2.187380e-11	-3.425483e+00	6.225426e-01
7.100000e-06	-4.549697e-10	5.175482e-12	-3.638621e+00	-9.533531e-01
7.110000e-06	-4.815965e-10	-1.149647e-11	-3.851569e+00	-2.522893e+00
7.120000e-06	-5.082169e-10	-2.567832e-11	-4.064466e+00	-4.087654e+00
7.130000e-06	-5.348169e-10	-3.867295e-11	-4.277200e+00	-5.650851e+00
7.140000e-06	-5.613862e-10	-5.318657e-11	-4.489688e+00	-7.217055e+00
7.150000e-06	-5.879397e-10	-6.624768e-11	-4.702050e+00	-8.791691e+00
7.160000e-06	-6.144595e-10	-7.707868e-11	-4.914142e+00	-1.038040e+01
7.170000e-06	-6.409330e-10	-8.759351e-11	-5.125864e+00	-1.198834e+01
7.180000e-06	-6.673795e-10	-1.013980e-10	-5.337370e+00	-1.361955e+01
7.190000e-06	-6.937965e-10	-1.170615e-10	-5.548640e+00	-1.527643e+01
7.200000e-06	-7.201760e-10	-1.313299e-10	-5.759610e+00	-1.695948e+01
7.210000e-06	-7.465271e-10	-1.456374e-10	-5.970354e+00	-1.866725e+01
7.220000e-06	-7.728543e-10	-1.605078e-10	-6.180906e+00	-2.039657e+01
7.230000e-06	-7.991624e-10	-1.749432e-10	-6.391305e+00	-2.214299e+01
7.240000e-06	-8.254492e-10	-1.887641e-10	-6.601534e+00	-2.390133e+01
7.250000e-06	-8.517048e-10	-2.031149e-10	-6.811514e+00	-2.566644e+01
7.260000e-06	-8.779252e-10	-2.168009e-10	-7.021211e+00	-2.743371e+01
7.270000e-06	-9.040953e-10	-2.311766e-10	-7.230506e+00	-2.919968e+01
7.280000e-06	-9.302223e-10	-2.455594e-10	-7.439457e+00	-3.096235e+01
7.290000e-06	-9.563138e-10	-2.593951e-10	-7.648125e+00	-3.272127e+01
7.300000e-06	-9.823835e-10	-2.746903e-10	-7.856617e+00	-3.447745e+01
7.310000e-06	-1.008431e-09	-2.890154e-10	-8.064929e+00	-3.623305e+01
7.320000e-06	-1.034418e-09	-3.038239e-10	-8.272763e+00	-3.799092e+01
7.330000e-06	-1.060349e-09	-3.203182e-10	-8.480149e+00	-3.975409e+01
7.340000e-06	-1.086233e-09	-3.388370e-10	-8.687150e+00	-4.152523e+01
7.350000e-06	-1.112086e-09	-3.562051e-10	-8.893914e+00	-4.330625e+01
7.360000e-06	-1.137894e-09	-3.689334e-10	-9.100314e+00	-4.509803e+01
7.370000e-06	-1.163663e-09	-3.806666e-10	-9.306401e+00	-4.690030e+01
7.380000e-06	-1.189403e-09	-3.922369e-10	-9.512252e+00	-4.871168e+01
7.390000e-06	-1.215055e-09	-4.059710e-10	-9.717410e+00	-5.052999e+01
7.400000e-06	-1.240631e-09	-4.221038e-10	-9.921952e+00	-5.235251e+01
7.410000e-06	-1.266152e-09	-4.387052e-10	-1.012606e+01	-5.417639e+01
7.420000e-06	-1.291599e-09	-4.556984e-10	-1.032957e+01	-5.599901e+01
7.430000e-06	-1.316975e-09	-4.744977e-10	-1.053252e+01	-5.781822e+01
7.440000e-06	-1.342303e-09	-4.943018e-10	-1.073507e+01	-5.963258e+01
7.450000e-06	-1.367581e-09	-5.125147e-10	-1.093724e+01	-6.144130e+01
7.460000e-06	-1.392780e-09	-5.283959e-10	-1.113876e+01	-6.324420e+01
7.470000e-06	-1.417883e-09	-5.414945e-10	-1.133952e+01	-6.504145e+01
7.480000e-06	-1.442913e-09	-5.544426e-10	-1.153970e+01	-6.683337e+01
7.490000e-06	-1.467864e-09	-5.680292e-10	-1.173925e+01	-6.862016e+01
7.500000e-06	-1.492747e-09	-5.815281e-10	-1.193825e+01	-7.040170e+01
7.510000e-06	-1.517586e-09	-5.966867e-10	-1.213690e+01	-7.217744e+01
7.520000e-06	-1.542349e-09	-6.168640e-10	-1.233494e+01	-7.394645e+01
7.530000e-06	-1.567030e-09	-6.406992e-10	-1.253233e+01	-7.570756e+01
7.540000e-06	-1.591628e-09	-6.628991e-10	-1.272905e+01	-7.745957e+01
7.550000e-06	-1.616151e-09	-6.791207e-10	-1.292517e+01	-7.920157e+01
7.560000e-06	-1.640604e-09	-6.889472e-10	-1.312073e+01	-8.093320e+01
7.570000e-06	-1.665001e-09	-6.966901e-10	-1.331585e+01	-8.265489e+01
7.580000e-06	-1.689362e-09	-7.069274e-10	-1.351068e+01	-8.436797e+01
7.590000e-06	-1.713683e-09	-7.228314e-10	-1.370518e+01	-8.607464e+01
7.600000e-06	-1.737958e-09	-7.435756e-10	-1.389933e+01	-8.777782e+01
7.610000e-06	-1.762197e-09	-7.660089e-10	-1.409317e+01	-8.948076e+01
7.620000e-06	-1.786398e-09	-7.883012e-10	-1.428672e+01	-9.118671e+01
7.630000e-06	-1.810549e-09	-8.072764e-10	-1.447987e+01	-9.289838e+01
7.640000e-06	-1.834671e-09	-8.204931e-10	-1.467279e+01	-9.461759e+01
7.650000e-06	-1.858765e-09	-8.287444e-10	-1.486548e+01	-9.634486e+01
7.660000e-06	-1.882829e-09	-8.379601e-10	-1.505793e+01	-9.807929e+01
7.670000e-06	-1.906857e-09	-8.525107e-10	-1.525010e+01	-9.981852e+01
7.680000e-06	-1.930850e-09	-8.716598e-10	-1.544198e+01	-1.015590e+02
7.690000e-06	-1.954786e-09	-8.907101e-10	-1.563341e+01	-1.032961e+02
7.700000e-06	-1.978652e-09	-9.061939e-10	-1.582427e+01	-1.050252e+02
7.710000e-06	-2.002449e-09	-9.223348e-10	-1.601460e+01	-1.067415e+02
7.720000e-06	-2.026166e-09	-9.396716e-10	-1.620427e+01	-1.084412e+02
7.730000e-06	-2.049825e-09	-9.556340e-10	-1.639348e+01	-1.101216e+02
7.740000e-06	-2.073402e-09	-9.694755e-10	-1.658204e+01	-1.117814e+02
7.750000e-06	-2.096855e-09	-9.833792e-10	-1.676961e+01	-1.134209e+02
7.760000e-06	-2.120179e-09	-9.994803e-10	-1.695614e+01	-1.150421e+02
7.770000e-06	-2.143348e-09	-1.014719e-09	-1.714144e+01	-1.166480e+02
7.780000e-06	-2.166361e-09	-1.027612e-09	-1.732548e+01	-1.182422e+02
7.790000e-06	-2.189220e-09	-1.038415e-09	-1.750830e+01	-1.198287e+02
7.800000e-06	-2.211928e-09	-1.051162e-09	-1.768990e+01	-1.214111e+02
7.810000e-06	-2.234470e-09	-1.065515e-09	-1.787018e+01	-1.229921e+02
7.820000e-06	-2.256807e-09	-1.078619e-09	-1.804882e+01	-1.245733e+02
7.830000e-06	-2.278953e-09	-1.090918e-09	-1.822594e+01	-1.261548e+02
7.840000e-06	-2.300937e-09	-1.105363e-09	-1.840175e+01	-1.277358e+02
7.850000e-06	-2.322734e-09	-1.125019e-09	-1.857608e+01	-1.293141e+02
7.860000e-06	-2.344302e-09	-1.143595e-09	-1.874857e+01	-1.308870e+02
7.870000e-06	-2.365645e-09	-1.156226e-09	-1.891925e+01	-1.324517e+02
7.880000e-06	-2.386825e-09	-1.164566e-09	-1.908864e+01	-1.340056e+02
7.890000e-06	-2.407867e-09	-1.174755e-09	-1.925692e+01	-1.355467e+02
7.900000e-06	-2.428753e-09	-1.187295e-09	-1.942396e+01	-1.370742e+02
7.910000e-06	-2.449504e-09	-1.199141e-09	-1.958992e+01	-1.385883e+02
7.920000e-06	-2.470123e-09	-1.211430e-09	-1.975482e+01	-1.400902e+02
7.930000e-06	-2.490634e-09	-1.226438e-09	-1.991886e+01	-1.415821e+02
7.940000e-06	-2.511051e-09	-1.245060e-09	-2.008214e+01	-1.430666e+02
7.950000e-06	-2.531387e-09	-1.260321e-09	-2.024477e+01	-1.445463e+02
7.960000e-06	-2.551672e-09	-1.270039e-09	-2.040701e+01	-1.460235e+02
7.970000e-06	-2.571897e-09	-1.277315e-09	-2.056875e+01	-1.474998e+02
7.980000e-06	-2.592064e-09	-1.287533e-09	-2.073004e+01	-1.489759e+02
7.990000e-06	-2.612189e-09	-1.303459e-09	-2.089099e+01	-1.504511e+02
8.000000e-06	-2.632268e-09	-1.319386e-09	-2.105157e+01	-1.519240e+02
8.010000e-06	-2.652289e-09	-1.333598e-09	-2.121169e+01	-1.533925e+02
8.020000e-06	-2.672241e-09	-1.346661e-09	-2.137125e+01	-1.548538e+02
8.030000e-06	-2.692121e-09	-1.359331e-09	-2.153025e+01	-1.563054e+02
8.040000e-06	-2.711902e-09	-1.371087e-09	-2.168845e+01	-1.577448e+02
8.050000e-06	-2.731566e-09	-1.381513e-09	-2.184570e+01	-1.591707e+02
8.060000e-06	-2.751108e-09	-1.391292e-09	-2.200200e+01	-1.605825e+02
8.070000e-06	-2.770546e-09	-1.402795e-09	-2.215745e+01	-1.619806e+02
8.080000e-06	-2.789853e-09	-1.418067e-09	-2.231186e+01	-1.633663e+02
8.090000e-06	-2.809007e-09	-1.433159e-09	-2.246504e+01	-1.647420e+02
8.100000e-06	-2.828021e-09	-1.446981e-09	-2.261711e+01	-1.661098e+02
8.110000e-06	-2.846889e-09	-1.458756e-09	-2.276800e+01	-1.674724e+02
8.120000e-06	-2.865628e-09	-1.469869e-09	-2.291787e+01	-1.688315e+02
8.130000e-06	-2.884238e-09	-1.482169e-09	-2.306670e+01	-1.701884e+02
8.140000e-06	-2.902716e-09	-1.494221e-09	-2.321448e+01	-1.715434e+02
8.150000e-06	-2.921086e-09	-1.506496e-09	-2.336139e+01	-1.728956e+02
8.160000e-06	-2.939354e-09	-1.519106e-09	-2.350749e+01	-1.742432e+02
8.170000e-06	-2.957515e-09	-1.532081e-09	-2.365273e+01	-1.755838e+02
8.180000e-06	-2.975556e-09	-1.542764e-09	-2.379702e+01	-1.769145e+02
8.190000e-06	-2.993493e-09	-1.551324e-09	-2.394046e+01	-1.782323e+02
8.200000e-06	-3.011336e-09	-1.560094e-09	-2.408316e+01	-1.795348e+02
8.210000e-06	-3.029046e-09	-1.572601e-09	-2.422480e+01	-1.808201e+02
8.220000e-06	-3.046597e-09	-1.588807e-09	-2.436517e+01	-1.820872e+02
8.230000e-06	-3.064021e-09	-1.601537e-09	-2.450452e+01	-1.833361e+02
8.240000e-06	-3.081302e-09	-1.609821e-09	-2.464272e+01	-1.845676e+02
8.250000e-06	-3.098405e-09	-1.618063e-09	-2.477950e+01	-1.857833e+02
8.260000e-06	-3.115356e-09	-1.628763e-09	-2.491506e+01	-1.869851e+02
8.270000e-06	-3.132149e-09	-1.638929e-09	-2.504937e+01	-1.881752e+02
8.280000e-06	-3.148811e-09	-1.646979e-09	-2.518263e+01	-1.893553e+02
8.290000e-06	-3.165366e-09	-1.656539e-09	-2.531502e+01	-1.905267e+02
8.300000e-06	-3.181800e-09	-1.669546e-09	-2.544645e+01	-1.916900e+02
8.310000e-06	-3.198133e-09	-1.683609e-09	-2.557708e+01	-1.928450e+02
8.320000e-06	-3.214382e-09	-1.693889e-09	-2.570703e+01	-1.939907e+02
8.330000e-06	-3.230559e-09	-1.702107e-09	-2.583640e+01	-1.951258e+02
8.340000e-06	-3.246654e-09	-1.711540e-09	-2.596513e+01	-1.962483e+02
8.350000e-06	-3.262672e-09	-1.722639e-09	-2.609323e+01	-1.973566e+02
8.360000e-06	-3.278607e-09	-1.732977e-09	-2.622067e+01	-1.984490e+02
8.370000e-06	-3.294445e-09	-1.740716e-09	-2.634734e+01	-1.995245e+02
8.380000e-06	-3.310152e-09	-1.749627e-09	-2.647295e+01	-2.005826e+02
8.390000e-06	-3.325702e-09	-1.759656e-09	-2.659731e+01	-2.016235e+02
8.400000e-06	-3.341045e-09	-1.769528e-09	-2.672002e+01	-2.026481e+02
8.410000e-06	-3.356123e-09	-1.778980e-09	-2.684060e+01	-2.036576e+02
8.420000e-06	-3.370951e-09	-1.786958e-09	-2.695919e+01	-2.046535e+02
8.430000e-06	-3.385506e-09	-1.795551e-09	-2.707559e+01	-2.056373e+02
8.440000e-06	-3.399795e-09	-1.806490e-09	-2.718987e+01	-2.066102e+02
8.450000e-06	-3.413834e-09	-1.816470e-09	-2.730215e+01	-2.075730e+02
8.460000e-06	-3.427601e-09	-1.822476e-09	-2.741225e+01	-2.085257e+02
8.470000e-06	-3.441094e-09	-1.827607e-09	-2.752016e+01	-2.094678e+02
8.480000e-06	-3.454334e-09	-1.835676e-09	-2.762605e+01	-2.103983e+02
8.490000e-06	-3.467387e-09	-1.844641e-09	-2.773043e+01	-2.113154e+02
8.500000e-06	-3.480230e-09	-1.851989e-09	-2.783315e+01	-2.122172e+02
8.510000e-06	-3.492869e-09	-1.858608e-09	-2.793422e+01	-2.131020e+02
8.520000e-06	-3.505368e-09	-1.866906e-09	-2.803419e+01	-2.139679e+02
8.530000e-06	-3.517719e-09	-1.876718e-09	-2.813296e+01	-2.148137e+02
8.540000e-06	-3.529924e-09	-1.885952e-09	-2.823057e+01	-2.156385e+02
8.550000e-06	-3.541986e-09	-1.892622e-09	-2.832704e+01	-2.164424e+02
8.560000e-06	-3.553907e-09	-1.896656e-09	-2.842238e+01	-2.172260e+02
8.570000e-06	-3.565680e-09	-1.900986e-09	-2.851653e+01	-2.179907e+02
8.580000e-06	-3.577286e-09	-1.905706e-09	-2.860935e+01	-2.187383e+02
8.590000e-06	-3.588718e-09	-1.910318e-09	-2.870078e+01	-2.194713e+02
8.600000e-06	-3.599953e-09	-1.916483e-09	-2.879063e+01	-2.201923e+02
8.610000e-06	-3.610991e-09	-1.924742e-09	-2.887890e+01	-2.209039e+02
8.620000e-06	-3.621863e-09	-1.933880e-09	-2.896585e+01	-2.216090e+02
8.630000e-06	-3.632564e-09	-1.942295e-09	-2.905144e+01	-2.223100e+02
8.640000e-06	-3.643099e-09	-1.947847e-09	-2.913569e+01	-2.230089e+02
8.650000e-06	-3.653490e-09	-1.951040e-09	-2.921879e+01	-2.237074e+02
8.660000e-06	-3.663752e-09	-1.954265e-09	-2.930086e+01	-2.244066e+02
8.670000e-06	-3.673860e-09	-1.959631e-09	-2.938170e+01	-2.251067e+02
8.680000e-06	-3.683843e-09	-1.966342e-09	-2.946154e+01	-2.258077e+02
8.690000e-06	-3.693708e-09	-1.973018e-09	-2.954043e+01	-2.265083e+02
8.700000e-06	-3.703391e-09	-1.980038e-09	-2.961787e+01	-2.272069e+02
8.710000e-06	-3.712898e-09	-1.987371e-09	-2.969391e+01	-2.279012e+02
8.720000e-06	-3.722233e-09	-1.994862e-09	-2.976856e+01	-2.285883e+02
8.730000e-06	-3.731382e-09	-2.000828e-09	-2.984173e+01	-2.292648e+02
8.740000e-06	-3.740338e-09	-2.004785e-09	-2.991336e+01	-2.299275e+02
8.750000e-06	-3.749112e-09	-2.008643e-09	-2.998353e+01	-2.305729e+02
8.760000e-06	-3.757742e-09	-2.013601e-09	-3.005255e+01	-2.311978e+02
8.770000e-06	-3.766229e-09	-2.018342e-09	-3.012042e+01	-2.317999e+02
8.780000e-06	-3.774593e-09	-2.022019e-09	-3.018731e+01	-2.323774e+02
8.790000e-06	-3.782869e-09	-2.027080e-09	-3.025350e+01	-2.329293e+02
8.800000e-06	-3.791050e-09	-2.034875e-09	-3.031893e+01	-2.334558e+02
8.810000e-06	-3.799157e-09	-2.042895e-09	-3.038376e+01	-2.339581e+02
8.820000e-06	-3.807179e-09	-2.047606e-09	-3.044792e+01	-2.344382e+02
8.830000e-06	-3.815083e-09	-2.049030e-09	-3.051113e+01	-2.348987e+02
8.840000e-06	-3.822868e-09	-2.051318e-09	-3.057339e+01	-2.353426e+02
8.850000e-06	-3.830502e-09	-2.055714e-09	-3.063445e+01	-2.357733e+02
8.860000e-06	-3.837942e-09	-2.060499e-09	-3.069395e+01	-2.361935e+02
8.870000e-06	-3.845159e-09	-2.062974e-09	-3.075166e+01	-2.366057e+02
8.880000e-06	-3.852164e-09	-2.064108e-09	-3.080768e+01	-2.370117e+02
8.890000e-06	-3.858920e-09	-2.067665e-09	-3.086172e+01	-2.374125e+02
8.900000e-06	-3.865369e-09	-2.073278e-09	-3.091330e+01	-2.378080e+02
8.910000e-06	-3.871502e-09	-2.077645e-09	-3.096234e+01	-2.381978e+02
8.920000e-06	-3.877308e-09	-2.080630e-09	-3.100877e+01	-2.385806e+02
8.930000e-06	-3.882823e-09	-2.086511e-09	-3.105288e+01	-2.389548e+02
8.940000e-06	-3.888062e-09	-2.093769e-09	-3.109478e+01	-2.393188e+02
8.950000e-06	-3.893035e-09	-2.097413e-09	-3.113455e+01	-2.396711e+02
8.960000e-06	-3.897800e-09	-2.095893e-09	-3.117266e+01	-2.400106e+02
8.970000e-06	-3.902400e-09	-2.092722e-09	-3.120945e+01	-2.403363e+02
8.980000e-06	-3.906853e-09	-2.093875e-09	-3.124506e+01	-2.406480e+02
8.990000e-06	-3.911186e-09	-2.099308e-09	-3.127972e+01	-2.409458e+02
9.000000e-06	-3.915415e-09	-2.104387e-09	-3.131354e+01	-2.412298e+02
9.010000e-06	-3.919560e-09	-2.107327e-09	-3.134668e+01	-2.415006e+02
9.020000e-06	-3.923621e-09	-2.110154e-09	-3.137917e+01	-2.417585e+02
9.030000e-06	-3.927582e-09	-2.111533e-09	-3.141084e+01	-2.420040e+02
9.040000e-06	-3.931419e-09	-2.109753e-09	-3.144153e+01	-2.422371e+02
9.050000e-06	-3.935109e-09	-2.106337e-09	-3.147104e+01	-2.424580e+02
9.060000e-06	-3.938649e-09	-2.105667e-09	-3.149935e+01	-2.426665e+02
9.070000e-06	-3.942009e-09	-2.111123e-09	-3.152622e+01	-2.428629e+02
9.080000e-06	-3.945144e-09	-2.117949e-09	-3.155130e+01	-2.430474e+02
9.090000e-06	-3.948088e-09	-2.121052e-09	-3.157483e+01	-2.432208e+02
9.100000e-06	-3.950860e-09	-2.120625e-09	-3.159701e+01	-2.433842e+02
9.110000e-06	-3.953453e-09	-2.118538e-09	-3.161774e+01	-2.435392e+02
9.120000e-06	-3.955899e-09	-2.117168e-09	-3.163731e+01	-2.436875e+02
9.130000e-06	-3.958227e-09	-2.116839e-09	-3.165593e+01	-2.438309e+02
9.140000e-06	-3.960435e-09	-2.116954e-09	-3.167358e+01	-2.439707e+02
9.150000e-06	-3.962521e-09	-2.117279e-09	-3.169026e+01	-2.441075e+02
9.160000e-06	-3.964435e-09	-2.118648e-09	-3.170557e+01	-2.442408e+02
9.170000e-06	-3.966091e-09	-2.120496e-09	-3.171882e+01	-2.443689e+02
9.180000e-06	-3.967514e-09	-2.121521e-09	-3.173020e+01	-2.444885e+02
9.190000e-06	-3.968807e-09	-2.122351e-09	-3.174054e+01	-2.445951e+02
9.200000e-06	-3.969944e-09	-2.123280e-09	-3.174964e+01	-2.446833e+02
9.210000e-06	-3.970880e-09	-2.124394e-09	-3.175712e+01	-2.447473e+02
9.220000e-06	-3.971650e-09	-2.123806e-09	-3.176328e+01	-2.447816e+02
9.230000e-06	-3.972258e-09	-2.120884e-09	-3.176814e+01	-2.447818e+02
9.240000e-06	-3.972730e-09	-2.117515e-09	-3.177191e+01	-2.447456e+02
