# Temperatura_=_20.0
# Concentracion g/m^3_=_10770.0
# C_Vs_to_Am_M_A/Vsm_=_116720831517.84952
# pendiente_HvsI_1/m_=_3716.3
# ordenada_HvsI_A/m_=_1297.0
# frecuencia_Hz_=_108143.23653993635
# Promedio de 30 ciclos

Tiempo_(s)	Campo_(V.s)	Magnetizacion_(V.s)	Campo_(kA/m)	Magnetizacion_(A/m)
0.000000e+00	-4.446981e-09	-2.811589e-09	-3.621253e+01	-3.257098e+02
1.000000e-08	-4.447240e-09	-2.807017e-09	-3.621464e+01	-3.257590e+02
2.000000e-08	-4.447380e-09	-2.805823e-09	-3.621578e+01	-3.257990e+02
3.000000e-08	-4.447423e-09	-2.809737e-09	-3.621613e+01	-3.258231e+02
4.000000e-08	-4.447364e-09	-2.818568e-09	-3.621566e+01	-3.258251e+02
5.000000e-08	-4.447149e-09	-2.832930e-09	-3.621390e+01	-3.258000e+02
6.000000e-08	-4.446711e-09	-2.845043e-09	-3.621033e+01	-3.257452e+02
7.000000e-08	-4.445975e-09	-2.833268e-09	-3.620434e+01	-3.256608e+02
8.000000e-08	-4.444885e-09	-2.797018e-09	-3.619546e+01	-3.255502e+02
9.000000e-08	-4.443441e-09	-2.782703e-09	-3.618371e+01	-3.254191e+02
1.000000e-07	-4.441641e-09	-2.814311e-09	-3.616905e+01	-3.252759e+02
1.100000e-07	-4.439500e-09	-2.826062e-09	-3.615162e+01	-3.251299e+02
1.200000e-07	-4.437039e-09	-2.794281e-09	-3.613157e+01	-3.249903e+02
1.300000e-07	-4.434273e-09	-2.821500e-09	-3.610905e+01	-3.248652e+02
1.400000e-07	-4.431240e-09	-2.896143e-09	-3.608435e+01	-3.247604e+02
1.500000e-07	-4.427972e-09	-2.872587e-09	-3.605774e+01	-3.246783e+02
1.600000e-07	-4.424516e-09	-2.787635e-09	-3.602960e+01	-3.246178e+02
1.700000e-07	-4.420915e-09	-2.794468e-09	-3.600027e+01	-3.245739e+02
1.800000e-07	-4.417205e-09	-2.856421e-09	-3.597006e+01	-3.245384e+02
1.900000e-07	-4.413385e-09	-2.815664e-09	-3.593896e+01	-3.245004e+02
2.000000e-07	-4.409451e-09	-2.757110e-09	-3.590692e+01	-3.244478e+02
2.100000e-07	-4.405407e-09	-2.812934e-09	-3.587399e+01	-3.243683e+02
2.200000e-07	-4.401239e-09	-2.863005e-09	-3.584005e+01	-3.242506e+02
2.300000e-07	-4.396915e-09	-2.809688e-09	-3.580484e+01	-3.240861e+02
2.400000e-07	-4.392402e-09	-2.757680e-09	-3.576809e+01	-3.238691e+02
2.500000e-07	-4.387690e-09	-2.799710e-09	-3.572972e+01	-3.235977e+02
2.600000e-07	-4.382782e-09	-2.808821e-09	-3.568976e+01	-3.232737e+02
2.700000e-07	-4.377657e-09	-2.767419e-09	-3.564802e+01	-3.229025e+02
2.800000e-07	-4.372292e-09	-2.783221e-09	-3.560433e+01	-3.224918e+02
2.900000e-07	-4.366719e-09	-2.813430e-09	-3.555895e+01	-3.220516e+02
3.000000e-07	-4.360966e-09	-2.779126e-09	-3.551210e+01	-3.215919e+02
3.100000e-07	-4.355017e-09	-2.743673e-09	-3.546366e+01	-3.211227e+02
3.200000e-07	-4.348852e-09	-2.775635e-09	-3.541346e+01	-3.206524e+02
3.300000e-07	-4.342477e-09	-2.764713e-09	-3.536154e+01	-3.201869e+02
3.400000e-07	-4.335871e-09	-2.722588e-09	-3.530775e+01	-3.197300e+02
3.500000e-07	-4.329030e-09	-2.748772e-09	-3.525204e+01	-3.192823e+02
3.600000e-07	-4.321971e-09	-2.785776e-09	-3.519456e+01	-3.188422e+02
3.700000e-07	-4.314714e-09	-2.751187e-09	-3.513547e+01	-3.184060e+02
3.800000e-07	-4.307286e-09	-2.718306e-09	-3.507498e+01	-3.179688e+02
3.900000e-07	-4.299713e-09	-2.746090e-09	-3.501331e+01	-3.175250e+02
4.000000e-07	-4.292023e-09	-2.736976e-09	-3.495069e+01	-3.170694e+02
4.100000e-07	-4.284235e-09	-2.702141e-09	-3.488727e+01	-3.165975e+02
4.200000e-07	-4.276359e-09	-2.707606e-09	-3.482313e+01	-3.161065e+02
4.300000e-07	-4.268387e-09	-2.720341e-09	-3.475821e+01	-3.155948e+02
4.400000e-07	-4.260301e-09	-2.701888e-09	-3.469237e+01	-3.150626e+02
4.500000e-07	-4.252057e-09	-2.695518e-09	-3.462524e+01	-3.145115e+02
4.600000e-07	-4.243609e-09	-2.706983e-09	-3.455644e+01	-3.139440e+02
4.700000e-07	-4.234921e-09	-2.688908e-09	-3.448569e+01	-3.133632e+02
4.800000e-07	-4.225947e-09	-2.680352e-09	-3.441262e+01	-3.127723e+02
4.900000e-07	-4.216645e-09	-2.690954e-09	-3.433688e+01	-3.121738e+02
5.000000e-07	-4.206982e-09	-2.683981e-09	-3.425819e+01	-3.115696e+02
5.100000e-07	-4.196978e-09	-2.664196e-09	-3.417673e+01	-3.109603e+02
5.200000e-07	-4.186660e-09	-2.659462e-09	-3.409270e+01	-3.103456e+02
5.300000e-07	-4.176010e-09	-2.660527e-09	-3.400598e+01	-3.097240e+02
5.400000e-07	-4.165060e-09	-2.649211e-09	-3.391681e+01	-3.090931e+02
5.500000e-07	-4.153854e-09	-2.644880e-09	-3.382556e+01	-3.084503e+02
5.600000e-07	-4.142428e-09	-2.642760e-09	-3.373251e+01	-3.077928e+02
5.700000e-07	-4.130813e-09	-2.641832e-09	-3.363793e+01	-3.071182e+02
5.800000e-07	-4.119015e-09	-2.640049e-09	-3.354186e+01	-3.064250e+02
5.900000e-07	-4.107038e-09	-2.629748e-09	-3.344433e+01	-3.057125e+02
6.000000e-07	-4.094884e-09	-2.617487e-09	-3.334535e+01	-3.049815e+02
6.100000e-07	-4.082548e-09	-2.608667e-09	-3.324490e+01	-3.042338e+02
6.200000e-07	-4.070024e-09	-2.603663e-09	-3.314291e+01	-3.034724e+02
6.300000e-07	-4.057290e-09	-2.592657e-09	-3.303922e+01	-3.027011e+02
6.400000e-07	-4.044345e-09	-2.583850e-09	-3.293381e+01	-3.019244e+02
6.500000e-07	-4.031214e-09	-2.575239e-09	-3.282688e+01	-3.011466e+02
6.600000e-07	-4.017906e-09	-2.570908e-09	-3.271851e+01	-3.003719e+02
6.700000e-07	-4.004409e-09	-2.574855e-09	-3.260860e+01	-2.996034e+02
6.800000e-07	-3.990742e-09	-2.572609e-09	-3.249731e+01	-2.988434e+02
6.900000e-07	-3.976911e-09	-2.566006e-09	-3.238468e+01	-2.980923e+02
7.000000e-07	-3.962895e-09	-2.558067e-09	-3.227054e+01	-2.973492e+02
7.100000e-07	-3.948681e-09	-2.548731e-09	-3.215480e+01	-2.966117e+02
7.200000e-07	-3.934246e-09	-2.532959e-09	-3.203725e+01	-2.958758e+02
7.300000e-07	-3.919562e-09	-2.522224e-09	-3.191768e+01	-2.951365e+02
7.400000e-07	-3.904584e-09	-2.521120e-09	-3.179571e+01	-2.943879e+02
7.500000e-07	-3.889324e-09	-2.521583e-09	-3.167145e+01	-2.936243e+02
7.600000e-07	-3.873817e-09	-2.524890e-09	-3.154517e+01	-2.928402e+02
7.700000e-07	-3.858021e-09	-2.522912e-09	-3.141654e+01	-2.920309e+02
7.800000e-07	-3.841961e-09	-2.512849e-09	-3.128576e+01	-2.911933e+02
7.900000e-07	-3.825705e-09	-2.498221e-09	-3.115339e+01	-2.903261e+02
8.000000e-07	-3.809260e-09	-2.484925e-09	-3.101948e+01	-2.894297e+02
8.100000e-07	-3.792631e-09	-2.471879e-09	-3.088406e+01	-2.885067e+02
8.200000e-07	-3.775851e-09	-2.461030e-09	-3.074742e+01	-2.875612e+02
8.300000e-07	-3.758943e-09	-2.457548e-09	-3.060973e+01	-2.865987e+02
8.400000e-07	-3.741890e-09	-2.456136e-09	-3.047087e+01	-2.856259e+02
8.500000e-07	-3.724724e-09	-2.453386e-09	-3.033109e+01	-2.846491e+02
8.600000e-07	-3.707470e-09	-2.445683e-09	-3.019058e+01	-2.836747e+02
8.700000e-07	-3.690079e-09	-2.435864e-09	-3.004896e+01	-2.827076e+02
8.800000e-07	-3.672540e-09	-2.425033e-09	-2.990614e+01	-2.817515e+02
8.900000e-07	-3.654862e-09	-2.413114e-09	-2.976219e+01	-2.808077e+02
9.000000e-07	-3.637017e-09	-2.402242e-09	-2.961687e+01	-2.798756e+02
9.100000e-07	-3.618999e-09	-2.390524e-09	-2.947015e+01	-2.789528e+02
9.200000e-07	-3.600797e-09	-2.378900e-09	-2.932193e+01	-2.780348e+02
9.300000e-07	-3.582394e-09	-2.368848e-09	-2.917207e+01	-2.771161e+02
9.400000e-07	-3.563792e-09	-2.361446e-09	-2.902059e+01	-2.761905e+02
9.500000e-07	-3.544964e-09	-2.352216e-09	-2.886727e+01	-2.752521e+02
9.600000e-07	-3.525924e-09	-2.342583e-09	-2.871222e+01	-2.742955e+02
9.700000e-07	-3.506704e-09	-2.335564e-09	-2.855571e+01	-2.733167e+02
9.800000e-07	-3.487318e-09	-2.327723e-09	-2.839785e+01	-2.723135e+02
9.900000e-07	-3.467805e-09	-2.319090e-09	-2.823895e+01	-2.712855e+02
1.000000e-06	-3.448184e-09	-2.307687e-09	-2.807917e+01	-2.702341e+02
1.010000e-06	-3.428476e-09	-2.293730e-09	-2.791868e+01	-2.691623e+02
1.020000e-06	-3.408708e-09	-2.279476e-09	-2.775771e+01	-2.680743e+02
1.030000e-06	-3.388892e-09	-2.268876e-09	-2.759635e+01	-2.669746e+02
1.040000e-06	-3.369017e-09	-2.261977e-09	-2.743450e+01	-2.658677e+02
1.050000e-06	-3.349060e-09	-2.255442e-09	-2.727199e+01	-2.647573e+02
1.060000e-06	-3.329022e-09	-2.248509e-09	-2.710881e+01	-2.636461e+02
1.070000e-06	-3.308890e-09	-2.239756e-09	-2.694487e+01	-2.625350e+02
1.080000e-06	-3.288637e-09	-2.229489e-09	-2.677995e+01	-2.614235e+02
1.090000e-06	-3.268252e-09	-2.216324e-09	-2.661395e+01	-2.603095e+02
1.100000e-06	-3.247714e-09	-2.202563e-09	-2.644671e+01	-2.591899e+02
1.110000e-06	-3.227006e-09	-2.191229e-09	-2.627807e+01	-2.580609e+02
1.120000e-06	-3.206135e-09	-2.182618e-09	-2.610813e+01	-2.569184e+02
1.130000e-06	-3.185091e-09	-2.175221e-09	-2.593676e+01	-2.557593e+02
1.140000e-06	-3.163872e-09	-2.164902e-09	-2.576397e+01	-2.545809e+02
1.150000e-06	-3.142491e-09	-2.152399e-09	-2.558986e+01	-2.533822e+02
1.160000e-06	-3.120961e-09	-2.140888e-09	-2.541454e+01	-2.521639e+02
1.170000e-06	-3.099299e-09	-2.131909e-09	-2.523814e+01	-2.509281e+02
1.180000e-06	-3.077523e-09	-2.123068e-09	-2.506081e+01	-2.496782e+02
1.190000e-06	-3.055641e-09	-2.113025e-09	-2.488262e+01	-2.484187e+02
1.200000e-06	-3.033651e-09	-2.101650e-09	-2.470355e+01	-2.471547e+02
1.210000e-06	-3.011548e-09	-2.088345e-09	-2.452356e+01	-2.458911e+02
1.220000e-06	-2.989298e-09	-2.073669e-09	-2.434238e+01	-2.446325e+02
1.230000e-06	-2.966895e-09	-2.057791e-09	-2.415994e+01	-2.433825e+02
1.240000e-06	-2.944358e-09	-2.043809e-09	-2.397642e+01	-2.421433e+02
1.250000e-06	-2.921692e-09	-2.034332e-09	-2.379185e+01	-2.409160e+02
1.260000e-06	-2.898893e-09	-2.029294e-09	-2.360620e+01	-2.397004e+02
1.270000e-06	-2.875938e-09	-2.026050e-09	-2.341927e+01	-2.384949e+02
1.280000e-06	-2.852824e-09	-2.020258e-09	-2.323105e+01	-2.372973e+02
1.290000e-06	-2.829599e-09	-2.010352e-09	-2.304192e+01	-2.361051e+02
1.300000e-06	-2.806257e-09	-1.997708e-09	-2.285185e+01	-2.349151e+02
1.310000e-06	-2.782794e-09	-1.983096e-09	-2.266078e+01	-2.337249e+02
1.320000e-06	-2.759229e-09	-1.967604e-09	-2.246889e+01	-2.325321e+02
1.330000e-06	-2.735577e-09	-1.956284e-09	-2.227629e+01	-2.313349e+02
1.340000e-06	-2.711844e-09	-1.949234e-09	-2.208302e+01	-2.301320e+02
1.350000e-06	-2.688020e-09	-1.941203e-09	-2.188902e+01	-2.289227e+02
1.360000e-06	-2.664123e-09	-1.930650e-09	-2.169443e+01	-2.277064e+02
1.370000e-06	-2.640158e-09	-1.919145e-09	-2.149927e+01	-2.264826e+02
1.380000e-06	-2.616118e-09	-1.908524e-09	-2.130351e+01	-2.252509e+02
1.390000e-06	-2.591989e-09	-1.898692e-09	-2.110702e+01	-2.240107e+02
1.400000e-06	-2.567753e-09	-1.889536e-09	-2.090966e+01	-2.227614e+02
1.410000e-06	-2.543399e-09	-1.879630e-09	-2.071134e+01	-2.215020e+02
1.420000e-06	-2.518921e-09	-1.868171e-09	-2.051202e+01	-2.202319e+02
1.430000e-06	-2.494319e-09	-1.854924e-09	-2.031168e+01	-2.189505e+02
1.440000e-06	-2.469569e-09	-1.838475e-09	-2.011014e+01	-2.176576e+02
1.450000e-06	-2.444681e-09	-1.822998e-09	-1.990747e+01	-2.163534e+02
1.460000e-06	-2.419645e-09	-1.813384e-09	-1.970360e+01	-2.150391e+02
1.470000e-06	-2.394442e-09	-1.807847e-09	-1.949837e+01	-2.137162e+02
1.480000e-06	-2.369057e-09	-1.802342e-09	-1.929166e+01	-2.123869e+02
1.490000e-06	-2.343462e-09	-1.793350e-09	-1.908324e+01	-2.110536e+02
1.500000e-06	-2.317658e-09	-1.778735e-09	-1.887311e+01	-2.097188e+02
1.510000e-06	-2.291662e-09	-1.760139e-09	-1.866142e+01	-2.083849e+02
1.520000e-06	-2.265455e-09	-1.740811e-09	-1.844801e+01	-2.070535e+02
1.530000e-06	-2.239037e-09	-1.723200e-09	-1.823289e+01	-2.057254e+02
1.540000e-06	-2.212460e-09	-1.709621e-09	-1.801647e+01	-2.044007e+02
1.550000e-06	-2.185737e-09	-1.700029e-09	-1.779886e+01	-2.030779e+02
1.560000e-06	-2.158851e-09	-1.692834e-09	-1.757992e+01	-2.017551e+02
1.570000e-06	-2.131814e-09	-1.685589e-09	-1.735976e+01	-2.004293e+02
1.580000e-06	-2.104650e-09	-1.675253e-09	-1.713855e+01	-1.990970e+02
1.590000e-06	-2.077366e-09	-1.661671e-09	-1.691637e+01	-1.977548e+02
1.600000e-06	-2.049978e-09	-1.645664e-09	-1.669336e+01	-1.963995e+02
1.610000e-06	-2.022487e-09	-1.629174e-09	-1.646948e+01	-1.950284e+02
1.620000e-06	-1.994918e-09	-1.613449e-09	-1.624499e+01	-1.936399e+02
1.630000e-06	-1.967293e-09	-1.596649e-09	-1.602004e+01	-1.922333e+02
1.640000e-06	-1.939616e-09	-1.580044e-09	-1.579465e+01	-1.908090e+02
1.650000e-06	-1.911900e-09	-1.567596e-09	-1.556896e+01	-1.893683e+02
1.660000e-06	-1.884144e-09	-1.558687e-09	-1.534294e+01	-1.879133e+02
1.670000e-06	-1.856353e-09	-1.548025e-09	-1.511663e+01	-1.864464e+02
1.680000e-06	-1.828532e-09	-1.534001e-09	-1.489007e+01	-1.849702e+02
1.690000e-06	-1.800681e-09	-1.519869e-09	-1.466327e+01	-1.834868e+02
1.700000e-06	-1.772803e-09	-1.508325e-09	-1.443626e+01	-1.819982e+02
1.710000e-06	-1.744896e-09	-1.497345e-09	-1.420901e+01	-1.805054e+02
1.720000e-06	-1.716946e-09	-1.481566e-09	-1.398141e+01	-1.790087e+02
1.730000e-06	-1.688952e-09	-1.463033e-09	-1.375345e+01	-1.775080e+02
1.740000e-06	-1.660911e-09	-1.446251e-09	-1.352510e+01	-1.760021e+02
1.750000e-06	-1.632812e-09	-1.431351e-09	-1.329629e+01	-1.744898e+02
1.760000e-06	-1.604665e-09	-1.418184e-09	-1.306708e+01	-1.729696e+02
1.770000e-06	-1.576467e-09	-1.406872e-09	-1.283746e+01	-1.714400e+02
1.780000e-06	-1.548190e-09	-1.397735e-09	-1.260719e+01	-1.698997e+02
1.790000e-06	-1.519849e-09	-1.388815e-09	-1.237641e+01	-1.683479e+02
1.800000e-06	-1.491450e-09	-1.376673e-09	-1.214515e+01	-1.667839e+02
1.810000e-06	-1.462969e-09	-1.360348e-09	-1.191323e+01	-1.652074e+02
1.820000e-06	-1.434411e-09	-1.343218e-09	-1.168067e+01	-1.636183e+02
1.830000e-06	-1.405782e-09	-1.328799e-09	-1.144754e+01	-1.620168e+02
1.840000e-06	-1.377086e-09	-1.315303e-09	-1.121387e+01	-1.604029e+02
1.850000e-06	-1.348339e-09	-1.300912e-09	-1.097978e+01	-1.587767e+02
1.860000e-06	-1.319523e-09	-1.287702e-09	-1.074513e+01	-1.571381e+02
1.870000e-06	-1.290625e-09	-1.277424e-09	-1.050980e+01	-1.554869e+02
1.880000e-06	-1.261663e-09	-1.268169e-09	-1.027396e+01	-1.538230e+02
1.890000e-06	-1.232624e-09	-1.257181e-09	-1.003749e+01	-1.521465e+02
1.900000e-06	-1.203499e-09	-1.243847e-09	-9.800325e+00	-1.504573e+02
1.910000e-06	-1.174315e-09	-1.228800e-09	-9.562674e+00	-1.487561e+02
1.920000e-06	-1.145083e-09	-1.213470e-09	-9.324633e+00	-1.470436e+02
1.930000e-06	-1.115804e-09	-1.197256e-09	-9.086211e+00	-1.453210e+02
1.940000e-06	-1.086471e-09	-1.179683e-09	-8.847348e+00	-1.435897e+02
1.950000e-06	-1.057076e-09	-1.163676e-09	-8.607975e+00	-1.418510e+02
1.960000e-06	-1.027650e-09	-1.152141e-09	-8.368359e+00	-1.401063e+02
1.970000e-06	-9.981909e-10	-1.143558e-09	-8.128465e+00	-1.383565e+02
1.980000e-06	-9.686766e-10	-1.135057e-09	-7.888124e+00	-1.366017e+02
1.990000e-06	-9.391099e-10	-1.125004e-09	-7.647358e+00	-1.348415e+02
2.000000e-06	-9.095045e-10	-1.111116e-09	-7.406275e+00	-1.330746e+02
2.010000e-06	-8.798709e-10	-1.095170e-09	-7.164963e+00	-1.312988e+02
2.020000e-06	-8.502041e-10	-1.077815e-09	-6.923380e+00	-1.295115e+02
2.030000e-06	-8.205014e-10	-1.058170e-09	-6.681506e+00	-1.277097e+02
2.040000e-06	-7.907770e-10	-1.038622e-09	-6.439454e+00	-1.258906e+02
2.050000e-06	-7.610300e-10	-1.021012e-09	-6.197219e+00	-1.240520e+02
2.060000e-06	-7.312627e-10	-1.007415e-09	-5.954817e+00	-1.221925e+02
2.070000e-06	-7.014893e-10	-9.961924e-10	-5.712367e+00	-1.203119e+02
2.080000e-06	-6.717032e-10	-9.840638e-10	-5.469812e+00	-1.184115e+02
2.090000e-06	-6.418888e-10	-9.705038e-10	-5.227028e+00	-1.164941e+02
2.100000e-06	-6.120342e-10	-9.552596e-10	-4.983917e+00	-1.145635e+02
2.110000e-06	-5.821524e-10	-9.391660e-10	-4.740584e+00	-1.126244e+02
2.120000e-06	-5.522550e-10	-9.217121e-10	-4.497123e+00	-1.106819e+02
2.130000e-06	-5.223503e-10	-9.016061e-10	-4.253604e+00	-1.087408e+02
2.140000e-06	-4.924337e-10	-8.804094e-10	-4.009988e+00	-1.068052e+02
2.150000e-06	-4.625088e-10	-8.625869e-10	-3.766304e+00	-1.048777e+02
2.160000e-06	-4.325790e-10	-8.491899e-10	-3.522579e+00	-1.029592e+02
2.170000e-06	-4.026294e-10	-8.362488e-10	-3.278694e+00	-1.010487e+02
2.180000e-06	-3.726726e-10	-8.225594e-10	-3.034750e+00	-9.914330e+01
2.190000e-06	-3.426989e-10	-8.089140e-10	-2.790669e+00	-9.723842e+01
2.200000e-06	-3.126910e-10	-7.954558e-10	-2.546309e+00	-9.532830e+01
2.210000e-06	-2.826711e-10	-7.795052e-10	-2.301850e+00	-9.340659e+01
2.220000e-06	-2.526548e-10	-7.592406e-10	-2.057422e+00	-9.146704e+01
2.230000e-06	-2.226259e-10	-7.369816e-10	-1.812890e+00	-8.950420e+01
2.240000e-06	-1.925813e-10	-7.156095e-10	-1.568232e+00	-8.751402e+01
2.250000e-06	-1.625306e-10	-6.964610e-10	-1.323524e+00	-8.549426e+01
2.260000e-06	-1.324716e-10	-6.776457e-10	-1.078748e+00	-8.344474e+01
2.270000e-06	-1.024121e-10	-6.598660e-10	-8.339675e-01	-8.136735e+01
2.280000e-06	-7.235673e-11	-6.442832e-10	-5.892207e-01	-7.926573e+01
2.290000e-06	-4.230109e-11	-6.283126e-10	-3.444721e-01	-7.714491e+01
2.300000e-06	-1.225389e-11	-6.098813e-10	-9.979229e-02	-7.501066e+01
2.310000e-06	1.779349e-11	-5.888623e-10	1.448890e-01	-7.286884e+01
2.320000e-06	4.785182e-11	-5.664270e-10	3.896596e-01	-7.072476e+01
2.330000e-06	7.790889e-11	-5.452133e-10	6.344200e-01	-6.858258e+01
2.340000e-06	1.079428e-10	-5.254729e-10	8.789919e-01	-6.644493e+01
2.350000e-06	1.379632e-10	-5.056342e-10	1.123454e+00	-6.431266e+01
2.360000e-06	1.679931e-10	-4.869319e-10	1.367992e+00	-6.218485e+01
2.370000e-06	1.980326e-10	-4.704306e-10	1.612609e+00	-6.005902e+01
2.380000e-06	2.280682e-10	-4.565066e-10	1.857195e+00	-5.793146e+01
2.390000e-06	2.580916e-10	-4.434408e-10	2.101681e+00	-5.579779e+01
2.400000e-06	2.880941e-10	-4.276719e-10	2.345996e+00	-5.365343e+01
2.410000e-06	3.180777e-10	-4.085492e-10	2.590158e+00	-5.149421e+01
2.420000e-06	3.480648e-10	-3.867656e-10	2.834348e+00	-4.931680e+01
2.430000e-06	3.780406e-10	-3.625783e-10	3.078446e+00	-4.711905e+01
2.440000e-06	4.079921e-10	-3.375330e-10	3.322347e+00	-4.490018e+01
2.450000e-06	4.379270e-10	-3.139404e-10	3.566113e+00	-4.266080e+01
2.460000e-06	4.678478e-10	-2.958122e-10	3.809764e+00	-4.040276e+01
2.470000e-06	4.977493e-10	-2.834234e-10	4.053257e+00	-3.812890e+01
2.480000e-06	5.276447e-10	-2.727551e-10	4.296701e+00	-3.584263e+01
2.490000e-06	5.575258e-10	-2.601521e-10	4.540029e+00	-3.354761e+01
2.500000e-06	5.873813e-10	-2.423378e-10	4.783148e+00	-3.124725e+01
2.510000e-06	6.172224e-10	-2.200930e-10	5.026150e+00	-2.894444e+01
2.520000e-06	6.470390e-10	-1.959546e-10	5.268953e+00	-2.664123e+01
2.530000e-06	6.768314e-10	-1.721331e-10	5.511558e+00	-2.433871e+01
2.540000e-06	7.066045e-10	-1.509739e-10	5.754006e+00	-2.203692e+01
2.550000e-06	7.363459e-10	-1.322132e-10	5.996196e+00	-1.973498e+01
2.560000e-06	7.660627e-10	-1.145646e-10	6.238185e+00	-1.743121e+01
2.570000e-06	7.957648e-10	-9.753552e-11	6.480055e+00	-1.512339e+01
2.580000e-06	8.254332e-10	-8.190466e-11	6.721650e+00	-1.280904e+01
2.590000e-06	8.550708e-10	-6.821134e-11	6.962995e+00	-1.048569e+01
2.600000e-06	8.846798e-10	-5.379793e-11	7.204106e+00	-8.151176e+00
2.610000e-06	9.142434e-10	-3.656700e-11	7.444848e+00	-5.803847e+00
2.620000e-06	9.437786e-10	-1.783267e-11	7.685358e+00	-3.442756e+00
2.630000e-06	9.732953e-10	2.814990e-12	7.925717e+00	-1.067743e+00
2.640000e-06	1.002768e-09	2.557168e-11	8.165716e+00	1.320555e+00
2.650000e-06	1.032185e-09	4.746018e-11	8.405269e+00	3.720761e+00
2.660000e-06	1.061558e-09	6.703168e-11	8.644459e+00	6.130889e+00
2.670000e-06	1.090901e-09	8.535277e-11	8.883403e+00	8.548535e+00
2.680000e-06	1.120195e-09	1.025791e-10	9.121944e+00	1.097110e+01
2.690000e-06	1.149416e-09	1.195742e-10	9.359897e+00	1.339604e+01
2.700000e-06	1.178582e-09	1.377901e-10	9.597400e+00	1.582108e+01
2.710000e-06	1.207677e-09	1.567061e-10	9.834326e+00	1.824445e+01
2.720000e-06	1.236703e-09	1.776196e-10	1.007069e+01	2.066505e+01
2.730000e-06	1.265664e-09	2.008252e-10	1.030653e+01	2.308252e+01
2.740000e-06	1.294548e-09	2.241062e-10	1.054173e+01	2.549728e+01
2.750000e-06	1.323372e-09	2.464402e-10	1.077645e+01	2.791044e+01
2.760000e-06	1.352142e-09	2.691658e-10	1.101073e+01	3.032373e+01
2.770000e-06	1.380831e-09	2.912930e-10	1.124435e+01	3.273923e+01
2.780000e-06	1.409429e-09	3.087070e-10	1.147723e+01	3.515914e+01
2.790000e-06	1.437955e-09	3.225308e-10	1.170951e+01	3.758556e+01
2.800000e-06	1.466409e-09	3.392557e-10	1.194122e+01	4.002023e+01
2.810000e-06	1.494797e-09	3.611520e-10	1.217239e+01	4.246434e+01
2.820000e-06	1.523126e-09	3.848049e-10	1.240308e+01	4.491839e+01
2.830000e-06	1.551386e-09	4.078623e-10	1.263321e+01	4.738222e+01
2.840000e-06	1.579581e-09	4.314251e-10	1.286281e+01	4.985503e+01
2.850000e-06	1.607737e-09	4.561156e-10	1.309208e+01	5.233556e+01
2.860000e-06	1.635847e-09	4.792274e-10	1.332099e+01	5.482234e+01
2.870000e-06	1.663880e-09	4.983077e-10	1.354926e+01	5.731393e+01
2.880000e-06	1.691857e-09	5.150221e-10	1.377709e+01	5.980921e+01
2.890000e-06	1.719810e-09	5.346274e-10	1.400472e+01	6.230759e+01
2.900000e-06	1.747731e-09	5.575928e-10	1.423208e+01	6.480914e+01
2.910000e-06	1.775619e-09	5.805154e-10	1.445918e+01	6.731461e+01
2.920000e-06	1.803476e-09	6.031102e-10	1.468603e+01	6.982537e+01
2.930000e-06	1.831303e-09	6.282176e-10	1.491263e+01	7.234314e+01
2.940000e-06	1.859092e-09	6.549314e-10	1.513892e+01	7.486966e+01
2.950000e-06	1.886845e-09	6.778223e-10	1.536492e+01	7.740640e+01
2.960000e-06	1.914565e-09	6.984076e-10	1.559065e+01	7.995411e+01
2.970000e-06	1.942241e-09	7.196154e-10	1.581602e+01	8.251254e+01
2.980000e-06	1.969874e-09	7.414127e-10	1.604104e+01	8.508025e+01
2.990000e-06	1.997444e-09	7.624279e-10	1.626555e+01	8.765455e+01
3.000000e-06	2.024918e-09	7.810105e-10	1.648927e+01	9.023166e+01
3.010000e-06	2.052302e-09	7.998963e-10	1.671227e+01	9.280702e+01
3.020000e-06	2.079603e-09	8.207663e-10	1.693458e+01	9.537574e+01
3.030000e-06	2.106799e-09	8.430953e-10	1.715604e+01	9.793317e+01
3.040000e-06	2.133866e-09	8.657718e-10	1.737645e+01	1.004754e+02
3.050000e-06	2.160801e-09	8.888077e-10	1.759579e+01	1.030000e+02
3.060000e-06	2.187618e-09	9.125375e-10	1.781416e+01	1.055062e+02
3.070000e-06	2.214258e-09	9.335311e-10	1.803110e+01	1.079949e+02
3.080000e-06	2.240696e-09	9.514615e-10	1.824639e+01	1.104691e+02
3.090000e-06	2.266965e-09	9.681517e-10	1.846030e+01	1.129332e+02
3.100000e-06	2.293039e-09	9.858419e-10	1.867262e+01	1.153926e+02
3.110000e-06	2.318890e-09	1.003526e-09	1.888313e+01	1.178530e+02
3.120000e-06	2.344532e-09	1.020504e-09	1.909194e+01	1.203195e+02
3.130000e-06	2.369974e-09	1.041320e-09	1.929911e+01	1.227961e+02
3.140000e-06	2.395194e-09	1.064286e-09	1.950448e+01	1.252847e+02
3.150000e-06	2.420229e-09	1.088257e-09	1.970835e+01	1.277853e+02
3.160000e-06	2.445136e-09	1.113753e-09	1.991116e+01	1.302950e+02
3.170000e-06	2.469868e-09	1.141090e-09	2.011256e+01	1.328093e+02
3.180000e-06	2.494412e-09	1.166578e-09	2.031243e+01	1.353214e+02
3.190000e-06	2.518796e-09	1.183882e-09	2.051099e+01	1.378242e+02
3.200000e-06	2.543061e-09	1.194139e-09	2.070859e+01	1.403100e+02
3.210000e-06	2.567249e-09	1.201199e-09	2.090555e+01	1.427726e+02
3.220000e-06	2.591354e-09	1.213428e-09	2.110185e+01	1.452071e+02
3.230000e-06	2.615367e-09	1.234018e-09	2.129739e+01	1.476113e+02
3.240000e-06	2.639310e-09	1.260973e-09	2.149236e+01	1.499860e+02
3.250000e-06	2.663190e-09	1.292584e-09	2.168682e+01	1.523346e+02
3.260000e-06	2.686986e-09	1.323010e-09	2.188059e+01	1.546629e+02
3.270000e-06	2.710709e-09	1.346896e-09	2.207378e+01	1.569789e+02
3.280000e-06	2.734365e-09	1.359550e-09	2.226642e+01	1.592911e+02
3.290000e-06	2.757945e-09	1.365212e-09	2.245843e+01	1.616081e+02
3.300000e-06	2.781439e-09	1.371740e-09	2.264974e+01	1.639372e+02
3.310000e-06	2.804820e-09	1.382636e-09	2.284014e+01	1.662837e+02
3.320000e-06	2.828077e-09	1.400296e-09	2.302952e+01	1.686502e+02
3.330000e-06	2.851204e-09	1.425489e-09	2.321786e+01	1.710365e+02
3.340000e-06	2.874181e-09	1.457054e-09	2.340496e+01	1.734392e+02
3.350000e-06	2.896997e-09	1.489185e-09	2.359075e+01	1.758528e+02
3.360000e-06	2.919669e-09	1.515890e-09	2.377537e+01	1.782701e+02
3.370000e-06	2.942208e-09	1.533259e-09	2.395891e+01	1.806830e+02
3.380000e-06	2.964596e-09	1.543830e-09	2.414122e+01	1.830837e+02
3.390000e-06	2.986833e-09	1.553387e-09	2.432230e+01	1.854655e+02
3.400000e-06	3.008943e-09	1.564981e-09	2.450235e+01	1.878236e+02
3.410000e-06	3.030946e-09	1.582450e-09	2.468152e+01	1.901554e+02
3.420000e-06	3.052842e-09	1.606644e-09	2.485982e+01	1.924605e+02
3.430000e-06	3.074621e-09	1.634735e-09	2.503717e+01	1.947404e+02
3.440000e-06	3.096288e-09	1.661408e-09	2.521361e+01	1.969983e+02
3.450000e-06	3.117834e-09	1.683053e-09	2.538906e+01	1.992381e+02
3.460000e-06	3.139239e-09	1.699933e-09	2.556337e+01	2.014635e+02
3.470000e-06	3.160495e-09	1.714542e-09	2.573646e+01	2.036775e+02
3.480000e-06	3.181603e-09	1.729568e-09	2.590834e+01	2.058818e+02
3.490000e-06	3.202529e-09	1.745523e-09	2.607875e+01	2.080766e+02
3.500000e-06	3.223282e-09	1.763393e-09	2.624774e+01	2.102601e+02
3.510000e-06	3.243885e-09	1.782095e-09	2.641552e+01	2.124295e+02
3.520000e-06	3.264334e-09	1.801021e-09	2.658203e+01	2.145813e+02
3.530000e-06	3.284649e-09	1.820051e-09	2.674747e+01	2.167116e+02
3.540000e-06	3.304852e-09	1.838491e-09	2.691198e+01	2.188173e+02
3.550000e-06	3.324946e-09	1.857488e-09	2.707562e+01	2.208967e+02
3.560000e-06	3.344943e-09	1.876124e-09	2.723845e+01	2.229495e+02
3.570000e-06	3.364850e-09	1.893650e-09	2.740056e+01	2.249774e+02
3.580000e-06	3.384690e-09	1.908885e-09	2.756212e+01	2.269838e+02
3.590000e-06	3.404475e-09	1.922884e-09	2.772324e+01	2.289729e+02
3.600000e-06	3.424193e-09	1.936845e-09	2.788380e+01	2.309497e+02
3.610000e-06	3.443831e-09	1.950512e-09	2.804372e+01	2.329187e+02
3.620000e-06	3.463377e-09	1.966064e-09	2.820288e+01	2.348832e+02
3.630000e-06	3.482789e-09	1.984529e-09	2.836096e+01	2.368444e+02
3.640000e-06	3.502041e-09	2.006223e-09	2.851773e+01	2.388016e+02
3.650000e-06	3.521126e-09	2.028790e-09	2.867314e+01	2.407514e+02
3.660000e-06	3.540019e-09	2.048272e-09	2.882699e+01	2.426883e+02
3.670000e-06	3.558714e-09	2.062761e-09	2.897923e+01	2.446054e+02
3.680000e-06	3.577199e-09	2.073740e-09	2.912976e+01	2.464952e+02
3.690000e-06	3.595469e-09	2.084256e-09	2.927853e+01	2.483505e+02
3.700000e-06	3.613529e-09	2.093952e-09	2.942560e+01	2.501658e+02
3.710000e-06	3.631392e-09	2.103080e-09	2.957106e+01	2.519378e+02
3.720000e-06	3.649082e-09	2.115260e-09	2.971511e+01	2.536661e+02
3.730000e-06	3.666594e-09	2.132295e-09	2.985772e+01	2.553535e+02
3.740000e-06	3.683957e-09	2.151347e-09	2.999911e+01	2.570056e+02
3.750000e-06	3.701214e-09	2.169971e-09	3.013963e+01	2.586302e+02
3.760000e-06	3.718340e-09	2.186297e-09	3.027910e+01	2.602364e+02
3.770000e-06	3.735315e-09	2.198962e-09	3.041733e+01	2.618330e+02
3.780000e-06	3.752175e-09	2.209138e-09	3.055462e+01	2.634278e+02
3.790000e-06	3.768932e-09	2.216749e-09	3.069108e+01	2.650262e+02
3.800000e-06	3.785526e-09	2.224242e-09	3.082620e+01	2.666302e+02
3.810000e-06	3.801938e-09	2.234814e-09	3.095985e+01	2.682385e+02
3.820000e-06	3.818177e-09	2.248677e-09	3.109209e+01	2.698463e+02
3.830000e-06	3.834221e-09	2.263293e-09	3.122273e+01	2.714456e+02
3.840000e-06	3.850052e-09	2.276358e-09	3.135165e+01	2.730266e+02
3.850000e-06	3.865632e-09	2.289160e-09	3.147852e+01	2.745788e+02
3.860000e-06	3.880946e-09	2.302112e-09	3.160322e+01	2.760924e+02
3.870000e-06	3.896020e-09	2.314606e-09	3.172597e+01	2.775594e+02
3.880000e-06	3.910856e-09	2.324476e-09	3.184678e+01	2.789748e+02
3.890000e-06	3.925457e-09	2.331164e-09	3.196568e+01	2.803371e+02
3.900000e-06	3.939832e-09	2.337682e-09	3.208275e+01	2.816488e+02
3.910000e-06	3.953987e-09	2.345206e-09	3.219801e+01	2.829157e+02
3.920000e-06	3.967955e-09	2.353873e-09	3.231175e+01	2.841461e+02
3.930000e-06	3.981762e-09	2.364122e-09	3.242418e+01	2.853503e+02
3.940000e-06	3.995420e-09	2.375918e-09	3.253540e+01	2.865382e+02
3.950000e-06	4.008921e-09	2.388741e-09	3.264535e+01	2.877191e+02
3.960000e-06	4.022244e-09	2.400534e-09	3.275384e+01	2.888998e+02
3.970000e-06	4.035375e-09	2.409876e-09	3.286077e+01	2.900840e+02
3.980000e-06	4.048289e-09	2.415734e-09	3.296592e+01	2.912722e+02
3.990000e-06	4.060978e-09	2.417947e-09	3.306926e+01	2.924612e+02
4.000000e-06	4.073486e-09	2.420897e-09	3.317111e+01	2.936453e+02
4.010000e-06	4.085823e-09	2.428884e-09	3.327157e+01	2.948168e+02
4.020000e-06	4.097983e-09	2.442163e-09	3.337059e+01	2.959672e+02
4.030000e-06	4.109976e-09	2.455172e-09	3.346826e+01	2.970886e+02
4.040000e-06	4.121805e-09	2.464161e-09	3.356458e+01	2.981744e+02
4.050000e-06	4.133489e-09	2.472130e-09	3.365972e+01	2.992206e+02
4.060000e-06	4.145010e-09	2.482576e-09	3.375354e+01	3.002258e+02
4.070000e-06	4.156308e-09	2.494635e-09	3.384554e+01	3.011917e+02
4.080000e-06	4.167382e-09	2.503301e-09	3.393572e+01	3.021222e+02
4.090000e-06	4.178215e-09	2.507358e-09	3.402393e+01	3.030233e+02
4.100000e-06	4.188737e-09	2.511151e-09	3.410961e+01	3.039015e+02
4.110000e-06	4.198933e-09	2.517021e-09	3.419264e+01	3.047633e+02
4.120000e-06	4.208796e-09	2.523210e-09	3.427295e+01	3.056140e+02
4.130000e-06	4.218297e-09	2.529516e-09	3.435033e+01	3.064570e+02
4.140000e-06	4.227473e-09	2.538514e-09	3.442505e+01	3.072936e+02
4.150000e-06	4.236367e-09	2.550943e-09	3.449747e+01	3.081227e+02
4.160000e-06	4.244990e-09	2.564459e-09	3.456769e+01	3.089414e+02
4.170000e-06	4.253380e-09	2.574331e-09	3.463601e+01	3.097451e+02
4.180000e-06	4.261589e-09	2.579387e-09	3.470285e+01	3.105290e+02
4.190000e-06	4.269652e-09	2.583697e-09	3.476852e+01	3.112885e+02
4.200000e-06	4.277602e-09	2.590276e-09	3.483325e+01	3.120202e+02
4.210000e-06	4.285447e-09	2.597511e-09	3.489714e+01	3.127223e+02
4.220000e-06	4.293184e-09	2.602515e-09	3.496014e+01	3.133949e+02
4.230000e-06	4.300812e-09	2.607961e-09	3.502226e+01	3.140401e+02
4.240000e-06	4.308307e-09	2.616066e-09	3.508329e+01	3.146616e+02
4.250000e-06	4.315639e-09	2.626481e-09	3.514300e+01	3.152639e+02
4.260000e-06	4.322793e-09	2.637401e-09	3.520125e+01	3.158516e+02
4.270000e-06	4.329729e-09	2.646980e-09	3.525773e+01	3.164286e+02
4.280000e-06	4.336451e-09	2.654416e-09	3.531247e+01	3.169975e+02
4.290000e-06	4.342982e-09	2.658366e-09	3.536565e+01	3.175587e+02
4.300000e-06	4.349305e-09	2.660062e-09	3.541714e+01	3.181109e+02
4.310000e-06	4.355434e-09	2.660362e-09	3.546706e+01	3.186508e+02
4.320000e-06	4.361377e-09	2.662162e-09	3.551545e+01	3.191736e+02
4.330000e-06	4.367138e-09	2.668357e-09	3.556237e+01	3.196738e+02
4.340000e-06	4.372730e-09	2.678695e-09	3.560790e+01	3.201462e+02
4.350000e-06	4.378131e-09	2.689618e-09	3.565188e+01	3.205866e+02
4.360000e-06	4.383308e-09	2.695852e-09	3.569404e+01	3.209925e+02
4.370000e-06	4.388243e-09	2.696689e-09	3.573422e+01	3.213635e+02
4.380000e-06	4.392966e-09	2.694302e-09	3.577268e+01	3.217019e+02
4.390000e-06	4.397488e-09	2.692669e-09	3.580950e+01	3.220117e+02
4.400000e-06	4.401822e-09	2.692958e-09	3.584480e+01	3.222991e+02
4.410000e-06	4.406003e-09	2.695255e-09	3.587884e+01	3.225705e+02
4.420000e-06	4.410044e-09	2.701033e-09	3.591175e+01	3.228329e+02
4.430000e-06	4.413975e-09	2.708919e-09	3.594376e+01	3.230918e+02
4.440000e-06	4.417820e-09	2.716327e-09	3.597507e+01	3.233511e+02
4.450000e-06	4.421569e-09	2.720128e-09	3.600560e+01	3.236124e+02
4.460000e-06	4.425197e-09	2.720203e-09	3.603515e+01	3.238749e+02
4.470000e-06	4.428678e-09	2.719912e-09	3.606349e+01	3.241354e+02
4.480000e-06	4.431976e-09	2.721355e-09	3.609034e+01	3.243889e+02
4.490000e-06	4.435062e-09	2.723549e-09	3.611548e+01	3.246292e+02
4.500000e-06	4.437898e-09	2.725060e-09	3.613857e+01	3.248505e+02
4.510000e-06	4.440425e-09	2.725058e-09	3.615915e+01	3.250474e+02
4.520000e-06	4.442615e-09	2.724035e-09	3.617698e+01	3.252163e+02
4.530000e-06	4.444448e-09	2.724595e-09	3.619190e+01	3.253560e+02
4.540000e-06	4.445937e-09	2.725869e-09	3.620403e+01	3.254676e+02
4.550000e-06	4.447107e-09	2.727745e-09	3.621356e+01	3.255545e+02
4.560000e-06	4.447978e-09	2.732488e-09	3.622065e+01	3.256218e+02
4.570000e-06	4.448563e-09	2.738640e-09	3.622542e+01	3.256758e+02
4.580000e-06	4.448918e-09	2.743241e-09	3.622831e+01	3.257228e+02
4.590000e-06	4.449105e-09	2.743530e-09	3.622983e+01	3.257681e+02
4.600000e-06	4.449145e-09	2.740178e-09	3.623016e+01	3.258153e+02
4.610000e-06	4.449057e-09	2.735183e-09	3.622944e+01	3.258659e+02
4.620000e-06	4.448857e-09	2.730490e-09	3.622780e+01	3.259184e+02
4.630000e-06	4.448550e-09	2.728388e-09	3.622531e+01	3.259694e+02
4.640000e-06	4.448120e-09	2.728029e-09	3.622181e+01	3.260132e+02
4.650000e-06	4.447556e-09	2.729484e-09	3.621721e+01	3.260434e+02
4.660000e-06	4.446818e-09	2.729786e-09	3.621120e+01	3.260535e+02
4.670000e-06	4.445866e-09	2.720925e-09	3.620346e+01	3.260379e+02
4.680000e-06	4.444711e-09	2.714412e-09	3.619405e+01	3.259932e+02
4.690000e-06	4.443349e-09	2.742878e-09	3.618295e+01	3.259186e+02
4.700000e-06	4.441737e-09	2.784125e-09	3.616983e+01	3.258163e+02
4.710000e-06	4.439872e-09	2.772498e-09	3.615464e+01	3.256915e+02
4.720000e-06	4.437801e-09	2.724564e-09	3.613777e+01	3.255515e+02
4.730000e-06	4.435552e-09	2.732817e-09	3.611946e+01	3.254056e+02
4.740000e-06	4.433129e-09	2.757826e-09	3.609973e+01	3.252630e+02
4.750000e-06	4.430530e-09	2.686811e-09	3.607857e+01	3.251325e+02
4.760000e-06	4.427767e-09	2.640884e-09	3.605606e+01	3.250206e+02
4.770000e-06	4.424837e-09	2.719251e-09	3.603221e+01	3.249309e+02
4.780000e-06	4.421708e-09	2.797848e-09	3.600672e+01	3.248636e+02
4.790000e-06	4.418359e-09	2.749990e-09	3.597946e+01	3.248149e+02
4.800000e-06	4.414830e-09	2.700081e-09	3.595072e+01	3.247776e+02
4.810000e-06	4.411139e-09	2.779425e-09	3.592066e+01	3.247417e+02
4.820000e-06	4.407303e-09	2.797699e-09	3.588942e+01	3.246952e+02
4.830000e-06	4.403339e-09	2.684839e-09	3.585714e+01	3.246258e+02
4.840000e-06	4.399263e-09	2.651192e-09	3.582395e+01	3.245219e+02
4.850000e-06	4.395095e-09	2.758836e-09	3.579001e+01	3.243737e+02
4.860000e-06	4.390819e-09	2.796426e-09	3.575519e+01	3.241745e+02
4.870000e-06	4.386416e-09	2.709618e-09	3.571933e+01	3.239212e+02
4.880000e-06	4.381858e-09	2.716807e-09	3.568222e+01	3.236143e+02
4.890000e-06	4.377076e-09	2.780634e-09	3.564327e+01	3.232580e+02
4.900000e-06	4.372035e-09	2.732501e-09	3.560223e+01	3.228596e+02
4.910000e-06	4.366709e-09	2.662153e-09	3.555886e+01	3.224281e+02
4.920000e-06	4.361054e-09	2.710715e-09	3.551280e+01	3.219738e+02
4.930000e-06	4.355071e-09	2.752789e-09	3.546409e+01	3.215068e+02
4.940000e-06	4.348714e-09	2.686062e-09	3.541232e+01	3.210360e+02
4.950000e-06	4.341939e-09	2.686784e-09	3.535715e+01	3.205684e+02
4.960000e-06	4.334831e-09	2.746564e-09	3.529927e+01	3.201084e+02
4.970000e-06	4.327481e-09	2.720911e-09	3.523941e+01	3.196577e+02
4.980000e-06	4.319893e-09	2.667312e-09	3.517763e+01	3.192154e+02
4.990000e-06	4.312095e-09	2.713363e-09	3.511413e+01	3.187784e+02
5.000000e-06	4.304158e-09	2.744367e-09	3.504949e+01	3.183421e+02
5.010000e-06	4.296117e-09	2.680990e-09	3.498401e+01	3.179012e+02
5.020000e-06	4.287972e-09	2.671668e-09	3.491768e+01	3.174501e+02
5.030000e-06	4.279723e-09	2.708390e-09	3.485051e+01	3.169842e+02
5.040000e-06	4.271369e-09	2.687973e-09	3.478248e+01	3.164999e+02
5.050000e-06	4.262874e-09	2.659512e-09	3.471331e+01	3.159953e+02
5.060000e-06	4.254199e-09	2.692441e-09	3.464266e+01	3.154699e+02
5.070000e-06	4.245335e-09	2.704511e-09	3.457049e+01	3.149250e+02
5.080000e-06	4.236289e-09	2.679041e-09	3.449683e+01	3.143627e+02
5.090000e-06	4.227048e-09	2.688369e-09	3.442158e+01	3.137861e+02
5.100000e-06	4.217600e-09	2.687555e-09	3.434463e+01	3.131982e+02
5.110000e-06	4.207966e-09	2.657515e-09	3.426618e+01	3.126020e+02
5.120000e-06	4.198154e-09	2.648187e-09	3.418628e+01	3.119996e+02
5.130000e-06	4.188146e-09	2.658409e-09	3.410478e+01	3.113921e+02
5.140000e-06	4.177947e-09	2.646354e-09	3.402173e+01	3.107794e+02
5.150000e-06	4.167591e-09	2.636857e-09	3.393740e+01	3.101603e+02
5.160000e-06	4.157059e-09	2.644295e-09	3.385164e+01	3.095329e+02
5.170000e-06	4.146320e-09	2.638308e-09	3.376419e+01	3.088946e+02
5.180000e-06	4.135383e-09	2.632515e-09	3.367512e+01	3.082424e+02
5.190000e-06	4.124255e-09	2.625384e-09	3.358451e+01	3.075740e+02
5.200000e-06	4.112912e-09	2.616140e-09	3.349214e+01	3.068873e+02
5.210000e-06	4.101353e-09	2.611707e-09	3.339802e+01	3.061815e+02
5.220000e-06	4.089603e-09	2.607358e-09	3.330233e+01	3.054567e+02
5.230000e-06	4.077665e-09	2.595759e-09	3.320512e+01	3.047144e+02
5.240000e-06	4.065550e-09	2.588972e-09	3.310647e+01	3.039572e+02
5.250000e-06	4.053269e-09	2.588771e-09	3.300646e+01	3.031888e+02
5.260000e-06	4.040821e-09	2.579203e-09	3.290509e+01	3.024134e+02
5.270000e-06	4.028194e-09	2.578916e-09	3.280227e+01	3.016354e+02
5.280000e-06	4.015375e-09	2.577780e-09	3.269788e+01	3.008591e+02
5.290000e-06	4.002308e-09	2.564080e-09	3.259148e+01	3.000880e+02
5.300000e-06	3.988950e-09	2.555604e-09	3.248270e+01	2.993248e+02
5.310000e-06	3.975279e-09	2.551417e-09	3.237138e+01	2.985705e+02
5.320000e-06	3.961243e-09	2.536927e-09	3.225708e+01	2.978249e+02
5.330000e-06	3.946849e-09	2.520708e-09	3.213986e+01	2.970858e+02
5.340000e-06	3.932126e-09	2.518721e-09	3.201998e+01	2.963498e+02
5.350000e-06	3.917089e-09	2.516862e-09	3.189753e+01	2.956122e+02
5.360000e-06	3.901785e-09	2.516879e-09	3.177290e+01	2.948675e+02
5.370000e-06	3.886250e-09	2.518579e-09	3.164640e+01	2.941097e+02
5.380000e-06	3.870513e-09	2.512620e-09	3.151825e+01	2.933331e+02
5.390000e-06	3.854627e-09	2.503471e-09	3.138889e+01	2.925328e+02
5.400000e-06	3.838639e-09	2.493119e-09	3.125870e+01	2.917051e+02
5.410000e-06	3.822565e-09	2.480405e-09	3.112780e+01	2.908480e+02
5.420000e-06	3.806404e-09	2.466589e-09	3.099620e+01	2.899613e+02
5.430000e-06	3.790152e-09	2.460033e-09	3.086386e+01	2.890468e+02
5.440000e-06	3.773813e-09	2.456118e-09	3.073080e+01	2.881082e+02
5.450000e-06	3.757371e-09	2.452738e-09	3.059691e+01	2.871507e+02
5.460000e-06	3.740772e-09	2.447744e-09	3.046174e+01	2.861806e+02
5.470000e-06	3.723990e-09	2.439899e-09	3.032508e+01	2.852043e+02
5.480000e-06	3.707025e-09	2.434433e-09	3.018694e+01	2.842285e+02
5.490000e-06	3.689892e-09	2.427107e-09	3.004742e+01	2.832584e+02
5.500000e-06	3.672599e-09	2.419777e-09	2.990660e+01	2.822984e+02
5.510000e-06	3.655113e-09	2.411779e-09	2.976421e+01	2.813504e+02
5.520000e-06	3.637429e-09	2.404701e-09	2.962021e+01	2.804147e+02
5.530000e-06	3.619580e-09	2.400553e-09	2.947485e+01	2.794893e+02
5.540000e-06	3.601591e-09	2.398118e-09	2.932837e+01	2.785703e+02
5.550000e-06	3.583478e-09	2.394794e-09	2.918087e+01	2.776526e+02
5.560000e-06	3.565239e-09	2.388871e-09	2.903235e+01	2.767301e+02
5.570000e-06	3.546867e-09	2.385376e-09	2.888274e+01	2.757967e+02
5.580000e-06	3.528353e-09	2.380349e-09	2.873197e+01	2.748467e+02
5.590000e-06	3.509662e-09	2.372143e-09	2.857977e+01	2.738757e+02
5.600000e-06	3.490779e-09	2.361232e-09	2.842600e+01	2.728807e+02
5.610000e-06	3.471730e-09	2.349503e-09	2.827088e+01	2.718609e+02
5.620000e-06	3.452512e-09	2.339540e-09	2.811439e+01	2.708169e+02
5.630000e-06	3.433110e-09	2.330718e-09	2.795639e+01	2.697514e+02
5.640000e-06	3.413544e-09	2.324956e-09	2.779706e+01	2.686683e+02
5.650000e-06	3.393852e-09	2.319001e-09	2.763671e+01	2.675719e+02
5.660000e-06	3.374054e-09	2.312905e-09	2.747549e+01	2.664669e+02
5.670000e-06	3.354159e-09	2.307386e-09	2.731348e+01	2.653573e+02
5.680000e-06	3.334184e-09	2.300018e-09	2.715082e+01	2.642462e+02
5.690000e-06	3.314131e-09	2.289720e-09	2.698753e+01	2.631351e+02
5.700000e-06	3.294008e-09	2.276674e-09	2.682365e+01	2.620240e+02
5.710000e-06	3.273823e-09	2.263657e-09	2.665929e+01	2.609113e+02
5.720000e-06	3.253568e-09	2.252949e-09	2.649435e+01	2.597941e+02
5.730000e-06	3.233242e-09	2.243926e-09	2.632883e+01	2.586687e+02
5.740000e-06	3.212818e-09	2.234372e-09	2.616251e+01	2.575312e+02
5.750000e-06	3.192256e-09	2.225141e-09	2.599507e+01	2.563780e+02
5.760000e-06	3.171537e-09	2.217959e-09	2.582635e+01	2.552062e+02
5.770000e-06	3.150632e-09	2.211526e-09	2.565612e+01	2.540143e+02
5.780000e-06	3.129505e-09	2.203080e-09	2.548407e+01	2.528024e+02
5.790000e-06	3.108152e-09	2.192531e-09	2.531020e+01	2.515721e+02
5.800000e-06	3.086551e-09	2.181667e-09	2.513430e+01	2.503264e+02
5.810000e-06	3.064651e-09	2.170623e-09	2.495596e+01	2.490695e+02
5.820000e-06	3.042448e-09	2.157078e-09	2.477517e+01	2.478065e+02
5.830000e-06	3.019990e-09	2.140836e-09	2.459229e+01	2.465423e+02
5.840000e-06	2.997295e-09	2.126749e-09	2.440748e+01	2.452817e+02
5.850000e-06	2.974369e-09	2.117239e-09	2.422079e+01	2.440286e+02
5.860000e-06	2.951236e-09	2.110957e-09	2.403241e+01	2.427858e+02
5.870000e-06	2.927916e-09	2.105275e-09	2.384252e+01	2.415547e+02
5.880000e-06	2.904440e-09	2.098753e-09	2.365134e+01	2.403354e+02
5.890000e-06	2.880823e-09	2.090447e-09	2.345903e+01	2.391269e+02
5.900000e-06	2.857083e-09	2.078115e-09	2.326571e+01	2.379271e+02
5.910000e-06	2.833247e-09	2.063337e-09	2.307161e+01	2.367335e+02
5.920000e-06	2.809334e-09	2.047180e-09	2.287688e+01	2.355432e+02
5.930000e-06	2.785354e-09	2.032551e-09	2.268160e+01	2.343534e+02
5.940000e-06	2.761300e-09	2.021601e-09	2.248572e+01	2.331617e+02
5.950000e-06	2.737177e-09	2.012099e-09	2.228929e+01	2.319662e+02
5.960000e-06	2.712990e-09	2.004059e-09	2.209233e+01	2.307653e+02
5.970000e-06	2.688737e-09	1.996976e-09	2.189483e+01	2.295582e+02
5.980000e-06	2.664428e-09	1.989673e-09	2.169687e+01	2.283443e+02
5.990000e-06	2.640037e-09	1.980082e-09	2.149826e+01	2.271230e+02
6.000000e-06	2.615548e-09	1.968028e-09	2.129884e+01	2.258940e+02
6.010000e-06	2.590971e-09	1.954039e-09	2.109871e+01	2.246567e+02
6.020000e-06	2.566297e-09	1.940289e-09	2.089777e+01	2.234105e+02
6.030000e-06	2.541519e-09	1.928034e-09	2.069600e+01	2.221545e+02
6.040000e-06	2.516613e-09	1.915736e-09	2.049319e+01	2.208881e+02
6.050000e-06	2.491538e-09	1.905445e-09	2.028900e+01	2.196105e+02
6.060000e-06	2.466309e-09	1.897217e-09	2.008356e+01	2.183213e+02
6.070000e-06	2.440972e-09	1.889828e-09	1.987723e+01	2.170208e+02
6.080000e-06	2.415542e-09	1.882331e-09	1.967015e+01	2.157098e+02
6.090000e-06	2.390013e-09	1.875028e-09	1.946227e+01	2.143896e+02
6.100000e-06	2.364370e-09	1.866429e-09	1.925345e+01	2.130623e+02
6.110000e-06	2.338605e-09	1.855371e-09	1.904364e+01	2.117301e+02
6.120000e-06	2.312747e-09	1.843495e-09	1.883308e+01	2.103958e+02
6.130000e-06	2.286800e-09	1.829696e-09	1.862179e+01	2.090616e+02
6.140000e-06	2.260762e-09	1.815881e-09	1.840975e+01	2.077295e+02
6.150000e-06	2.234645e-09	1.804549e-09	1.819707e+01	2.064006e+02
6.160000e-06	2.208451e-09	1.797044e-09	1.798378e+01	2.050751e+02
6.170000e-06	2.182185e-09	1.792114e-09	1.776988e+01	2.037522e+02
6.180000e-06	2.155815e-09	1.786914e-09	1.755515e+01	2.024299e+02
6.190000e-06	2.129322e-09	1.780576e-09	1.733941e+01	2.011056e+02
6.200000e-06	2.102709e-09	1.770967e-09	1.712270e+01	1.997759e+02
6.210000e-06	2.076003e-09	1.758111e-09	1.690522e+01	1.984373e+02
6.220000e-06	2.049192e-09	1.742595e-09	1.668690e+01	1.970865e+02
6.230000e-06	2.022259e-09	1.725684e-09	1.646758e+01	1.957207e+02
6.240000e-06	1.995226e-09	1.711036e-09	1.624745e+01	1.943379e+02
6.250000e-06	1.968100e-09	1.700124e-09	1.602655e+01	1.929370e+02
6.260000e-06	1.940883e-09	1.692668e-09	1.580492e+01	1.915182e+02
6.270000e-06	1.913574e-09	1.687073e-09	1.558253e+01	1.900825e+02
6.280000e-06	1.886170e-09	1.678964e-09	1.535938e+01	1.886318e+02
6.290000e-06	1.858674e-09	1.666697e-09	1.513548e+01	1.871685e+02
6.300000e-06	1.831090e-09	1.651148e-09	1.491086e+01	1.856950e+02
6.310000e-06	1.803421e-09	1.633843e-09	1.468555e+01	1.842139e+02
6.320000e-06	1.775675e-09	1.617832e-09	1.445960e+01	1.827270e+02
6.330000e-06	1.747869e-09	1.603962e-09	1.423317e+01	1.812357e+02
6.340000e-06	1.720006e-09	1.593264e-09	1.400628e+01	1.797406e+02
6.350000e-06	1.692091e-09	1.585889e-09	1.377896e+01	1.782415e+02
6.360000e-06	1.664134e-09	1.578388e-09	1.355130e+01	1.767377e+02
6.370000e-06	1.636130e-09	1.567480e-09	1.332325e+01	1.752278e+02
6.380000e-06	1.608093e-09	1.553340e-09	1.309494e+01	1.737105e+02
6.390000e-06	1.580029e-09	1.537634e-09	1.286641e+01	1.721842e+02
6.400000e-06	1.551914e-09	1.520223e-09	1.263747e+01	1.706475e+02
6.410000e-06	1.523767e-09	1.504631e-09	1.240826e+01	1.690995e+02
6.420000e-06	1.495601e-09	1.492296e-09	1.217890e+01	1.675393e+02
6.430000e-06	1.467414e-09	1.481208e-09	1.194937e+01	1.659668e+02
6.440000e-06	1.439202e-09	1.470431e-09	1.171963e+01	1.643817e+02
6.450000e-06	1.410950e-09	1.457263e-09	1.148956e+01	1.627841e+02
6.460000e-06	1.382653e-09	1.441868e-09	1.125914e+01	1.611743e+02
6.470000e-06	1.354318e-09	1.423276e-09	1.102840e+01	1.595521e+02
6.480000e-06	1.325953e-09	1.403415e-09	1.079742e+01	1.579178e+02
6.490000e-06	1.297565e-09	1.385244e-09	1.056625e+01	1.562710e+02
6.500000e-06	1.269145e-09	1.370123e-09	1.033482e+01	1.546116e+02
6.510000e-06	1.240687e-09	1.358991e-09	1.010308e+01	1.529396e+02
6.520000e-06	1.212186e-09	1.347441e-09	9.870990e+00	1.512550e+02
6.530000e-06	1.183614e-09	1.332312e-09	9.638324e+00	1.495580e+02
6.540000e-06	1.154983e-09	1.313894e-09	9.405176e+00	1.478495e+02
6.550000e-06	1.126318e-09	1.294638e-09	9.171757e+00	1.461303e+02
6.560000e-06	1.097584e-09	1.275583e-09	8.937770e+00	1.444019e+02
6.570000e-06	1.068766e-09	1.258803e-09	8.703095e+00	1.426656e+02
6.580000e-06	1.039889e-09	1.245077e-09	8.467943e+00	1.409227e+02
6.590000e-06	1.010959e-09	1.233087e-09	8.232365e+00	1.391744e+02
6.600000e-06	9.819759e-10	1.222253e-09	7.996351e+00	1.374212e+02
6.610000e-06	9.529081e-10	1.207982e-09	7.759648e+00	1.356628e+02
6.620000e-06	9.237402e-10	1.188871e-09	7.522129e+00	1.338981e+02
6.630000e-06	8.945215e-10	1.167355e-09	7.284197e+00	1.321254e+02
6.640000e-06	8.652624e-10	1.146403e-09	7.045936e+00	1.303421e+02
6.650000e-06	8.359296e-10	1.127317e-09	6.807075e+00	1.285455e+02
6.660000e-06	8.065325e-10	1.110282e-09	6.567691e+00	1.267325e+02
6.670000e-06	7.770636e-10	1.096861e-09	6.327724e+00	1.249007e+02
6.680000e-06	7.475099e-10	1.087575e-09	6.087065e+00	1.230483e+02
6.690000e-06	7.179060e-10	1.081072e-09	5.845997e+00	1.211748e+02
6.700000e-06	6.882381e-10	1.070121e-09	5.604407e+00	1.192810e+02
6.710000e-06	6.584886e-10	1.052517e-09	5.362153e+00	1.173691e+02
6.720000e-06	6.286999e-10	1.031639e-09	5.119580e+00	1.154426e+02
6.730000e-06	5.988909e-10	1.010150e-09	4.876843e+00	1.135058e+02
6.740000e-06	5.690267e-10	9.905550e-10	4.633656e+00	1.115640e+02
6.750000e-06	5.390993e-10	9.730631e-10	4.389954e+00	1.096219e+02
6.760000e-06	5.091636e-10	9.595612e-10	4.146184e+00	1.076841e+02
6.770000e-06	4.792105e-10	9.488930e-10	3.902274e+00	1.057536e+02
6.780000e-06	4.492069e-10	9.393581e-10	3.657952e+00	1.038321e+02
6.790000e-06	4.191642e-10	9.274111e-10	3.413311e+00	1.019191e+02
6.800000e-06	3.890896e-10	9.093842e-10	3.168410e+00	1.000123e+02
6.810000e-06	3.589665e-10	8.893023e-10	2.923114e+00	9.810782e+01
6.820000e-06	3.288111e-10	8.707305e-10	2.677555e+00	9.620011e+01
6.830000e-06	2.986345e-10	8.541131e-10	2.431824e+00	9.428297e+01
6.840000e-06	2.684232e-10	8.380891e-10	2.185810e+00	9.235005e+01
6.850000e-06	2.382025e-10	8.232717e-10	1.939720e+00	9.039555e+01
6.860000e-06	2.079501e-10	8.095188e-10	1.693371e+00	8.841490e+01
6.870000e-06	1.776333e-10	7.955845e-10	1.446498e+00	8.640520e+01
6.880000e-06	1.472953e-10	7.802855e-10	1.199452e+00	8.436558e+01
6.890000e-06	1.169723e-10	7.624695e-10	9.525283e-01	8.229724e+01
6.900000e-06	8.662922e-11	7.444523e-10	7.054409e-01	8.020328e+01
6.910000e-06	5.629031e-11	7.273280e-10	4.583875e-01	7.808832e+01
6.920000e-06	2.596504e-11	7.107932e-10	2.114449e-01	7.595796e+01
6.930000e-06	-4.352034e-12	6.934518e-10	-3.543066e-02	7.381809e+01
6.940000e-06	-3.464899e-11	6.742814e-10	-2.821422e-01	7.167428e+01
6.950000e-06	-6.495009e-11	6.539710e-10	-5.288875e-01	6.953113e+01
6.960000e-06	-9.525236e-11	6.349569e-10	-7.756425e-01	6.739181e+01
6.970000e-06	-1.255549e-10	6.195711e-10	-1.022400e+00	6.525776e+01
6.980000e-06	-1.558385e-10	6.074271e-10	-1.269002e+00	6.312866e+01
6.990000e-06	-1.860874e-10	5.959544e-10	-1.515322e+00	6.100249e+01
7.000000e-06	-2.163109e-10	5.811296e-10	-1.761436e+00	5.887592e+01
7.010000e-06	-2.465347e-10	5.613494e-10	-2.007552e+00	5.674472e+01
7.020000e-06	-2.767505e-10	5.374412e-10	-2.253602e+00	5.460432e+01
7.030000e-06	-3.069535e-10	5.116431e-10	-2.499548e+00	5.245038e+01
7.040000e-06	-3.371766e-10	4.872939e-10	-2.745658e+00	5.027924e+01
7.050000e-06	-3.673678e-10	4.682735e-10	-2.991509e+00	4.808834e+01
7.060000e-06	-3.974865e-10	4.552752e-10	-3.236768e+00	4.587646e+01
7.070000e-06	-4.275454e-10	4.447688e-10	-3.481541e+00	4.364375e+01
7.080000e-06	-4.575566e-10	4.337253e-10	-3.725925e+00	4.139170e+01
7.090000e-06	-4.875370e-10	4.178977e-10	-3.970059e+00	3.912284e+01
7.100000e-06	-5.174866e-10	3.952288e-10	-4.213943e+00	3.684045e+01
7.110000e-06	-5.474022e-10	3.678939e-10	-4.457549e+00	3.454814e+01
7.120000e-06	-5.772809e-10	3.394233e-10	-4.700855e+00	3.224943e+01
7.130000e-06	-6.070976e-10	3.127965e-10	-4.943657e+00	2.994742e+01
7.140000e-06	-6.368185e-10	2.889547e-10	-5.185677e+00	2.764442e+01
7.150000e-06	-6.664775e-10	2.684855e-10	-5.427193e+00	2.534184e+01
7.160000e-06	-6.961205e-10	2.503519e-10	-5.668580e+00	2.304006e+01
7.170000e-06	-7.257034e-10	2.326488e-10	-5.909477e+00	2.073846e+01
7.180000e-06	-7.551885e-10	2.156922e-10	-6.149577e+00	1.843561e+01
7.190000e-06	-7.845956e-10	1.979121e-10	-6.389044e+00	1.612943e+01
7.200000e-06	-8.139409e-10	1.788561e-10	-6.628006e+00	1.381751e+01
7.210000e-06	-8.432416e-10	1.572593e-10	-6.866606e+00	1.149733e+01
7.220000e-06	-8.724737e-10	1.324472e-10	-7.104647e+00	9.166637e+00
7.230000e-06	-9.016333e-10	1.082015e-10	-7.342099e+00	6.823601e+00
7.240000e-06	-9.307418e-10	8.329014e-11	-7.579133e+00	4.467051e+00
7.250000e-06	-9.597848e-10	5.686504e-11	-7.815634e+00	2.096576e+00
7.260000e-06	-9.887519e-10	3.222912e-11	-8.051517e+00	-2.874336e-01
7.270000e-06	-1.017638e-09	1.158045e-11	-8.286743e+00	-2.683827e+00
7.280000e-06	-1.046454e-09	-6.132851e-12	-8.521395e+00	-5.090804e+00
7.290000e-06	-1.075225e-09	-2.384380e-11	-8.755681e+00	-7.506083e+00
7.300000e-06	-1.103949e-09	-4.300016e-11	-8.989583e+00	-9.927118e+00
7.310000e-06	-1.132603e-09	-6.438526e-11	-9.222924e+00	-1.235134e+01
7.320000e-06	-1.161187e-09	-8.725488e-11	-9.455684e+00	-1.477637e+01
7.330000e-06	-1.189725e-09	-1.106913e-10	-9.688078e+00	-1.720029e+01
7.340000e-06	-1.218232e-09	-1.346949e-10	-9.920212e+00	-1.962178e+01
7.350000e-06	-1.246683e-09	-1.587084e-10	-1.015189e+01	-2.204021e+01
7.360000e-06	-1.275067e-09	-1.807708e-10	-1.038303e+01	-2.445578e+01
7.370000e-06	-1.303414e-09	-1.987924e-10	-1.061387e+01	-2.686936e+01
7.380000e-06	-1.331738e-09	-2.163388e-10	-1.084452e+01	-2.928249e+01
7.390000e-06	-1.360021e-09	-2.349220e-10	-1.107483e+01	-3.169713e+01
7.400000e-06	-1.388269e-09	-2.527748e-10	-1.130486e+01	-3.411546e+01
7.410000e-06	-1.416490e-09	-2.699444e-10	-1.153467e+01	-3.653962e+01
7.420000e-06	-1.444683e-09	-2.879890e-10	-1.176425e+01	-3.897147e+01
7.430000e-06	-1.472849e-09	-3.104166e-10	-1.199361e+01	-4.141238e+01
7.440000e-06	-1.500992e-09	-3.368343e-10	-1.222279e+01	-4.386308e+01
7.450000e-06	-1.529102e-09	-3.644887e-10	-1.245169e+01	-4.632364e+01
7.460000e-06	-1.557177e-09	-3.897712e-10	-1.268031e+01	-4.879345e+01
7.470000e-06	-1.585230e-09	-4.118697e-10	-1.290875e+01	-5.127140e+01
7.480000e-06	-1.613259e-09	-4.303104e-10	-1.313700e+01	-5.375608e+01
7.490000e-06	-1.641248e-09	-4.451880e-10	-1.336492e+01	-5.624603e+01
7.500000e-06	-1.669193e-09	-4.596975e-10	-1.359248e+01	-5.874001e+01
7.510000e-06	-1.697097e-09	-4.752401e-10	-1.381971e+01	-6.123725e+01
7.520000e-06	-1.724956e-09	-4.956964e-10	-1.404657e+01	-6.373760e+01
7.530000e-06	-1.752747e-09	-5.215684e-10	-1.427288e+01	-6.624160e+01
7.540000e-06	-1.780460e-09	-5.502270e-10	-1.449855e+01	-6.875042e+01
7.550000e-06	-1.808099e-09	-5.779899e-10	-1.472362e+01	-7.126568e+01
7.560000e-06	-1.835639e-09	-6.019490e-10	-1.494789e+01	-7.378915e+01
7.570000e-06	-1.863077e-09	-6.227605e-10	-1.517132e+01	-7.632242e+01
7.580000e-06	-1.890431e-09	-6.410537e-10	-1.539407e+01	-7.886649e+01
7.590000e-06	-1.917708e-09	-6.587965e-10	-1.561619e+01	-8.142146e+01
7.600000e-06	-1.944876e-09	-6.768377e-10	-1.583742e+01	-8.398630e+01
7.610000e-06	-1.971917e-09	-6.979922e-10	-1.605762e+01	-8.655874e+01
7.620000e-06	-1.998852e-09	-7.242653e-10	-1.627696e+01	-8.913534e+01
7.630000e-06	-2.025693e-09	-7.524693e-10	-1.649553e+01	-9.171175e+01
7.640000e-06	-2.052429e-09	-7.790422e-10	-1.671324e+01	-9.428317e+01
7.650000e-06	-2.079049e-09	-8.035507e-10	-1.693002e+01	-9.684479e+01
7.660000e-06	-2.105582e-09	-8.274946e-10	-1.714609e+01	-9.939247e+01
7.670000e-06	-2.132043e-09	-8.481326e-10	-1.736156e+01	-1.019232e+02
7.680000e-06	-2.158414e-09	-8.650186e-10	-1.757631e+01	-1.044355e+02
7.690000e-06	-2.184699e-09	-8.812164e-10	-1.779034e+01	-1.069300e+02
7.700000e-06	-2.210892e-09	-8.996776e-10	-1.800364e+01	-1.094088e+02
7.710000e-06	-2.236993e-09	-9.214844e-10	-1.821618e+01	-1.118759e+02
7.720000e-06	-2.262998e-09	-9.450744e-10	-1.842795e+01	-1.143364e+02
7.730000e-06	-2.288889e-09	-9.710913e-10	-1.863879e+01	-1.167960e+02
7.740000e-06	-2.314692e-09	-9.993485e-10	-1.884890e+01	-1.192600e+02
7.750000e-06	-2.340411e-09	-1.028268e-09	-1.905834e+01	-1.217329e+02
7.760000e-06	-2.366011e-09	-1.054668e-09	-1.926680e+01	-1.242173e+02
7.770000e-06	-2.391486e-09	-1.076191e-09	-1.947425e+01	-1.267138e+02
7.780000e-06	-2.416826e-09	-1.095044e-09	-1.968060e+01	-1.292207e+02
7.790000e-06	-2.442014e-09	-1.114101e-09	-1.988571e+01	-1.317337e+02
7.800000e-06	-2.467074e-09	-1.135189e-09	-2.008978e+01	-1.342470e+02
7.810000e-06	-2.492037e-09	-1.158504e-09	-2.029305e+01	-1.367533e+02
7.820000e-06	-2.516887e-09	-1.183817e-09	-2.049541e+01	-1.392453e+02
7.830000e-06	-2.541599e-09	-1.211115e-09	-2.069665e+01	-1.417159e+02
7.840000e-06	-2.566195e-09	-1.239180e-09	-2.089694e+01	-1.441599e+02
7.850000e-06	-2.590707e-09	-1.265446e-09	-2.109654e+01	-1.465742e+02
7.860000e-06	-2.615125e-09	-1.287958e-09	-2.129538e+01	-1.489584e+02
7.870000e-06	-2.639459e-09	-1.307898e-09	-2.149354e+01	-1.513152e+02
7.880000e-06	-2.663731e-09	-1.325250e-09	-2.169119e+01	-1.536496e+02
7.890000e-06	-2.687945e-09	-1.340676e-09	-2.188837e+01	-1.559690e+02
7.900000e-06	-2.712100e-09	-1.358042e-09	-2.208507e+01	-1.582817e+02
7.910000e-06	-2.736204e-09	-1.379972e-09	-2.228136e+01	-1.605964e+02
7.920000e-06	-2.760265e-09	-1.406433e-09	-2.247729e+01	-1.629209e+02
7.930000e-06	-2.784266e-09	-1.436353e-09	-2.267273e+01	-1.652613e+02
7.940000e-06	-2.808191e-09	-1.465195e-09	-2.286756e+01	-1.676211e+02
7.950000e-06	-2.832021e-09	-1.488917e-09	-2.306161e+01	-1.700010e+02
7.960000e-06	-2.855740e-09	-1.508646e-09	-2.325476e+01	-1.723986e+02
7.970000e-06	-2.879345e-09	-1.525892e-09	-2.344699e+01	-1.748092e+02
7.980000e-06	-2.902812e-09	-1.541694e-09	-2.363808e+01	-1.772259e+02
7.990000e-06	-2.926110e-09	-1.557096e-09	-2.382780e+01	-1.796410e+02
8.000000e-06	-2.949230e-09	-1.574087e-09	-2.401607e+01	-1.820463e+02
8.010000e-06	-2.972155e-09	-1.594201e-09	-2.420275e+01	-1.844350e+02
8.020000e-06	-2.994841e-09	-1.617839e-09	-2.438749e+01	-1.868013e+02
8.030000e-06	-3.017251e-09	-1.643642e-09	-2.456998e+01	-1.891420e+02
8.040000e-06	-3.039410e-09	-1.668094e-09	-2.475042e+01	-1.914559e+02
8.050000e-06	-3.061334e-09	-1.689573e-09	-2.492895e+01	-1.937440e+02
8.060000e-06	-3.083016e-09	-1.708189e-09	-2.510551e+01	-1.960090e+02
8.070000e-06	-3.104442e-09	-1.724470e-09	-2.527999e+01	-1.982545e+02
8.080000e-06	-3.125606e-09	-1.739366e-09	-2.545233e+01	-2.004844e+02
8.090000e-06	-3.146552e-09	-1.754616e-09	-2.562289e+01	-2.027021e+02
8.100000e-06	-3.167310e-09	-1.772019e-09	-2.579193e+01	-2.049096e+02
8.110000e-06	-3.187910e-09	-1.792078e-09	-2.595967e+01	-2.071077e+02
8.120000e-06	-3.208388e-09	-1.814037e-09	-2.612644e+01	-2.092952e+02
8.130000e-06	-3.228769e-09	-1.834505e-09	-2.629240e+01	-2.114696e+02
8.140000e-06	-3.249056e-09	-1.852088e-09	-2.645760e+01	-2.136276e+02
8.150000e-06	-3.269259e-09	-1.869063e-09	-2.662212e+01	-2.157653e+02
8.160000e-06	-3.289391e-09	-1.886260e-09	-2.678606e+01	-2.178794e+02
8.170000e-06	-3.309463e-09	-1.903564e-09	-2.694951e+01	-2.199676e+02
8.180000e-06	-3.329484e-09	-1.920824e-09	-2.711255e+01	-2.220290e+02
8.190000e-06	-3.349422e-09	-1.937968e-09	-2.727490e+01	-2.240649e+02
8.200000e-06	-3.369233e-09	-1.953171e-09	-2.743623e+01	-2.260778e+02
8.210000e-06	-3.388909e-09	-1.967048e-09	-2.759645e+01	-2.280721e+02
8.220000e-06	-3.408448e-09	-1.983076e-09	-2.775556e+01	-2.300524e+02
8.230000e-06	-3.427835e-09	-2.000799e-09	-2.791344e+01	-2.320235e+02
8.240000e-06	-3.447058e-09	-2.018770e-09	-2.806997e+01	-2.339891e+02
8.250000e-06	-3.466110e-09	-2.037617e-09	-2.822511e+01	-2.359513e+02
8.260000e-06	-3.485002e-09	-2.057359e-09	-2.837895e+01	-2.379101e+02
8.270000e-06	-3.503718e-09	-2.075470e-09	-2.853137e+01	-2.398627e+02
8.280000e-06	-3.522259e-09	-2.090840e-09	-2.868235e+01	-2.418045e+02
8.290000e-06	-3.540649e-09	-2.104698e-09	-2.883210e+01	-2.437290e+02
8.300000e-06	-3.558905e-09	-2.118047e-09	-2.898076e+01	-2.456286e+02
8.310000e-06	-3.577036e-09	-2.132063e-09	-2.912840e+01	-2.474961e+02
8.320000e-06	-3.595034e-09	-2.146970e-09	-2.927497e+01	-2.493253e+02
8.330000e-06	-3.612898e-09	-2.162482e-09	-2.942044e+01	-2.511119e+02
8.340000e-06	-3.630601e-09	-2.178382e-09	-2.956459e+01	-2.528547e+02
8.350000e-06	-3.648134e-09	-2.194971e-09	-2.970737e+01	-2.545554e+02
8.360000e-06	-3.665503e-09	-2.211234e-09	-2.984881e+01	-2.562186e+02
8.370000e-06	-3.682685e-09	-2.225947e-09	-2.998872e+01	-2.578516e+02
8.380000e-06	-3.699694e-09	-2.239932e-09	-3.012723e+01	-2.594630e+02
8.390000e-06	-3.716527e-09	-2.254581e-09	-3.026430e+01	-2.610619e+02
8.400000e-06	-3.733190e-09	-2.269227e-09	-3.040000e+01	-2.626565e+02
8.410000e-06	-3.749717e-09	-2.282407e-09	-3.053458e+01	-2.642532e+02
8.420000e-06	-3.766120e-09	-2.295462e-09	-3.066815e+01	-2.658552e+02
8.430000e-06	-3.782415e-09	-2.310106e-09	-3.080084e+01	-2.674622e+02
8.440000e-06	-3.798616e-09	-2.326476e-09	-3.093277e+01	-2.690706e+02
8.450000e-06	-3.814742e-09	-2.342706e-09	-3.106409e+01	-2.706734e+02
8.460000e-06	-3.830785e-09	-2.358374e-09	-3.119473e+01	-2.722614e+02
8.470000e-06	-3.846727e-09	-2.373551e-09	-3.132455e+01	-2.738241e+02
8.480000e-06	-3.862516e-09	-2.387436e-09	-3.145313e+01	-2.753514e+02
8.490000e-06	-3.878117e-09	-2.400067e-09	-3.158016e+01	-2.768344e+02
8.500000e-06	-3.893504e-09	-2.411122e-09	-3.170547e+01	-2.782673e+02
8.510000e-06	-3.908617e-09	-2.421409e-09	-3.182854e+01	-2.796472e+02
8.520000e-06	-3.923394e-09	-2.432780e-09	-3.194887e+01	-2.809754e+02
8.530000e-06	-3.937841e-09	-2.446126e-09	-3.206651e+01	-2.822565e+02
8.540000e-06	-3.952010e-09	-2.460938e-09	-3.218189e+01	-2.834982e+02
8.550000e-06	-3.965873e-09	-2.477081e-09	-3.229478e+01	-2.847102e+02
8.560000e-06	-3.979415e-09	-2.493076e-09	-3.240505e+01	-2.859027e+02
8.570000e-06	-3.992696e-09	-2.504685e-09	-3.251320e+01	-2.870851e+02
8.580000e-06	-4.005723e-09	-2.512164e-09	-3.261928e+01	-2.882654e+02
8.590000e-06	-4.018504e-09	-2.519441e-09	-3.272336e+01	-2.894482e+02
8.600000e-06	-4.031093e-09	-2.528747e-09	-3.282587e+01	-2.906351e+02
8.610000e-06	-4.043515e-09	-2.539327e-09	-3.292702e+01	-2.918242e+02
8.620000e-06	-4.055774e-09	-2.549800e-09	-3.302686e+01	-2.930105e+02
8.630000e-06	-4.067863e-09	-2.561367e-09	-3.312529e+01	-2.941869e+02
8.640000e-06	-4.079768e-09	-2.572698e-09	-3.322224e+01	-2.953450e+02
8.650000e-06	-4.091503e-09	-2.582067e-09	-3.331780e+01	-2.964767e+02
8.660000e-06	-4.103054e-09	-2.590273e-09	-3.341186e+01	-2.975747e+02
8.670000e-06	-4.114394e-09	-2.597761e-09	-3.350421e+01	-2.986343e+02
8.680000e-06	-4.125503e-09	-2.606063e-09	-3.359467e+01	-2.996531e+02
8.690000e-06	-4.136403e-09	-2.616972e-09	-3.368343e+01	-3.006317e+02
8.700000e-06	-4.147121e-09	-2.627452e-09	-3.377071e+01	-3.015736e+02
8.710000e-06	-4.157663e-09	-2.634768e-09	-3.385656e+01	-3.024839e+02
8.720000e-06	-4.168043e-09	-2.640456e-09	-3.394108e+01	-3.033692e+02
8.730000e-06	-4.178256e-09	-2.646264e-09	-3.402425e+01	-3.042360e+02
8.740000e-06	-4.188320e-09	-2.653488e-09	-3.410621e+01	-3.050900e+02
8.750000e-06	-4.198234e-09	-2.661312e-09	-3.418694e+01	-3.059355e+02
8.760000e-06	-4.207973e-09	-2.670435e-09	-3.426624e+01	-3.067744e+02
8.770000e-06	-4.217519e-09	-2.680428e-09	-3.434397e+01	-3.076063e+02
8.780000e-06	-4.226839e-09	-2.688645e-09	-3.441987e+01	-3.084288e+02
8.790000e-06	-4.235925e-09	-2.694137e-09	-3.449386e+01	-3.092380e+02
8.800000e-06	-4.244824e-09	-2.695590e-09	-3.456633e+01	-3.100290e+02
8.810000e-06	-4.253552e-09	-2.695078e-09	-3.463740e+01	-3.107969e+02
8.820000e-06	-4.262100e-09	-2.694827e-09	-3.470701e+01	-3.115380e+02
8.830000e-06	-4.270493e-09	-2.696878e-09	-3.477535e+01	-3.122499e+02
8.840000e-06	-4.278769e-09	-2.703038e-09	-3.484275e+01	-3.129320e+02
8.850000e-06	-4.286953e-09	-2.711801e-09	-3.490939e+01	-3.135859e+02
8.860000e-06	-4.295051e-09	-2.721927e-09	-3.497534e+01	-3.142148e+02
8.870000e-06	-4.303062e-09	-2.730642e-09	-3.504057e+01	-3.148229e+02
8.880000e-06	-4.310940e-09	-2.735613e-09	-3.510473e+01	-3.154149e+02
8.890000e-06	-4.318654e-09	-2.736410e-09	-3.516754e+01	-3.159951e+02
8.900000e-06	-4.326175e-09	-2.735502e-09	-3.522878e+01	-3.165664e+02
8.910000e-06	-4.333455e-09	-2.735714e-09	-3.528807e+01	-3.171302e+02
8.920000e-06	-4.340462e-09	-2.738648e-09	-3.534513e+01	-3.176857e+02
8.930000e-06	-4.347162e-09	-2.744895e-09	-3.539969e+01	-3.182302e+02
8.940000e-06	-4.353510e-09	-2.752689e-09	-3.545138e+01	-3.187592e+02
8.950000e-06	-4.359495e-09	-2.760239e-09	-3.550011e+01	-3.192676e+02
8.960000e-06	-4.365125e-09	-2.764851e-09	-3.554596e+01	-3.197499e+02
8.970000e-06	-4.370432e-09	-2.767112e-09	-3.558917e+01	-3.202014e+02
8.980000e-06	-4.375466e-09	-2.768124e-09	-3.563017e+01	-3.206190e+02
8.990000e-06	-4.380267e-09	-2.768576e-09	-3.566927e+01	-3.210017e+02
9.000000e-06	-4.384859e-09	-2.772128e-09	-3.570665e+01	-3.213506e+02
9.010000e-06	-4.389284e-09	-2.778692e-09	-3.574269e+01	-3.216695e+02
9.020000e-06	-4.393584e-09	-2.784459e-09	-3.577770e+01	-3.219637e+02
9.030000e-06	-4.397769e-09	-2.786982e-09	-3.581179e+01	-3.222398e+02
9.040000e-06	-4.401851e-09	-2.787746e-09	-3.584502e+01	-3.225045e+02
9.050000e-06	-4.405828e-09	-2.787925e-09	-3.587741e+01	-3.227639e+02
9.060000e-06	-4.409677e-09	-2.787795e-09	-3.590875e+01	-3.230227e+02
9.070000e-06	-4.413363e-09	-2.789396e-09	-3.593877e+01	-3.232832e+02
9.080000e-06	-4.416870e-09	-2.793988e-09	-3.596733e+01	-3.235454e+02
9.090000e-06	-4.420187e-09	-2.799823e-09	-3.599434e+01	-3.238068e+02
9.100000e-06	-4.423284e-09	-2.804327e-09	-3.601956e+01	-3.240629e+02
9.110000e-06	-4.426147e-09	-2.806039e-09	-3.604287e+01	-3.243080e+02
9.120000e-06	-4.428811e-09	-2.805664e-09	-3.606457e+01	-3.245360e+02
9.130000e-06	-4.431302e-09	-2.805765e-09	-3.608485e+01	-3.247413e+02
9.140000e-06	-4.433646e-09	-2.806522e-09	-3.610394e+01	-3.249196e+02
9.150000e-06	-4.435842e-09	-2.808586e-09	-3.612182e+01	-3.250689e+02
9.160000e-06	-4.437883e-09	-2.811313e-09	-3.613844e+01	-3.251895e+02
9.170000e-06	-4.439751e-09	-2.814390e-09	-3.615365e+01	-3.252841e+02
9.180000e-06	-4.441299e-09	-2.819211e-09	-3.616626e+01	-3.253572e+02
9.190000e-06	-4.442577e-09	-2.824694e-09	-3.617667e+01	-3.254150e+02
9.200000e-06	-4.443736e-09	-2.828281e-09	-3.618610e+01	-3.254638e+02
9.210000e-06	-4.444733e-09	-2.827516e-09	-3.619422e+01	-3.255092e+02
9.220000e-06	-4.445535e-09	-2.824542e-09	-3.620076e+01	-3.255556e+02
9.230000e-06	-4.446147e-09	-2.820582e-09	-3.620574e+01	-3.256050e+02
9.240000e-06	-4.446614e-09	-2.816027e-09	-3.620954e+01	-3.256572e+02
