# Temperatura_=_20.0
# Concentracion g/m^3_=_10770.0
# C_Vs_to_Am_M_A/Vsm_=_116720831517.84952
# pendiente_HvsI_1/m_=_3716.3
# ordenada_HvsI_A/m_=_1297.0
# frecuencia_Hz_=_108161.04091363256
# Promedio de 31 ciclos

Tiempo_(s)	Campo_(V.s)	Magnetizacion_(V.s)	Campo_(kA/m)	Magnetizacion_(A/m)
0.000000e+00	-3.659457e-09	-1.542487e-09	-2.951619e+01	-1.761539e+02
1.000000e-08	-3.659672e-09	-1.537322e-09	-2.951793e+01	-1.760595e+02
2.000000e-08	-3.659786e-09	-1.533369e-09	-2.951885e+01	-1.759678e+02
3.000000e-08	-3.659816e-09	-1.533313e-09	-2.951909e+01	-1.758819e+02
4.000000e-08	-3.659727e-09	-1.532230e-09	-2.951837e+01	-1.758037e+02
5.000000e-08	-3.659505e-09	-1.527522e-09	-2.951658e+01	-1.757332e+02
6.000000e-08	-3.659130e-09	-1.538175e-09	-2.951356e+01	-1.756688e+02
7.000000e-08	-3.658554e-09	-1.574866e-09	-2.950892e+01	-1.756076e+02
8.000000e-08	-3.657755e-09	-1.525766e-09	-2.950247e+01	-1.755456e+02
9.000000e-08	-3.656725e-09	-1.467385e-09	-2.949416e+01	-1.754782e+02
1.000000e-07	-3.655450e-09	-1.541729e-09	-2.948388e+01	-1.754009e+02
1.100000e-07	-3.653919e-09	-1.532926e-09	-2.947153e+01	-1.753095e+02
1.200000e-07	-3.652124e-09	-1.460559e-09	-2.945705e+01	-1.752007e+02
1.300000e-07	-3.650073e-09	-1.539093e-09	-2.944051e+01	-1.750723e+02
1.400000e-07	-3.647737e-09	-1.613941e-09	-2.942167e+01	-1.749234e+02
1.500000e-07	-3.645088e-09	-1.560004e-09	-2.940030e+01	-1.747543e+02
1.600000e-07	-3.642195e-09	-1.455089e-09	-2.937697e+01	-1.745665e+02
1.700000e-07	-3.639080e-09	-1.474402e-09	-2.935184e+01	-1.743622e+02
1.800000e-07	-3.635757e-09	-1.564778e-09	-2.932504e+01	-1.741443e+02
1.900000e-07	-3.632300e-09	-1.496026e-09	-2.929716e+01	-1.739159e+02
2.000000e-07	-3.628711e-09	-1.428902e-09	-2.926821e+01	-1.736800e+02
2.100000e-07	-3.624995e-09	-1.498276e-09	-2.923824e+01	-1.734392e+02
2.200000e-07	-3.621195e-09	-1.589723e-09	-2.920759e+01	-1.731958e+02
2.300000e-07	-3.617318e-09	-1.534440e-09	-2.917632e+01	-1.729512e+02
2.400000e-07	-3.613368e-09	-1.462250e-09	-2.914446e+01	-1.727062e+02
2.500000e-07	-3.609319e-09	-1.515023e-09	-2.911180e+01	-1.724610e+02
2.600000e-07	-3.605177e-09	-1.529112e-09	-2.907839e+01	-1.722150e+02
2.700000e-07	-3.600929e-09	-1.490772e-09	-2.904413e+01	-1.719676e+02
2.800000e-07	-3.596528e-09	-1.485547e-09	-2.900863e+01	-1.717176e+02
2.900000e-07	-3.591951e-09	-1.538503e-09	-2.897171e+01	-1.714639e+02
3.000000e-07	-3.587181e-09	-1.531857e-09	-2.893324e+01	-1.712053e+02
3.100000e-07	-3.582237e-09	-1.487937e-09	-2.889336e+01	-1.709410e+02
3.200000e-07	-3.577109e-09	-1.505059e-09	-2.885201e+01	-1.706704e+02
3.300000e-07	-3.571796e-09	-1.502257e-09	-2.880915e+01	-1.703933e+02
3.400000e-07	-3.566316e-09	-1.472283e-09	-2.876495e+01	-1.701100e+02
3.500000e-07	-3.560683e-09	-1.479731e-09	-2.871952e+01	-1.698213e+02
3.600000e-07	-3.554910e-09	-1.531883e-09	-2.867295e+01	-1.695284e+02
3.700000e-07	-3.548985e-09	-1.513123e-09	-2.862516e+01	-1.692330e+02
3.800000e-07	-3.542906e-09	-1.463563e-09	-2.857613e+01	-1.689369e+02
3.900000e-07	-3.536673e-09	-1.489063e-09	-2.852585e+01	-1.686421e+02
4.000000e-07	-3.530257e-09	-1.505564e-09	-2.847411e+01	-1.683505e+02
4.100000e-07	-3.523648e-09	-1.475443e-09	-2.842080e+01	-1.680638e+02
4.200000e-07	-3.516886e-09	-1.458936e-09	-2.836626e+01	-1.677828e+02
4.300000e-07	-3.509956e-09	-1.496562e-09	-2.831036e+01	-1.675080e+02
4.400000e-07	-3.502857e-09	-1.497338e-09	-2.825310e+01	-1.672385e+02
4.500000e-07	-3.495611e-09	-1.469919e-09	-2.819467e+01	-1.669726e+02
4.600000e-07	-3.488210e-09	-1.467430e-09	-2.813496e+01	-1.667075e+02
4.700000e-07	-3.480681e-09	-1.459054e-09	-2.807424e+01	-1.664394e+02
4.800000e-07	-3.473051e-09	-1.449704e-09	-2.801270e+01	-1.661638e+02
4.900000e-07	-3.465322e-09	-1.454624e-09	-2.795036e+01	-1.658759e+02
5.000000e-07	-3.457501e-09	-1.469288e-09	-2.788728e+01	-1.655709e+02
5.100000e-07	-3.449592e-09	-1.451982e-09	-2.782349e+01	-1.652445e+02
5.200000e-07	-3.441588e-09	-1.445816e-09	-2.775893e+01	-1.648932e+02
5.300000e-07	-3.433479e-09	-1.454172e-09	-2.769352e+01	-1.645148e+02
5.400000e-07	-3.425254e-09	-1.436895e-09	-2.762718e+01	-1.641089e+02
5.500000e-07	-3.416868e-09	-1.414069e-09	-2.755954e+01	-1.636764e+02
5.600000e-07	-3.408313e-09	-1.409884e-09	-2.749054e+01	-1.632199e+02
5.700000e-07	-3.399567e-09	-1.421420e-09	-2.742000e+01	-1.627433e+02
5.800000e-07	-3.390602e-09	-1.414772e-09	-2.734769e+01	-1.622513e+02
5.900000e-07	-3.381409e-09	-1.410533e-09	-2.727354e+01	-1.617490e+02
6.000000e-07	-3.371937e-09	-1.404595e-09	-2.719714e+01	-1.612412e+02
6.100000e-07	-3.362197e-09	-1.396097e-09	-2.711858e+01	-1.607320e+02
6.200000e-07	-3.352173e-09	-1.390416e-09	-2.703773e+01	-1.602239e+02
6.300000e-07	-3.341867e-09	-1.377546e-09	-2.695461e+01	-1.597182e+02
6.400000e-07	-3.331349e-09	-1.368124e-09	-2.686977e+01	-1.592140e+02
6.500000e-07	-3.320612e-09	-1.360479e-09	-2.678317e+01	-1.587093e+02
6.600000e-07	-3.309650e-09	-1.364658e-09	-2.669475e+01	-1.582003e+02
6.700000e-07	-3.298482e-09	-1.362859e-09	-2.660468e+01	-1.576829e+02
6.800000e-07	-3.287102e-09	-1.354438e-09	-2.651289e+01	-1.571525e+02
6.900000e-07	-3.275538e-09	-1.343784e-09	-2.641962e+01	-1.566052e+02
7.000000e-07	-3.263837e-09	-1.332122e-09	-2.632524e+01	-1.560383e+02
7.100000e-07	-3.252028e-09	-1.327045e-09	-2.622999e+01	-1.554508e+02
7.200000e-07	-3.240109e-09	-1.316251e-09	-2.613386e+01	-1.548435e+02
7.300000e-07	-3.228061e-09	-1.310768e-09	-2.603668e+01	-1.542195e+02
7.400000e-07	-3.215866e-09	-1.307853e-09	-2.593832e+01	-1.535836e+02
7.500000e-07	-3.203536e-09	-1.306209e-09	-2.583887e+01	-1.529421e+02
7.600000e-07	-3.191057e-09	-1.301767e-09	-2.573821e+01	-1.523023e+02
7.700000e-07	-3.178390e-09	-1.293518e-09	-2.563605e+01	-1.516713e+02
7.800000e-07	-3.165541e-09	-1.287097e-09	-2.553241e+01	-1.510556e+02
7.900000e-07	-3.152533e-09	-1.279535e-09	-2.542749e+01	-1.504605e+02
8.000000e-07	-3.139361e-09	-1.277150e-09	-2.532124e+01	-1.498892e+02
8.100000e-07	-3.126032e-09	-1.271685e-09	-2.521374e+01	-1.493425e+02
8.200000e-07	-3.112572e-09	-1.266843e-09	-2.510518e+01	-1.488192e+02
8.300000e-07	-3.098980e-09	-1.265031e-09	-2.499555e+01	-1.483155e+02
8.400000e-07	-3.085244e-09	-1.264590e-09	-2.488475e+01	-1.478259e+02
8.500000e-07	-3.071387e-09	-1.262424e-09	-2.477299e+01	-1.473438e+02
8.600000e-07	-3.057407e-09	-1.257612e-09	-2.466023e+01	-1.468621e+02
8.700000e-07	-3.043295e-09	-1.256569e-09	-2.454640e+01	-1.463737e+02
8.800000e-07	-3.029041e-09	-1.254519e-09	-2.443143e+01	-1.458727e+02
8.900000e-07	-3.014624e-09	-1.253525e-09	-2.431515e+01	-1.453543e+02
9.000000e-07	-3.000033e-09	-1.249020e-09	-2.419747e+01	-1.448159e+02
9.100000e-07	-2.985214e-09	-1.242733e-09	-2.407794e+01	-1.442566e+02
9.200000e-07	-2.970196e-09	-1.237057e-09	-2.395681e+01	-1.436774e+02
9.300000e-07	-2.954952e-09	-1.234103e-09	-2.383385e+01	-1.430811e+02
9.400000e-07	-2.939479e-09	-1.234693e-09	-2.370905e+01	-1.424717e+02
9.500000e-07	-2.923831e-09	-1.231167e-09	-2.358284e+01	-1.418539e+02
9.600000e-07	-2.907975e-09	-1.228242e-09	-2.345495e+01	-1.412326e+02
9.700000e-07	-2.891911e-09	-1.224796e-09	-2.332538e+01	-1.406125e+02
9.800000e-07	-2.875671e-09	-1.221087e-09	-2.319440e+01	-1.399974e+02
9.900000e-07	-2.859288e-09	-1.213102e-09	-2.306226e+01	-1.393903e+02
1.000000e-06	-2.842771e-09	-1.203178e-09	-2.292903e+01	-1.387928e+02
1.010000e-06	-2.826137e-09	-1.198373e-09	-2.279487e+01	-1.382052e+02
1.020000e-06	-2.809400e-09	-1.197461e-09	-2.265987e+01	-1.376267e+02
1.030000e-06	-2.792542e-09	-1.198533e-09	-2.252390e+01	-1.370552e+02
1.040000e-06	-2.775579e-09	-1.193345e-09	-2.238708e+01	-1.364880e+02
1.050000e-06	-2.758548e-09	-1.186958e-09	-2.224972e+01	-1.359214e+02
1.060000e-06	-2.741422e-09	-1.181903e-09	-2.211158e+01	-1.353513e+02
1.070000e-06	-2.724175e-09	-1.176524e-09	-2.197247e+01	-1.347737e+02
1.080000e-06	-2.706835e-09	-1.167906e-09	-2.183261e+01	-1.341843e+02
1.090000e-06	-2.689399e-09	-1.155836e-09	-2.169197e+01	-1.335791e+02
1.100000e-06	-2.671857e-09	-1.148920e-09	-2.155048e+01	-1.329546e+02
1.110000e-06	-2.654223e-09	-1.146728e-09	-2.140826e+01	-1.323077e+02
1.120000e-06	-2.636506e-09	-1.144647e-09	-2.126535e+01	-1.316363e+02
1.130000e-06	-2.618668e-09	-1.136888e-09	-2.112148e+01	-1.309390e+02
1.140000e-06	-2.600706e-09	-1.126438e-09	-2.097660e+01	-1.302154e+02
1.150000e-06	-2.582620e-09	-1.118302e-09	-2.083073e+01	-1.294662e+02
1.160000e-06	-2.564376e-09	-1.110308e-09	-2.068357e+01	-1.286933e+02
1.170000e-06	-2.545998e-09	-1.099447e-09	-2.053534e+01	-1.278995e+02
1.180000e-06	-2.527473e-09	-1.087578e-09	-2.038592e+01	-1.270885e+02
1.190000e-06	-2.508787e-09	-1.079189e-09	-2.023520e+01	-1.262645e+02
1.200000e-06	-2.489958e-09	-1.072829e-09	-2.008334e+01	-1.254322e+02
1.210000e-06	-2.470997e-09	-1.067949e-09	-1.993041e+01	-1.245958e+02
1.220000e-06	-2.451904e-09	-1.058788e-09	-1.977640e+01	-1.237595e+02
1.230000e-06	-2.432675e-09	-1.045317e-09	-1.962131e+01	-1.229262e+02
1.240000e-06	-2.413332e-09	-1.033354e-09	-1.946529e+01	-1.220977e+02
1.250000e-06	-2.393888e-09	-1.024465e-09	-1.930846e+01	-1.212745e+02
1.260000e-06	-2.374353e-09	-1.017140e-09	-1.915090e+01	-1.204558e+02
1.270000e-06	-2.354742e-09	-1.013026e-09	-1.899272e+01	-1.196391e+02
1.280000e-06	-2.335072e-09	-1.011874e-09	-1.883407e+01	-1.188214e+02
1.290000e-06	-2.315352e-09	-1.007844e-09	-1.867501e+01	-1.179988e+02
1.300000e-06	-2.295578e-09	-9.984791e-10	-1.851552e+01	-1.171672e+02
1.310000e-06	-2.275750e-09	-9.812407e-10	-1.835559e+01	-1.163232e+02
1.320000e-06	-2.255882e-09	-9.627244e-10	-1.819535e+01	-1.154639e+02
1.330000e-06	-2.235984e-09	-9.478411e-10	-1.803486e+01	-1.145881e+02
1.340000e-06	-2.216044e-09	-9.396571e-10	-1.787402e+01	-1.136956e+02
1.350000e-06	-2.196058e-09	-9.344652e-10	-1.771282e+01	-1.127880e+02
1.360000e-06	-2.176034e-09	-9.303823e-10	-1.755131e+01	-1.118680e+02
1.370000e-06	-2.155962e-09	-9.300582e-10	-1.738942e+01	-1.109394e+02
1.380000e-06	-2.135830e-09	-9.274606e-10	-1.722704e+01	-1.100064e+02
1.390000e-06	-2.115615e-09	-9.189107e-10	-1.706399e+01	-1.090731e+02
1.400000e-06	-2.095321e-09	-9.009825e-10	-1.690030e+01	-1.081434e+02
1.410000e-06	-2.074940e-09	-8.803291e-10	-1.673592e+01	-1.072198e+02
1.420000e-06	-2.054465e-09	-8.641865e-10	-1.657077e+01	-1.063038e+02
1.430000e-06	-2.033888e-09	-8.562011e-10	-1.640480e+01	-1.053953e+02
1.440000e-06	-2.013187e-09	-8.575102e-10	-1.623783e+01	-1.044928e+02
1.450000e-06	-1.992392e-09	-8.598809e-10	-1.607010e+01	-1.035941e+02
1.460000e-06	-1.971488e-09	-8.628888e-10	-1.590150e+01	-1.026960e+02
1.470000e-06	-1.950454e-09	-8.609000e-10	-1.573184e+01	-1.017953e+02
1.480000e-06	-1.929306e-09	-8.487756e-10	-1.556127e+01	-1.008890e+02
1.490000e-06	-1.908059e-09	-8.285927e-10	-1.538990e+01	-9.997510e+01
1.500000e-06	-1.886729e-09	-8.088680e-10	-1.521786e+01	-9.905257e+01
1.510000e-06	-1.865316e-09	-7.998754e-10	-1.504514e+01	-9.812164e+01
1.520000e-06	-1.843821e-09	-7.993142e-10	-1.487177e+01	-9.718377e+01
1.530000e-06	-1.822245e-09	-8.038291e-10	-1.469775e+01	-9.624136e+01
1.540000e-06	-1.800574e-09	-8.043329e-10	-1.452295e+01	-9.529742e+01
1.550000e-06	-1.778833e-09	-8.002474e-10	-1.434760e+01	-9.435505e+01
1.560000e-06	-1.757043e-09	-7.911109e-10	-1.417184e+01	-9.341702e+01
1.570000e-06	-1.735182e-09	-7.743469e-10	-1.399552e+01	-9.248533e+01
1.580000e-06	-1.713245e-09	-7.566440e-10	-1.381858e+01	-9.156091e+01
1.590000e-06	-1.691244e-09	-7.452671e-10	-1.364113e+01	-9.064351e+01
1.600000e-06	-1.669171e-09	-7.450176e-10	-1.346309e+01	-8.973175e+01
1.610000e-06	-1.647030e-09	-7.484869e-10	-1.328451e+01	-8.882336e+01
1.620000e-06	-1.624861e-09	-7.470700e-10	-1.310570e+01	-8.791558e+01
1.630000e-06	-1.602641e-09	-7.361080e-10	-1.292648e+01	-8.700556e+01
1.640000e-06	-1.580340e-09	-7.223346e-10	-1.274660e+01	-8.609083e+01
1.650000e-06	-1.557967e-09	-7.105776e-10	-1.256615e+01	-8.516973e+01
1.660000e-06	-1.535502e-09	-6.995608e-10	-1.238495e+01	-8.424156e+01
1.670000e-06	-1.512955e-09	-6.927004e-10	-1.220310e+01	-8.330676e+01
1.680000e-06	-1.490356e-09	-6.895197e-10	-1.202082e+01	-8.236670e+01
1.690000e-06	-1.467696e-09	-6.894503e-10	-1.183805e+01	-8.142347e+01
1.700000e-06	-1.444953e-09	-6.841562e-10	-1.165461e+01	-8.047945e+01
1.710000e-06	-1.422125e-09	-6.730113e-10	-1.147048e+01	-7.953681e+01
1.720000e-06	-1.399217e-09	-6.586256e-10	-1.128571e+01	-7.859707e+01
1.730000e-06	-1.376215e-09	-6.436943e-10	-1.110019e+01	-7.766075e+01
1.740000e-06	-1.353137e-09	-6.340469e-10	-1.091405e+01	-7.672713e+01
1.750000e-06	-1.329964e-09	-6.302870e-10	-1.072714e+01	-7.579423e+01
1.760000e-06	-1.306716e-09	-6.300409e-10	-1.053963e+01	-7.485901e+01
1.770000e-06	-1.283449e-09	-6.252546e-10	-1.035196e+01	-7.391771e+01
1.780000e-06	-1.260131e-09	-6.146204e-10	-1.016389e+01	-7.296634e+01
1.790000e-06	-1.236724e-09	-5.972813e-10	-9.975089e+00	-7.200125e+01
1.800000e-06	-1.213257e-09	-5.758892e-10	-9.785809e+00	-7.101960e+01
1.810000e-06	-1.189756e-09	-5.568168e-10	-9.596258e+00	-7.001983e+01
1.820000e-06	-1.166227e-09	-5.442739e-10	-9.406477e+00	-6.900185e+01
1.830000e-06	-1.142636e-09	-5.418141e-10	-9.216198e+00	-6.796706e+01
1.840000e-06	-1.118989e-09	-5.435814e-10	-9.025473e+00	-6.691820e+01
1.850000e-06	-1.095313e-09	-5.428346e-10	-8.834504e+00	-6.585890e+01
1.860000e-06	-1.071605e-09	-5.345092e-10	-8.643282e+00	-6.479314e+01
1.870000e-06	-1.047874e-09	-5.177136e-10	-8.451877e+00	-6.372469e+01
1.880000e-06	-1.024124e-09	-4.961584e-10	-8.260317e+00	-6.265647e+01
1.890000e-06	-1.000360e-09	-4.751077e-10	-8.068637e+00	-6.159017e+01
1.900000e-06	-9.765688e-10	-4.602185e-10	-7.876747e+00	-6.052589e+01
1.910000e-06	-9.527473e-10	-4.519097e-10	-7.684610e+00	-5.946220e+01
1.920000e-06	-9.288951e-10	-4.495135e-10	-7.492224e+00	-5.839626e+01
1.930000e-06	-9.050309e-10	-4.470671e-10	-7.299741e+00	-5.732429e+01
1.940000e-06	-8.811410e-10	-4.394426e-10	-7.107052e+00	-5.624216e+01
1.950000e-06	-8.572259e-10	-4.253477e-10	-6.914159e+00	-5.514600e+01
1.960000e-06	-8.333110e-10	-4.083377e-10	-6.721268e+00	-5.403287e+01
1.970000e-06	-8.093782e-10	-3.942094e-10	-6.528232e+00	-5.290125e+01
1.980000e-06	-7.854222e-10	-3.845022e-10	-6.335010e+00	-5.175136e+01
1.990000e-06	-7.614460e-10	-3.779516e-10	-6.141624e+00	-5.058521e+01
2.000000e-06	-7.374431e-10	-3.710003e-10	-5.948023e+00	-4.940644e+01
2.010000e-06	-7.134224e-10	-3.632786e-10	-5.754279e+00	-4.821983e+01
2.020000e-06	-6.893812e-10	-3.536930e-10	-5.560369e+00	-4.703076e+01
2.030000e-06	-6.653175e-10	-3.411427e-10	-5.366277e+00	-4.584445e+01
2.040000e-06	-6.412300e-10	-3.278334e-10	-5.171994e+00	-4.466530e+01
2.050000e-06	-6.171111e-10	-3.163264e-10	-4.977457e+00	-4.349629e+01
2.060000e-06	-5.929720e-10	-3.092836e-10	-4.782758e+00	-4.233864e+01
2.070000e-06	-5.688451e-10	-3.053697e-10	-4.588157e+00	-4.119163e+01
2.080000e-06	-5.447128e-10	-2.993480e-10	-4.393512e+00	-4.005278e+01
2.090000e-06	-5.205377e-10	-2.893864e-10	-4.198522e+00	-3.891824e+01
2.100000e-06	-4.963369e-10	-2.787504e-10	-4.003324e+00	-3.778336e+01
2.110000e-06	-4.721328e-10	-2.678754e-10	-3.808101e+00	-3.664345e+01
2.120000e-06	-4.479141e-10	-2.559907e-10	-3.612759e+00	-3.549445e+01
2.130000e-06	-4.236902e-10	-2.467131e-10	-3.417376e+00	-3.433356e+01
2.140000e-06	-3.994424e-10	-2.416767e-10	-3.221799e+00	-3.315971e+01
2.150000e-06	-3.751603e-10	-2.385701e-10	-3.025947e+00	-3.197371e+01
2.160000e-06	-3.508691e-10	-2.334943e-10	-2.830020e+00	-3.077820e+01
2.170000e-06	-3.265671e-10	-2.257324e-10	-2.634007e+00	-2.957729e+01
2.180000e-06	-3.022451e-10	-2.160015e-10	-2.437833e+00	-2.837604e+01
2.190000e-06	-2.779042e-10	-2.053115e-10	-2.241505e+00	-2.717975e+01
2.200000e-06	-2.535473e-10	-1.930338e-10	-2.045049e+00	-2.599326e+01
2.210000e-06	-2.291906e-10	-1.790934e-10	-1.848595e+00	-2.482033e+01
2.220000e-06	-2.048372e-10	-1.693762e-10	-1.652167e+00	-2.366311e+01
2.230000e-06	-1.804548e-10	-1.651515e-10	-1.455505e+00	-2.252194e+01
2.240000e-06	-1.560596e-10	-1.637400e-10	-1.258740e+00	-2.139532e+01
2.250000e-06	-1.316780e-10	-1.612642e-10	-1.062085e+00	-2.028015e+01
2.260000e-06	-1.073048e-10	-1.546381e-10	-8.654969e-01	-1.917223e+01
2.270000e-06	-8.291854e-11	-1.448190e-10	-6.688041e-01	-1.806682e+01
2.280000e-06	-5.850721e-11	-1.330871e-10	-4.719089e-01	-1.695931e+01
2.290000e-06	-3.408321e-11	-1.195523e-10	-2.749115e-01	-1.584578e+01
2.300000e-06	-9.677602e-12	-1.065724e-10	-7.806246e-02	-1.472348e+01
2.310000e-06	1.471424e-11	-9.814885e-11	1.186754e-01	-1.359112e+01
2.320000e-06	3.912607e-11	-9.147831e-11	3.155747e-01	-1.244884e+01
2.330000e-06	6.353239e-11	-8.350111e-11	5.124295e-01	-1.129808e+01
2.340000e-06	8.793044e-11	-7.505122e-11	7.092178e-01	-1.014116e+01
2.350000e-06	1.123262e-10	-6.573139e-11	9.059875e-01	-8.980816e+00
2.360000e-06	1.367052e-10	-5.638948e-11	1.102622e+00	-7.819636e+00
2.370000e-06	1.610666e-10	-4.682573e-11	1.299114e+00	-6.659567e+00
2.380000e-06	1.854284e-10	-3.578421e-11	1.495610e+00	-5.501541e+00
2.390000e-06	2.098205e-10	-2.475731e-11	1.692350e+00	-4.345276e+00
2.400000e-06	2.341981e-10	-1.623352e-11	1.888973e+00	-3.189279e+00
2.410000e-06	2.585476e-10	-7.835973e-12	2.085370e+00	-2.031052e+00
2.420000e-06	2.828655e-10	4.292950e-12	2.281511e+00	-8.674566e-01
2.430000e-06	3.071596e-10	1.991528e-11	2.477461e+00	3.048198e-01
2.440000e-06	3.314630e-10	3.508385e-11	2.673486e+00	1.488770e+00
2.450000e-06	3.557810e-10	4.859794e-11	2.869628e+00	2.686623e+00
2.460000e-06	3.800862e-10	6.243943e-11	3.065668e+00	3.899526e+00
2.470000e-06	4.043436e-10	7.487746e-11	3.261321e+00	5.127386e+00
2.480000e-06	4.285702e-10	8.386910e-11	3.456726e+00	6.368901e+00
2.490000e-06	4.527837e-10	9.299890e-11	3.652026e+00	7.621774e+00
2.500000e-06	4.769785e-10	1.053377e-10	3.847175e+00	8.883062e+00
2.510000e-06	5.011552e-10	1.192589e-10	4.042177e+00	1.014960e+01
2.520000e-06	5.253184e-10	1.348414e-10	4.237071e+00	1.141847e+01
2.530000e-06	5.494557e-10	1.491713e-10	4.431756e+00	1.268734e+01
2.540000e-06	5.735683e-10	1.610199e-10	4.626242e+00	1.395475e+01
2.550000e-06	5.976765e-10	1.729168e-10	4.820693e+00	1.522021e+01
2.560000e-06	6.217641e-10	1.841949e-10	5.014977e+00	1.648415e+01
2.570000e-06	6.458288e-10	1.946968e-10	5.209076e+00	1.774766e+01
2.580000e-06	6.698744e-10	2.057885e-10	5.403021e+00	1.901217e+01
2.590000e-06	6.938834e-10	2.179169e-10	5.596672e+00	2.027909e+01
2.600000e-06	7.178755e-10	2.321276e-10	5.790185e+00	2.154942e+01
2.610000e-06	7.418625e-10	2.471854e-10	5.983658e+00	2.282346e+01
2.620000e-06	7.658270e-10	2.602784e-10	6.176949e+00	2.410068e+01
2.630000e-06	7.897676e-10	2.692154e-10	6.370048e+00	2.537972e+01
2.640000e-06	8.136897e-10	2.768728e-10	6.562997e+00	2.665858e+01
2.650000e-06	8.375931e-10	2.869146e-10	6.755795e+00	2.793490e+01
2.660000e-06	8.614944e-10	2.983912e-10	6.948577e+00	2.920643e+01
2.670000e-06	8.853837e-10	3.090013e-10	7.141261e+00	3.047136e+01
2.680000e-06	9.092443e-10	3.174740e-10	7.333714e+00	3.172875e+01
2.690000e-06	9.330885e-10	3.269544e-10	7.526035e+00	3.297877e+01
2.700000e-06	9.569027e-10	3.389066e-10	7.718115e+00	3.422274e+01
2.710000e-06	9.806907e-10	3.506143e-10	7.909982e+00	3.546308e+01
2.720000e-06	1.004458e-09	3.614354e-10	8.101682e+00	3.670296e+01
2.730000e-06	1.028181e-09	3.722569e-10	8.293028e+00	3.794593e+01
2.740000e-06	1.051893e-09	3.848492e-10	8.484282e+00	3.919534e+01
2.750000e-06	1.075577e-09	3.983967e-10	8.675306e+00	4.045390e+01
2.760000e-06	1.099203e-09	4.083056e-10	8.865873e+00	4.172319e+01
2.770000e-06	1.122797e-09	4.134245e-10	9.056175e+00	4.300338e+01
2.780000e-06	1.146364e-09	4.156762e-10	9.246262e+00	4.429315e+01
2.790000e-06	1.169905e-09	4.200551e-10	9.436130e+00	4.558982e+01
2.800000e-06	1.193383e-09	4.291775e-10	9.625498e+00	4.688970e+01
2.810000e-06	1.216795e-09	4.415370e-10	9.814338e+00	4.818855e+01
2.820000e-06	1.240164e-09	4.559425e-10	1.000282e+01	4.948226e+01
2.830000e-06	1.263474e-09	4.712437e-10	1.019084e+01	5.076738e+01
2.840000e-06	1.286747e-09	4.841086e-10	1.037855e+01	5.204168e+01
2.850000e-06	1.309972e-09	4.914440e-10	1.056587e+01	5.330451e+01
2.860000e-06	1.333112e-09	4.928924e-10	1.075252e+01	5.455693e+01
2.870000e-06	1.356164e-09	4.923183e-10	1.093845e+01	5.580156e+01
2.880000e-06	1.379130e-09	4.981452e-10	1.112369e+01	5.704226e+01
2.890000e-06	1.402015e-09	5.134671e-10	1.130827e+01	5.828355e+01
2.900000e-06	1.424833e-09	5.308350e-10	1.149231e+01	5.952987e+01
2.910000e-06	1.447556e-09	5.434606e-10	1.167559e+01	6.078496e+01
2.920000e-06	1.470203e-09	5.513496e-10	1.185825e+01	6.205110e+01
2.930000e-06	1.492765e-09	5.556284e-10	1.204023e+01	6.332870e+01
2.940000e-06	1.515235e-09	5.592437e-10	1.222147e+01	6.461605e+01
2.950000e-06	1.537652e-09	5.663216e-10	1.240228e+01	6.590933e+01
2.960000e-06	1.559995e-09	5.780580e-10	1.258249e+01	6.720292e+01
2.970000e-06	1.582269e-09	5.924573e-10	1.276215e+01	6.849003e+01
2.980000e-06	1.604468e-09	6.063489e-10	1.294121e+01	6.976338e+01
2.990000e-06	1.626592e-09	6.192486e-10	1.311964e+01	7.101606e+01
3.000000e-06	1.648674e-09	6.280709e-10	1.329775e+01	7.224234e+01
3.010000e-06	1.670706e-09	6.318411e-10	1.347546e+01	7.343835e+01
3.020000e-06	1.692642e-09	6.338229e-10	1.365239e+01	7.460253e+01
3.030000e-06	1.714521e-09	6.406943e-10	1.382886e+01	7.573584e+01
3.040000e-06	1.736360e-09	6.540259e-10	1.400500e+01	7.684166e+01
3.050000e-06	1.758145e-09	6.656728e-10	1.418072e+01	7.792538e+01
3.060000e-06	1.779867e-09	6.746452e-10	1.435592e+01	7.899378e+01
3.070000e-06	1.801511e-09	6.837895e-10	1.453049e+01	8.005429e+01
3.080000e-06	1.823083e-09	6.940985e-10	1.470449e+01	8.111414e+01
3.090000e-06	1.844568e-09	7.035744e-10	1.487778e+01	8.217958e+01
3.100000e-06	1.865971e-09	7.114866e-10	1.505041e+01	8.325530e+01
3.110000e-06	1.887300e-09	7.213411e-10	1.522245e+01	8.434394e+01
3.120000e-06	1.908533e-09	7.340338e-10	1.539371e+01	8.544600e+01
3.130000e-06	1.929672e-09	7.496634e-10	1.556421e+01	8.655991e+01
3.140000e-06	1.950712e-09	7.650835e-10	1.573391e+01	8.768238e+01
3.150000e-06	1.971631e-09	7.762076e-10	1.590264e+01	8.880895e+01
3.160000e-06	1.992440e-09	7.840625e-10	1.607048e+01	8.993466e+01
3.170000e-06	2.013137e-09	7.925178e-10	1.623741e+01	9.105463e+01
3.180000e-06	2.033719e-09	8.008062e-10	1.640343e+01	9.216478e+01
3.190000e-06	2.054205e-09	8.076039e-10	1.656866e+01	9.326222e+01
3.200000e-06	2.074601e-09	8.167174e-10	1.673316e+01	9.434559e+01
3.210000e-06	2.094911e-09	8.298113e-10	1.689698e+01	9.541517e+01
3.220000e-06	2.115148e-09	8.447697e-10	1.706021e+01	9.647270e+01
3.230000e-06	2.135311e-09	8.596072e-10	1.722284e+01	9.752116e+01
3.240000e-06	2.155400e-09	8.717574e-10	1.738487e+01	9.856431e+01
3.250000e-06	2.175438e-09	8.803018e-10	1.754649e+01	9.960622e+01
3.260000e-06	2.195434e-09	8.868532e-10	1.770778e+01	1.006508e+02
3.270000e-06	2.215387e-09	8.914714e-10	1.786871e+01	1.017012e+02
3.280000e-06	2.235291e-09	8.957244e-10	1.802925e+01	1.027598e+02
3.290000e-06	2.255163e-09	9.041610e-10	1.818953e+01	1.038277e+02
3.300000e-06	2.275001e-09	9.146676e-10	1.834954e+01	1.049046e+02
3.310000e-06	2.294798e-09	9.250892e-10	1.850922e+01	1.059892e+02
3.320000e-06	2.314554e-09	9.369674e-10	1.866857e+01	1.070788e+02
3.330000e-06	2.334245e-09	9.466327e-10	1.882738e+01	1.081701e+02
3.340000e-06	2.353854e-09	9.529994e-10	1.898554e+01	1.092593e+02
3.350000e-06	2.373389e-09	9.595948e-10	1.914311e+01	1.103422e+02
3.360000e-06	2.392836e-09	9.694628e-10	1.929996e+01	1.114147e+02
3.370000e-06	2.412185e-09	9.784194e-10	1.945603e+01	1.124729e+02
3.380000e-06	2.431415e-09	9.839229e-10	1.961113e+01	1.135135e+02
3.390000e-06	2.450530e-09	9.894268e-10	1.976531e+01	1.145341e+02
3.400000e-06	2.469541e-09	9.957774e-10	1.991864e+01	1.155326e+02
3.410000e-06	2.488413e-09	1.003759e-09	2.007086e+01	1.165080e+02
3.420000e-06	2.507120e-09	1.012035e-09	2.022175e+01	1.174604e+02
3.430000e-06	2.525656e-09	1.020580e-09	2.037126e+01	1.183904e+02
3.440000e-06	2.544046e-09	1.029330e-09	2.051959e+01	1.192995e+02
3.450000e-06	2.562291e-09	1.035845e-09	2.066674e+01	1.201901e+02
3.460000e-06	2.580385e-09	1.040083e-09	2.081269e+01	1.210651e+02
3.470000e-06	2.598317e-09	1.041104e-09	2.095732e+01	1.219278e+02
3.480000e-06	2.616111e-09	1.041779e-09	2.110084e+01	1.227819e+02
3.490000e-06	2.633807e-09	1.043677e-09	2.124357e+01	1.236309e+02
3.500000e-06	2.651389e-09	1.048182e-09	2.138538e+01	1.244784e+02
3.510000e-06	2.668868e-09	1.055991e-09	2.152636e+01	1.253272e+02
3.520000e-06	2.686248e-09	1.065018e-09	2.166655e+01	1.261795e+02
3.530000e-06	2.703526e-09	1.075740e-09	2.180591e+01	1.270367e+02
3.540000e-06	2.720711e-09	1.085748e-09	2.194452e+01	1.278989e+02
3.550000e-06	2.737814e-09	1.092017e-09	2.208246e+01	1.287655e+02
3.560000e-06	2.754806e-09	1.093802e-09	2.221952e+01	1.296348e+02
3.570000e-06	2.771693e-09	1.093139e-09	2.235573e+01	1.305043e+02
3.580000e-06	2.788503e-09	1.091640e-09	2.249131e+01	1.313709e+02
3.590000e-06	2.805218e-09	1.091830e-09	2.262613e+01	1.322314e+02
3.600000e-06	2.821793e-09	1.098122e-09	2.275981e+01	1.330828e+02
3.610000e-06	2.838217e-09	1.110059e-09	2.289229e+01	1.339223e+02
3.620000e-06	2.854537e-09	1.124256e-09	2.302392e+01	1.347481e+02
3.630000e-06	2.870712e-09	1.136394e-09	2.315438e+01	1.355594e+02
3.640000e-06	2.886713e-09	1.143258e-09	2.328345e+01	1.363562e+02
3.650000e-06	2.902562e-09	1.145809e-09	2.341128e+01	1.371398e+02
3.660000e-06	2.918212e-09	1.146262e-09	2.353751e+01	1.379121e+02
3.670000e-06	2.933672e-09	1.147811e-09	2.366220e+01	1.386761e+02
3.680000e-06	2.948943e-09	1.153990e-09	2.378538e+01	1.394348e+02
3.690000e-06	2.964002e-09	1.163503e-09	2.390684e+01	1.401914e+02
3.700000e-06	2.978856e-09	1.173520e-09	2.402664e+01	1.409489e+02
3.710000e-06	2.993499e-09	1.184326e-09	2.414476e+01	1.417096e+02
3.720000e-06	3.007987e-09	1.193202e-09	2.426161e+01	1.424752e+02
3.730000e-06	3.022339e-09	1.198547e-09	2.437737e+01	1.432467e+02
3.740000e-06	3.036551e-09	1.203146e-09	2.449200e+01	1.440239e+02
3.750000e-06	3.050642e-09	1.208572e-09	2.460566e+01	1.448063e+02
3.760000e-06	3.064591e-09	1.214549e-09	2.471817e+01	1.455926e+02
3.770000e-06	3.078409e-09	1.220391e-09	2.482961e+01	1.463810e+02
3.780000e-06	3.092104e-09	1.226849e-09	2.494007e+01	1.471698e+02
3.790000e-06	3.105672e-09	1.235537e-09	2.504951e+01	1.479570e+02
3.800000e-06	3.119113e-09	1.245883e-09	2.515792e+01	1.487409e+02
3.810000e-06	3.132393e-09	1.255769e-09	2.526503e+01	1.495200e+02
3.820000e-06	3.145496e-09	1.264484e-09	2.537072e+01	1.502931e+02
3.830000e-06	3.158428e-09	1.272401e-09	2.547503e+01	1.510591e+02
3.840000e-06	3.171178e-09	1.277115e-09	2.557786e+01	1.518172e+02
3.850000e-06	3.183769e-09	1.279696e-09	2.567942e+01	1.525667e+02
3.860000e-06	3.196218e-09	1.281954e-09	2.577983e+01	1.533070e+02
3.870000e-06	3.208535e-09	1.285044e-09	2.587917e+01	1.540372e+02
3.880000e-06	3.220732e-09	1.290752e-09	2.597755e+01	1.547567e+02
3.890000e-06	3.232798e-09	1.297901e-09	2.607488e+01	1.554648e+02
3.900000e-06	3.244752e-09	1.309023e-09	2.617129e+01	1.561608e+02
3.910000e-06	3.256605e-09	1.323859e-09	2.626690e+01	1.568442e+02
3.920000e-06	3.268336e-09	1.336244e-09	2.636151e+01	1.575147e+02
3.930000e-06	3.279933e-09	1.342622e-09	2.645505e+01	1.581723e+02
3.940000e-06	3.291372e-09	1.345525e-09	2.654732e+01	1.588172e+02
3.950000e-06	3.302639e-09	1.348801e-09	2.663819e+01	1.594499e+02
3.960000e-06	3.313722e-09	1.352855e-09	2.672758e+01	1.600711e+02
3.970000e-06	3.324569e-09	1.356916e-09	2.681507e+01	1.606818e+02
3.980000e-06	3.335163e-09	1.359587e-09	2.690052e+01	1.612826e+02
3.990000e-06	3.345510e-09	1.362824e-09	2.698398e+01	1.618743e+02
4.000000e-06	3.355602e-09	1.368978e-09	2.706538e+01	1.624572e+02
4.010000e-06	3.365422e-09	1.376423e-09	2.714459e+01	1.630311e+02
4.020000e-06	3.374977e-09	1.383374e-09	2.722165e+01	1.635957e+02
4.030000e-06	3.384260e-09	1.388736e-09	2.729653e+01	1.641501e+02
4.040000e-06	3.393285e-09	1.393743e-09	2.736932e+01	1.646931e+02
4.050000e-06	3.402093e-09	1.399933e-09	2.744036e+01	1.652233e+02
4.060000e-06	3.410718e-09	1.406385e-09	2.750993e+01	1.657393e+02
4.070000e-06	3.419189e-09	1.408191e-09	2.757825e+01	1.662397e+02
4.080000e-06	3.427508e-09	1.404246e-09	2.764535e+01	1.667233e+02
4.090000e-06	3.435678e-09	1.402086e-09	2.771125e+01	1.671894e+02
4.100000e-06	3.443741e-09	1.405086e-09	2.777628e+01	1.676371e+02
4.110000e-06	3.451724e-09	1.410629e-09	2.784068e+01	1.680664e+02
4.120000e-06	3.459620e-09	1.415046e-09	2.790436e+01	1.684769e+02
4.130000e-06	3.467435e-09	1.418580e-09	2.796739e+01	1.688685e+02
4.140000e-06	3.475155e-09	1.423321e-09	2.802966e+01	1.692412e+02
4.150000e-06	3.482764e-09	1.427618e-09	2.809104e+01	1.695945e+02
4.160000e-06	3.490244e-09	1.429570e-09	2.815137e+01	1.699279e+02
4.170000e-06	3.497585e-09	1.428022e-09	2.821058e+01	1.702409e+02
4.180000e-06	3.504789e-09	1.426480e-09	2.826868e+01	1.705326e+02
4.190000e-06	3.511814e-09	1.428181e-09	2.832534e+01	1.708026e+02
4.200000e-06	3.518664e-09	1.430187e-09	2.838060e+01	1.710505e+02
4.210000e-06	3.525340e-09	1.431282e-09	2.843444e+01	1.712769e+02
4.220000e-06	3.531829e-09	1.431847e-09	2.848678e+01	1.714828e+02
4.230000e-06	3.538174e-09	1.432750e-09	2.853795e+01	1.716703e+02
4.240000e-06	3.544397e-09	1.434777e-09	2.858815e+01	1.718425e+02
4.250000e-06	3.550447e-09	1.436624e-09	2.863694e+01	1.720034e+02
4.260000e-06	3.556323e-09	1.436690e-09	2.868434e+01	1.721574e+02
4.270000e-06	3.562075e-09	1.436116e-09	2.873073e+01	1.723097e+02
4.280000e-06	3.567694e-09	1.437425e-09	2.877606e+01	1.724649e+02
4.290000e-06	3.573138e-09	1.438572e-09	2.881997e+01	1.726274e+02
4.300000e-06	3.578400e-09	1.437709e-09	2.886241e+01	1.728005e+02
4.310000e-06	3.583475e-09	1.436707e-09	2.890334e+01	1.729864e+02
4.320000e-06	3.588357e-09	1.438473e-09	2.894272e+01	1.731855e+02
4.330000e-06	3.593075e-09	1.444205e-09	2.898077e+01	1.733967e+02
4.340000e-06	3.597628e-09	1.450113e-09	2.901749e+01	1.736175e+02
4.350000e-06	3.602023e-09	1.452854e-09	2.905295e+01	1.738441e+02
4.360000e-06	3.606284e-09	1.454483e-09	2.908731e+01	1.740720e+02
4.370000e-06	3.610438e-09	1.457759e-09	2.912082e+01	1.742965e+02
4.380000e-06	3.614507e-09	1.461742e-09	2.915364e+01	1.745131e+02
4.390000e-06	3.618490e-09	1.461993e-09	2.918576e+01	1.747182e+02
4.400000e-06	3.622397e-09	1.459243e-09	2.921727e+01	1.749093e+02
4.410000e-06	3.626225e-09	1.458796e-09	2.924815e+01	1.750854e+02
4.420000e-06	3.629975e-09	1.463005e-09	2.927840e+01	1.752467e+02
4.430000e-06	3.633617e-09	1.468710e-09	2.930778e+01	1.753949e+02
4.440000e-06	3.637136e-09	1.473798e-09	2.933615e+01	1.755325e+02
4.450000e-06	3.640512e-09	1.478767e-09	2.936339e+01	1.756623e+02
4.460000e-06	3.643691e-09	1.483884e-09	2.938902e+01	1.757874e+02
4.470000e-06	3.646640e-09	1.486927e-09	2.941281e+01	1.759098e+02
4.480000e-06	3.649377e-09	1.485330e-09	2.943489e+01	1.760309e+02
4.490000e-06	3.651858e-09	1.482965e-09	2.945490e+01	1.761505e+02
4.500000e-06	3.654059e-09	1.485264e-09	2.947265e+01	1.762672e+02
4.510000e-06	3.655975e-09	1.490964e-09	2.948810e+01	1.763780e+02
4.520000e-06	3.657603e-09	1.496999e-09	2.950124e+01	1.764793e+02
4.530000e-06	3.658964e-09	1.502843e-09	2.951222e+01	1.765668e+02
4.540000e-06	3.660038e-09	1.506980e-09	2.952088e+01	1.766362e+02
4.550000e-06	3.660870e-09	1.506442e-09	2.952759e+01	1.766837e+02
4.560000e-06	3.661500e-09	1.502693e-09	2.953267e+01	1.767069e+02
4.570000e-06	3.661948e-09	1.496831e-09	2.953628e+01	1.767046e+02
4.580000e-06	3.662246e-09	1.492069e-09	2.953869e+01	1.766775e+02
4.590000e-06	3.662429e-09	1.490396e-09	2.954016e+01	1.766277e+02
4.600000e-06	3.662495e-09	1.491200e-09	2.954069e+01	1.765591e+02
4.610000e-06	3.662458e-09	1.496767e-09	2.954040e+01	1.764766e+02
4.620000e-06	3.662343e-09	1.504283e-09	2.953947e+01	1.763854e+02
4.630000e-06	3.662124e-09	1.507377e-09	2.953770e+01	1.762910e+02
4.640000e-06	3.661789e-09	1.501650e-09	2.953500e+01	1.761982e+02
4.650000e-06	3.661322e-09	1.495331e-09	2.953123e+01	1.761106e+02
4.660000e-06	3.660739e-09	1.500784e-09	2.952653e+01	1.760304e+02
4.670000e-06	3.660009e-09	1.494279e-09	2.952065e+01	1.759581e+02
4.680000e-06	3.659078e-09	1.458174e-09	2.951314e+01	1.758925e+02
4.690000e-06	3.657963e-09	1.451781e-09	2.950414e+01	1.758309e+02
4.700000e-06	3.656643e-09	1.513061e-09	2.949350e+01	1.757696e+02
4.710000e-06	3.655127e-09	1.536980e-09	2.948127e+01	1.757042e+02
4.720000e-06	3.653431e-09	1.511244e-09	2.946759e+01	1.756299e+02
4.730000e-06	3.651570e-09	1.532002e-09	2.945258e+01	1.755425e+02
4.740000e-06	3.649583e-09	1.501021e-09	2.943655e+01	1.754384e+02
4.750000e-06	3.647485e-09	1.416356e-09	2.941963e+01	1.753151e+02
4.760000e-06	3.645264e-09	1.426101e-09	2.940172e+01	1.751714e+02
4.770000e-06	3.642904e-09	1.497611e-09	2.938268e+01	1.750072e+02
4.780000e-06	3.640410e-09	1.502326e-09	2.936257e+01	1.748238e+02
4.790000e-06	3.637757e-09	1.420992e-09	2.934117e+01	1.746233e+02
4.800000e-06	3.634928e-09	1.458266e-09	2.931835e+01	1.744083e+02
4.810000e-06	3.631950e-09	1.562121e-09	2.929433e+01	1.741821e+02
4.820000e-06	3.628784e-09	1.505226e-09	2.926879e+01	1.739476e+02
4.830000e-06	3.625442e-09	1.378078e-09	2.924184e+01	1.737076e+02
4.840000e-06	3.621940e-09	1.392287e-09	2.921359e+01	1.734646e+02
4.850000e-06	3.618285e-09	1.513400e-09	2.918411e+01	1.732200e+02
4.860000e-06	3.614532e-09	1.482456e-09	2.915384e+01	1.729749e+02
4.870000e-06	3.610675e-09	1.390264e-09	2.912273e+01	1.727296e+02
4.880000e-06	3.606713e-09	1.437524e-09	2.909077e+01	1.724838e+02
4.890000e-06	3.602670e-09	1.513644e-09	2.905816e+01	1.722368e+02
4.900000e-06	3.598561e-09	1.441632e-09	2.902503e+01	1.719875e+02
4.910000e-06	3.594363e-09	1.345014e-09	2.899116e+01	1.717347e+02
4.920000e-06	3.590040e-09	1.412396e-09	2.895629e+01	1.714774e+02
4.930000e-06	3.585595e-09	1.478423e-09	2.892044e+01	1.712146e+02
4.940000e-06	3.580992e-09	1.430334e-09	2.888332e+01	1.709456e+02
4.950000e-06	3.576189e-09	1.396361e-09	2.884458e+01	1.706700e+02
4.960000e-06	3.571188e-09	1.441358e-09	2.880424e+01	1.703882e+02
4.970000e-06	3.565937e-09	1.436128e-09	2.876188e+01	1.701006e+02
4.980000e-06	3.560408e-09	1.376645e-09	2.871729e+01	1.698086e+02
4.990000e-06	3.554603e-09	1.398406e-09	2.867047e+01	1.695135e+02
5.000000e-06	3.548491e-09	1.426828e-09	2.862117e+01	1.692172e+02
5.010000e-06	3.542091e-09	1.399592e-09	2.856955e+01	1.689217e+02
5.020000e-06	3.535433e-09	1.392706e-09	2.851585e+01	1.686290e+02
5.030000e-06	3.528526e-09	1.434052e-09	2.846014e+01	1.683408e+02
5.040000e-06	3.521378e-09	1.416283e-09	2.840249e+01	1.680581e+02
5.050000e-06	3.514025e-09	1.359883e-09	2.834318e+01	1.677816e+02
5.060000e-06	3.506501e-09	1.388929e-09	2.828250e+01	1.675108e+02
5.070000e-06	3.498828e-09	1.422862e-09	2.822060e+01	1.672441e+02
5.080000e-06	3.491027e-09	1.398623e-09	2.815768e+01	1.669790e+02
5.090000e-06	3.483127e-09	1.381561e-09	2.809396e+01	1.667119e+02
5.100000e-06	3.475129e-09	1.404684e-09	2.802945e+01	1.664386e+02
5.110000e-06	3.467038e-09	1.397777e-09	2.796419e+01	1.661543e+02
5.120000e-06	3.458874e-09	1.371513e-09	2.789835e+01	1.658540e+02
5.130000e-06	3.450601e-09	1.377895e-09	2.783162e+01	1.655334e+02
5.140000e-06	3.442207e-09	1.381514e-09	2.776391e+01	1.651886e+02
5.150000e-06	3.433694e-09	1.387712e-09	2.769525e+01	1.648172e+02
5.160000e-06	3.425035e-09	1.406142e-09	2.762541e+01	1.644182e+02
5.170000e-06	3.416211e-09	1.409273e-09	2.755424e+01	1.639922e+02
5.180000e-06	3.407235e-09	1.379212e-09	2.748184e+01	1.635414e+02
5.190000e-06	3.398098e-09	1.362826e-09	2.740815e+01	1.630695e+02
5.200000e-06	3.388778e-09	1.367428e-09	2.733297e+01	1.625809e+02
5.210000e-06	3.379296e-09	1.357437e-09	2.725649e+01	1.620807e+02
5.220000e-06	3.369668e-09	1.353237e-09	2.717883e+01	1.615739e+02
5.230000e-06	3.359909e-09	1.362846e-09	2.710012e+01	1.610646e+02
5.240000e-06	3.350018e-09	1.380607e-09	2.702035e+01	1.605561e+02
5.250000e-06	3.339997e-09	1.385804e-09	2.693952e+01	1.600497e+02
5.260000e-06	3.329854e-09	1.375532e-09	2.685771e+01	1.595454e+02
5.270000e-06	3.319579e-09	1.358807e-09	2.677483e+01	1.590411e+02
5.280000e-06	3.309181e-09	1.348582e-09	2.669096e+01	1.585336e+02
5.290000e-06	3.298654e-09	1.350785e-09	2.660605e+01	1.580188e+02
5.300000e-06	3.287969e-09	1.348201e-09	2.651987e+01	1.574921e+02
5.310000e-06	3.277122e-09	1.348450e-09	2.643239e+01	1.569495e+02
5.320000e-06	3.266117e-09	1.344571e-09	2.634362e+01	1.563877e+02
5.330000e-06	3.254926e-09	1.340443e-09	2.625335e+01	1.558054e+02
5.340000e-06	3.243543e-09	1.338991e-09	2.616155e+01	1.552029e+02
5.350000e-06	3.232010e-09	1.329989e-09	2.606852e+01	1.545826e+02
5.360000e-06	3.220320e-09	1.317834e-09	2.597424e+01	1.539491e+02
5.370000e-06	3.208494e-09	1.313945e-09	2.587885e+01	1.533083e+02
5.380000e-06	3.196507e-09	1.320181e-09	2.578216e+01	1.526672e+02
5.390000e-06	3.184385e-09	1.315276e-09	2.568439e+01	1.520331e+02
5.400000e-06	3.172145e-09	1.303919e-09	2.558567e+01	1.514128e+02
5.410000e-06	3.159759e-09	1.292656e-09	2.548576e+01	1.508119e+02
5.420000e-06	3.147236e-09	1.283550e-09	2.538476e+01	1.502341e+02
5.430000e-06	3.134556e-09	1.280910e-09	2.528249e+01	1.496811e+02
5.440000e-06	3.121681e-09	1.277104e-09	2.517864e+01	1.491519e+02
5.450000e-06	3.108595e-09	1.272737e-09	2.507309e+01	1.486435e+02
5.460000e-06	3.095307e-09	1.269421e-09	2.496591e+01	1.481508e+02
5.470000e-06	3.081782e-09	1.268345e-09	2.485682e+01	1.476673e+02
5.480000e-06	3.068015e-09	1.260615e-09	2.474579e+01	1.471861e+02
5.490000e-06	3.054000e-09	1.246128e-09	2.463275e+01	1.466999e+02
5.500000e-06	3.039711e-09	1.233321e-09	2.451750e+01	1.462025e+02
5.510000e-06	3.025166e-09	1.227651e-09	2.440018e+01	1.456887e+02
5.520000e-06	3.010393e-09	1.229178e-09	2.428103e+01	1.451555e+02
5.530000e-06	2.995414e-09	1.227194e-09	2.416021e+01	1.446013e+02
5.540000e-06	2.980212e-09	1.221579e-09	2.403759e+01	1.440269e+02
5.550000e-06	2.964798e-09	1.213563e-09	2.391327e+01	1.434346e+02
5.560000e-06	2.949213e-09	1.206872e-09	2.378756e+01	1.428281e+02
5.570000e-06	2.933510e-09	1.198066e-09	2.366091e+01	1.422119e+02
5.580000e-06	2.917721e-09	1.184280e-09	2.353356e+01	1.415910e+02
5.590000e-06	2.901829e-09	1.173478e-09	2.340538e+01	1.409701e+02
5.600000e-06	2.885863e-09	1.168906e-09	2.327660e+01	1.403534e+02
5.610000e-06	2.869839e-09	1.168178e-09	2.314735e+01	1.397441e+02
5.620000e-06	2.853750e-09	1.161010e-09	2.301759e+01	1.391439e+02
5.630000e-06	2.837592e-09	1.152562e-09	2.288726e+01	1.385538e+02
5.640000e-06	2.821360e-09	1.148247e-09	2.275634e+01	1.379730e+02
5.650000e-06	2.805040e-09	1.146153e-09	2.262470e+01	1.373999e+02
5.660000e-06	2.788642e-09	1.143756e-09	2.249244e+01	1.368317e+02
5.670000e-06	2.772153e-09	1.136961e-09	2.235944e+01	1.362652e+02
5.680000e-06	2.755557e-09	1.130282e-09	2.222559e+01	1.356962e+02
5.690000e-06	2.738825e-09	1.123269e-09	2.209063e+01	1.351208e+02
5.700000e-06	2.721942e-09	1.116854e-09	2.195446e+01	1.345346e+02
5.710000e-06	2.704915e-09	1.112103e-09	2.181712e+01	1.339337e+02
5.720000e-06	2.687752e-09	1.109940e-09	2.167869e+01	1.333144e+02
5.730000e-06	2.670449e-09	1.110627e-09	2.153913e+01	1.326735e+02
5.740000e-06	2.652978e-09	1.111272e-09	2.139821e+01	1.320086e+02
5.750000e-06	2.635372e-09	1.110302e-09	2.125621e+01	1.313180e+02
5.760000e-06	2.617656e-09	1.105522e-09	2.111332e+01	1.306012e+02
5.770000e-06	2.599824e-09	1.097576e-09	2.096949e+01	1.298585e+02
5.780000e-06	2.581908e-09	1.088798e-09	2.082498e+01	1.290916e+02
5.790000e-06	2.563922e-09	1.081242e-09	2.067991e+01	1.283029e+02
5.800000e-06	2.545846e-09	1.076443e-09	2.053412e+01	1.274959e+02
5.810000e-06	2.527700e-09	1.075296e-09	2.038775e+01	1.266748e+02
5.820000e-06	2.509468e-09	1.075107e-09	2.024070e+01	1.258441e+02
5.830000e-06	2.491151e-09	1.073542e-09	2.009296e+01	1.250083e+02
5.840000e-06	2.472745e-09	1.068347e-09	1.994450e+01	1.241714e+02
5.850000e-06	2.454224e-09	1.059950e-09	1.979512e+01	1.233368e+02
5.860000e-06	2.435567e-09	1.052863e-09	1.964463e+01	1.225067e+02
5.870000e-06	2.416781e-09	1.047959e-09	1.949311e+01	1.216820e+02
5.880000e-06	2.397901e-09	1.043866e-09	1.934083e+01	1.208620e+02
5.890000e-06	2.378913e-09	1.036594e-09	1.918768e+01	1.200449e+02
5.900000e-06	2.359799e-09	1.028389e-09	1.903351e+01	1.192276e+02
5.910000e-06	2.340543e-09	1.022977e-09	1.887820e+01	1.184064e+02
5.920000e-06	2.321163e-09	1.017318e-09	1.872188e+01	1.175773e+02
5.930000e-06	2.301675e-09	1.011363e-09	1.856470e+01	1.167367e+02
5.940000e-06	2.282078e-09	1.005926e-09	1.840663e+01	1.158815e+02
5.950000e-06	2.262399e-09	1.002593e-09	1.824791e+01	1.150099e+02
5.960000e-06	2.242630e-09	9.986314e-10	1.808846e+01	1.141216e+02
5.970000e-06	2.222791e-09	9.900239e-10	1.792844e+01	1.132176e+02
5.980000e-06	2.202897e-09	9.798022e-10	1.776798e+01	1.123004e+02
5.990000e-06	2.182948e-09	9.680116e-10	1.760708e+01	1.113735e+02
6.000000e-06	2.162958e-09	9.577660e-10	1.744585e+01	1.104411e+02
6.010000e-06	2.142921e-09	9.491398e-10	1.728423e+01	1.095074e+02
6.020000e-06	2.122844e-09	9.427268e-10	1.712230e+01	1.085764e+02
6.030000e-06	2.102743e-09	9.401691e-10	1.696016e+01	1.076509e+02
6.040000e-06	2.082603e-09	9.366465e-10	1.679772e+01	1.067328e+02
6.050000e-06	2.062415e-09	9.341412e-10	1.663489e+01	1.058223e+02
6.060000e-06	2.042187e-09	9.277717e-10	1.647174e+01	1.049184e+02
6.070000e-06	2.021926e-09	9.167795e-10	1.630832e+01	1.040190e+02
6.080000e-06	2.001625e-09	9.025292e-10	1.614457e+01	1.031210e+02
6.090000e-06	1.981259e-09	8.880851e-10	1.598031e+01	1.022213e+02
6.100000e-06	1.960835e-09	8.791013e-10	1.581557e+01	1.013167e+02
6.110000e-06	1.940318e-09	8.724100e-10	1.565009e+01	1.004049e+02
6.120000e-06	1.919681e-09	8.677160e-10	1.548364e+01	9.948457e+01
6.130000e-06	1.898952e-09	8.623468e-10	1.531645e+01	9.855566e+01
6.140000e-06	1.878111e-09	8.566500e-10	1.514834e+01	9.761928e+01
6.150000e-06	1.857138e-09	8.488095e-10	1.497918e+01	9.667762e+01
6.160000e-06	1.836038e-09	8.355121e-10	1.480900e+01	9.573357e+01
6.170000e-06	1.814774e-09	8.227841e-10	1.463749e+01	9.479025e+01
6.180000e-06	1.793351e-09	8.126754e-10	1.446469e+01	9.385059e+01
6.190000e-06	1.771794e-09	8.073428e-10	1.429082e+01	9.291682e+01
6.200000e-06	1.750080e-09	8.043864e-10	1.411568e+01	9.199018e+01
6.210000e-06	1.728187e-09	7.995526e-10	1.393910e+01	9.107073e+01
6.220000e-06	1.706134e-09	7.917020e-10	1.376122e+01	9.015740e+01
6.230000e-06	1.683939e-09	7.802785e-10	1.358220e+01	8.924811e+01
6.240000e-06	1.661588e-09	7.690262e-10	1.340193e+01	8.834021e+01
6.250000e-06	1.639114e-09	7.589741e-10	1.322066e+01	8.743082e+01
6.260000e-06	1.616539e-09	7.528237e-10	1.303858e+01	8.651735e+01
6.270000e-06	1.593821e-09	7.482328e-10	1.285534e+01	8.559788e+01
6.280000e-06	1.570949e-09	7.444397e-10	1.267086e+01	8.467147e+01
6.290000e-06	1.547963e-09	7.386701e-10	1.248546e+01	8.373823e+01
6.300000e-06	1.524879e-09	7.277993e-10	1.229928e+01	8.279932e+01
6.310000e-06	1.501719e-09	7.155844e-10	1.211247e+01	8.185669e+01
6.320000e-06	1.478445e-09	7.032471e-10	1.192475e+01	8.091265e+01
6.330000e-06	1.455049e-09	6.967109e-10	1.173604e+01	7.996947e+01
6.340000e-06	1.431593e-09	6.936250e-10	1.154685e+01	7.902889e+01
6.350000e-06	1.408068e-09	6.940667e-10	1.135711e+01	7.809169e+01
6.360000e-06	1.384454e-09	6.933635e-10	1.116664e+01	7.715750e+01
6.370000e-06	1.360770e-09	6.857431e-10	1.097562e+01	7.622463e+01
6.380000e-06	1.337036e-09	6.737663e-10	1.078418e+01	7.529031e+01
6.390000e-06	1.313270e-09	6.598789e-10	1.059249e+01	7.435091e+01
6.400000e-06	1.289468e-09	6.490764e-10	1.040052e+01	7.340245e+01
6.410000e-06	1.265620e-09	6.401648e-10	1.020816e+01	7.244113e+01
6.420000e-06	1.241726e-09	6.370538e-10	1.001544e+01	7.146388e+01
6.430000e-06	1.217797e-09	6.358889e-10	9.822433e+00	7.046876e+01
6.440000e-06	1.193839e-09	6.336919e-10	9.629191e+00	6.945529e+01
6.450000e-06	1.169844e-09	6.300566e-10	9.435658e+00	6.842452e+01
6.460000e-06	1.145834e-09	6.219251e-10	9.242001e+00	6.737886e+01
6.470000e-06	1.121806e-09	6.121404e-10	9.048195e+00	6.632176e+01
6.480000e-06	1.097754e-09	6.016306e-10	8.854195e+00	6.525719e+01
6.490000e-06	1.073691e-09	5.934698e-10	8.660116e+00	6.418901e+01
6.500000e-06	1.049612e-09	5.857398e-10	8.465896e+00	6.312044e+01
6.510000e-06	1.025511e-09	5.771519e-10	8.271503e+00	6.205350e+01
6.520000e-06	1.001388e-09	5.692512e-10	8.076937e+00	6.098873e+01
6.530000e-06	9.772538e-10	5.627985e-10	7.882276e+00	5.992507e+01
6.540000e-06	9.531157e-10	5.568637e-10	7.687584e+00	5.886002e+01
6.550000e-06	9.289515e-10	5.492552e-10	7.492682e+00	5.778998e+01
6.560000e-06	9.047578e-10	5.437218e-10	7.297542e+00	5.671085e+01
6.570000e-06	8.805431e-10	5.381541e-10	7.102232e+00	5.561862e+01
6.580000e-06	8.563088e-10	5.307732e-10	6.906765e+00	5.451004e+01
6.590000e-06	8.320710e-10	5.204543e-10	6.711270e+00	5.338319e+01
6.600000e-06	8.078097e-10	5.072341e-10	6.515584e+00	5.223781e+01
6.610000e-06	7.835099e-10	4.940987e-10	6.319590e+00	5.107546e+01
6.620000e-06	7.591892e-10	4.809928e-10	6.123425e+00	4.989939e+01
6.630000e-06	7.348382e-10	4.699365e-10	5.927016e+00	4.871416e+01
6.640000e-06	7.104646e-10	4.606083e-10	5.730426e+00	4.752504e+01
6.650000e-06	6.860838e-10	4.543855e-10	5.533776e+00	4.633739e+01
6.660000e-06	6.616773e-10	4.477587e-10	5.336920e+00	4.515587e+01
6.670000e-06	6.372411e-10	4.385363e-10	5.139824e+00	4.398390e+01
6.680000e-06	6.127839e-10	4.270711e-10	4.942560e+00	4.282318e+01
6.690000e-06	5.882922e-10	4.121869e-10	4.745016e+00	4.167348e+01
6.700000e-06	5.637983e-10	3.982574e-10	4.547455e+00	4.053277e+01
6.710000e-06	5.392908e-10	3.855268e-10	4.349784e+00	3.939747e+01
6.720000e-06	5.147646e-10	3.759931e-10	4.151962e+00	3.826310e+01
6.730000e-06	4.902210e-10	3.682698e-10	3.954000e+00	3.712489e+01
6.740000e-06	4.656496e-10	3.599933e-10	3.755814e+00	3.597854e+01
6.750000e-06	4.410690e-10	3.505846e-10	3.557553e+00	3.482088e+01
6.760000e-06	4.164407e-10	3.384155e-10	3.358908e+00	3.365034e+01
6.770000e-06	3.917648e-10	3.259733e-10	3.159880e+00	3.246724e+01
6.780000e-06	3.670850e-10	3.124364e-10	2.960819e+00	3.127376e+01
6.790000e-06	3.424195e-10	2.982745e-10	2.761874e+00	3.007370e+01
6.800000e-06	3.177491e-10	2.831134e-10	2.562889e+00	2.887191e+01
6.810000e-06	2.930803e-10	2.688774e-10	2.363917e+00	2.767371e+01
6.820000e-06	2.683582e-10	2.574814e-10	2.164515e+00	2.648414e+01
6.830000e-06	2.435957e-10	2.474510e-10	1.964787e+00	2.530728e+01
6.840000e-06	2.188527e-10	2.385670e-10	1.765217e+00	2.414575e+01
6.850000e-06	1.940931e-10	2.287334e-10	1.565513e+00	2.300036e+01
6.860000e-06	1.693178e-10	2.175570e-10	1.365682e+00	2.187008e+01
6.870000e-06	1.445246e-10	2.041320e-10	1.165707e+00	2.075220e+01
6.880000e-06	1.197438e-10	1.912256e-10	9.658322e-01	1.964273e+01
6.890000e-06	9.498319e-11	1.803452e-10	7.661194e-01	1.853702e+01
6.900000e-06	7.019859e-11	1.697487e-10	5.662134e-01	1.743035e+01
6.910000e-06	4.542372e-11	1.593851e-10	3.663858e-01	1.631858e+01
6.920000e-06	2.066868e-11	1.494748e-10	1.667183e-01	1.519862e+01
6.930000e-06	-4.076297e-12	1.403574e-10	-3.286802e-02	1.406878e+01
6.940000e-06	-2.882531e-11	1.300468e-10	-2.324870e-01	1.292884e+01
6.950000e-06	-5.358681e-11	1.177833e-10	-4.322068e-01	1.177993e+01
6.960000e-06	-7.834045e-11	1.038345e-10	-6.318631e-01	1.062420e+01
6.970000e-06	-1.030939e-10	9.167251e-11	-8.315181e-01	9.464324e+00
6.980000e-06	-1.278190e-10	8.412532e-11	-1.030944e+00	8.302990e+00
6.990000e-06	-1.525575e-10	7.853906e-11	-1.230478e+00	7.142356e+00
7.000000e-06	-1.773085e-10	7.231614e-11	-1.430113e+00	5.983648e+00
7.010000e-06	-2.020140e-10	6.321230e-11	-1.629381e+00	4.826909e+00
7.020000e-06	-2.267075e-10	5.340756e-11	-1.828552e+00	3.670953e+00
7.030000e-06	-2.514160e-10	4.530485e-11	-2.027844e+00	2.513512e+00
7.040000e-06	-2.761416e-10	3.727758e-11	-2.227274e+00	1.351570e+00
7.050000e-06	-3.008501e-10	2.817216e-11	-2.426566e+00	1.818103e-01
7.060000e-06	-3.255084e-10	1.979049e-11	-2.625454e+00	-9.988922e-01
7.070000e-06	-3.501399e-10	1.415676e-11	-2.824124e+00	-2.193007e+00
7.080000e-06	-3.747691e-10	6.864670e-12	-3.022776e+00	-3.401987e+00
7.090000e-06	-3.993743e-10	-4.621722e-12	-3.221236e+00	-4.626070e+00
7.100000e-06	-4.239599e-10	-1.875701e-11	-3.419536e+00	-5.864259e+00
7.110000e-06	-4.485370e-10	-3.065189e-11	-3.617769e+00	-7.114489e+00
7.120000e-06	-4.730953e-10	-3.635933e-11	-3.815850e+00	-8.373949e+00
7.130000e-06	-4.976260e-10	-3.884424e-11	-4.013708e+00	-9.639493e+00
7.140000e-06	-5.221250e-10	-4.325325e-11	-4.211309e+00	-1.090809e+01
7.150000e-06	-5.466196e-10	-5.251307e-11	-4.408876e+00	-1.217723e+01
7.160000e-06	-5.710966e-10	-6.367815e-11	-4.606301e+00	-1.344521e+01
7.170000e-06	-5.955317e-10	-7.486126e-11	-4.803388e+00	-1.471130e+01
7.180000e-06	-6.199537e-10	-8.707938e-11	-5.000369e+00	-1.597568e+01
7.190000e-06	-6.443585e-10	-9.955972e-11	-5.197212e+00	-1.723931e+01
7.200000e-06	-6.687176e-10	-1.101263e-10	-5.393686e+00	-1.850356e+01
7.210000e-06	-6.930474e-10	-1.193405e-10	-5.589924e+00	-1.976988e+01
7.220000e-06	-7.173659e-10	-1.295508e-10	-5.786070e+00	-2.103941e+01
7.230000e-06	-7.416664e-10	-1.404054e-10	-5.982072e+00	-2.231263e+01
7.240000e-06	-7.659497e-10	-1.528935e-10	-6.177934e+00	-2.358925e+01
7.250000e-06	-7.902123e-10	-1.662643e-10	-6.373630e+00	-2.486810e+01
7.260000e-06	-8.144495e-10	-1.779817e-10	-6.569121e+00	-2.614731e+01
7.270000e-06	-8.386729e-10	-1.878872e-10	-6.764501e+00	-2.742460e+01
7.280000e-06	-8.628828e-10	-1.988042e-10	-6.959772e+00	-2.869763e+01
7.290000e-06	-8.870698e-10	-2.119724e-10	-7.154857e+00	-2.996446e+01
7.300000e-06	-9.112363e-10	-2.247630e-10	-7.349778e+00	-3.122389e+01
7.310000e-06	-9.353947e-10	-2.366655e-10	-7.544633e+00	-3.247579e+01
7.320000e-06	-9.595345e-10	-2.493266e-10	-7.739339e+00	-3.372119e+01
7.330000e-06	-9.836503e-10	-2.641113e-10	-7.933850e+00	-3.496225e+01
7.340000e-06	-1.007755e-09	-2.762142e-10	-8.128272e+00	-3.620200e+01
7.350000e-06	-1.031835e-09	-2.834543e-10	-8.322495e+00	-3.744392e+01
7.360000e-06	-1.055888e-09	-2.893231e-10	-8.516497e+00	-3.869148e+01
7.370000e-06	-1.079930e-09	-2.977008e-10	-8.710417e+00	-3.994760e+01
7.380000e-06	-1.103949e-09	-3.113976e-10	-8.904151e+00	-4.121417e+01
7.390000e-06	-1.127936e-09	-3.271623e-10	-9.097625e+00	-4.249176e+01
7.400000e-06	-1.151911e-09	-3.430353e-10	-9.290994e+00	-4.377942e+01
7.410000e-06	-1.175883e-09	-3.584428e-10	-9.484346e+00	-4.507479e+01
7.420000e-06	-1.199828e-09	-3.740030e-10	-9.677481e+00	-4.637440e+01
7.430000e-06	-1.223721e-09	-3.888617e-10	-9.870198e+00	-4.767409e+01
7.440000e-06	-1.247579e-09	-3.997390e-10	-1.006263e+01	-4.896964e+01
7.450000e-06	-1.271405e-09	-4.081747e-10	-1.025480e+01	-5.025739e+01
7.460000e-06	-1.295190e-09	-4.178268e-10	-1.044665e+01	-5.153476e+01
7.470000e-06	-1.318925e-09	-4.312567e-10	-1.063809e+01	-5.280065e+01
7.480000e-06	-1.342599e-09	-4.461010e-10	-1.082903e+01	-5.405569e+01
7.490000e-06	-1.366200e-09	-4.599333e-10	-1.101939e+01	-5.530213e+01
7.500000e-06	-1.389737e-09	-4.740490e-10	-1.120924e+01	-5.654357e+01
7.510000e-06	-1.413233e-09	-4.879674e-10	-1.139875e+01	-5.778440e+01
7.520000e-06	-1.436644e-09	-5.006307e-10	-1.158758e+01	-5.902918e+01
7.530000e-06	-1.459943e-09	-5.104750e-10	-1.177550e+01	-6.028188e+01
7.540000e-06	-1.483165e-09	-5.194621e-10	-1.196280e+01	-6.154521e+01
7.550000e-06	-1.506308e-09	-5.310859e-10	-1.214947e+01	-6.282010e+01
7.560000e-06	-1.529342e-09	-5.441832e-10	-1.233525e+01	-6.410539e+01
7.570000e-06	-1.552258e-09	-5.568311e-10	-1.252009e+01	-6.539777e+01
7.580000e-06	-1.575061e-09	-5.684339e-10	-1.270402e+01	-6.669205e+01
7.590000e-06	-1.597748e-09	-5.808735e-10	-1.288700e+01	-6.798166e+01
7.600000e-06	-1.620299e-09	-5.959698e-10	-1.306889e+01	-6.925936e+01
7.610000e-06	-1.642728e-09	-6.102221e-10	-1.324979e+01	-7.051808e+01
7.620000e-06	-1.665017e-09	-6.204369e-10	-1.342957e+01	-7.175170e+01
7.630000e-06	-1.687160e-09	-6.285857e-10	-1.360817e+01	-7.295583e+01
7.640000e-06	-1.709166e-09	-6.377117e-10	-1.378566e+01	-7.412828e+01
7.650000e-06	-1.731044e-09	-6.475559e-10	-1.396213e+01	-7.526938e+01
7.660000e-06	-1.752748e-09	-6.558329e-10	-1.413719e+01	-7.638191e+01
7.670000e-06	-1.774258e-09	-6.620702e-10	-1.431068e+01	-7.747080e+01
7.680000e-06	-1.795635e-09	-6.693092e-10	-1.448310e+01	-7.854255e+01
7.690000e-06	-1.816890e-09	-6.814858e-10	-1.465454e+01	-7.960449e+01
7.700000e-06	-1.838025e-09	-6.960067e-10	-1.482501e+01	-8.066398e+01
7.710000e-06	-1.859006e-09	-7.070614e-10	-1.499423e+01	-8.172761e+01
7.720000e-06	-1.879841e-09	-7.142623e-10	-1.516228e+01	-8.280048e+01
7.730000e-06	-1.900583e-09	-7.210363e-10	-1.532958e+01	-8.388580e+01
7.740000e-06	-1.921227e-09	-7.288745e-10	-1.549609e+01	-8.498459e+01
7.750000e-06	-1.941741e-09	-7.352116e-10	-1.566155e+01	-8.609579e+01
7.760000e-06	-1.962156e-09	-7.403166e-10	-1.582621e+01	-8.721651e+01
7.770000e-06	-1.982522e-09	-7.469312e-10	-1.599048e+01	-8.834252e+01
7.780000e-06	-2.002840e-09	-7.568063e-10	-1.615436e+01	-8.946893e+01
7.790000e-06	-2.023111e-09	-7.668367e-10	-1.631786e+01	-9.059078e+01
7.800000e-06	-2.043319e-09	-7.732950e-10	-1.648085e+01	-9.170374e+01
7.810000e-06	-2.063492e-09	-7.789151e-10	-1.664356e+01	-9.280459e+01
7.820000e-06	-2.083640e-09	-7.868830e-10	-1.680607e+01	-9.389158e+01
7.830000e-06	-2.103752e-09	-7.974441e-10	-1.696829e+01	-9.496458e+01
7.840000e-06	-2.123832e-09	-8.066725e-10	-1.713025e+01	-9.602498e+01
7.850000e-06	-2.143871e-09	-8.145169e-10	-1.729188e+01	-9.707550e+01
7.860000e-06	-2.163851e-09	-8.231307e-10	-1.745303e+01	-9.811974e+01
7.870000e-06	-2.183784e-09	-8.317247e-10	-1.761381e+01	-9.916173e+01
7.880000e-06	-2.203666e-09	-8.387853e-10	-1.777417e+01	-1.002055e+02
7.890000e-06	-2.223480e-09	-8.448512e-10	-1.793398e+01	-1.012544e+02
7.900000e-06	-2.243231e-09	-8.541567e-10	-1.809329e+01	-1.023110e+02
7.910000e-06	-2.262901e-09	-8.663096e-10	-1.825194e+01	-1.033767e+02
7.920000e-06	-2.282473e-09	-8.785023e-10	-1.840980e+01	-1.044516e+02
7.930000e-06	-2.301952e-09	-8.889899e-10	-1.856692e+01	-1.055346e+02
7.940000e-06	-2.321316e-09	-8.973365e-10	-1.872310e+01	-1.066233e+02
7.950000e-06	-2.340536e-09	-9.053111e-10	-1.887813e+01	-1.077147e+02
7.960000e-06	-2.359637e-09	-9.128591e-10	-1.903219e+01	-1.088049e+02
7.970000e-06	-2.378609e-09	-9.216616e-10	-1.918521e+01	-1.098899e+02
7.980000e-06	-2.397443e-09	-9.332176e-10	-1.933712e+01	-1.109654e+02
7.990000e-06	-2.416168e-09	-9.469216e-10	-1.948815e+01	-1.120276e+02
8.000000e-06	-2.434793e-09	-9.607593e-10	-1.963838e+01	-1.130731e+02
8.010000e-06	-2.453294e-09	-9.731763e-10	-1.978760e+01	-1.140990e+02
8.020000e-06	-2.471697e-09	-9.841252e-10	-1.993603e+01	-1.151033e+02
8.030000e-06	-2.490029e-09	-9.931660e-10	-2.008389e+01	-1.160849e+02
8.040000e-06	-2.508266e-09	-1.001439e-09	-2.023099e+01	-1.170433e+02
8.050000e-06	-2.526396e-09	-1.009472e-09	-2.037722e+01	-1.179791e+02
8.060000e-06	-2.544431e-09	-1.017871e-09	-2.052269e+01	-1.188936e+02
8.070000e-06	-2.562384e-09	-1.026536e-09	-2.066750e+01	-1.197889e+02
8.080000e-06	-2.580236e-09	-1.033856e-09	-2.081148e+01	-1.206678e+02
8.090000e-06	-2.597995e-09	-1.042940e-09	-2.095472e+01	-1.215336e+02
8.100000e-06	-2.615669e-09	-1.053817e-09	-2.109727e+01	-1.223897e+02
8.110000e-06	-2.633241e-09	-1.064346e-09	-2.123900e+01	-1.232398e+02
8.120000e-06	-2.650690e-09	-1.074580e-09	-2.137975e+01	-1.240875e+02
8.130000e-06	-2.667989e-09	-1.084719e-09	-2.151928e+01	-1.249358e+02
8.140000e-06	-2.685123e-09	-1.095491e-09	-2.165747e+01	-1.257871e+02
8.150000e-06	-2.702136e-09	-1.105938e-09	-2.179470e+01	-1.266429e+02
8.160000e-06	-2.719009e-09	-1.114286e-09	-2.193079e+01	-1.275039e+02
8.170000e-06	-2.735724e-09	-1.120749e-09	-2.206560e+01	-1.283696e+02
8.180000e-06	-2.752322e-09	-1.128611e-09	-2.219948e+01	-1.292385e+02
8.190000e-06	-2.768809e-09	-1.137872e-09	-2.233246e+01	-1.301082e+02
8.200000e-06	-2.785181e-09	-1.148450e-09	-2.246451e+01	-1.309760e+02
8.210000e-06	-2.801475e-09	-1.157980e-09	-2.259594e+01	-1.318385e+02
8.220000e-06	-2.817709e-09	-1.166477e-09	-2.272687e+01	-1.326927e+02
8.230000e-06	-2.833880e-09	-1.176141e-09	-2.285731e+01	-1.335357e+02
8.240000e-06	-2.850003e-09	-1.184376e-09	-2.298735e+01	-1.343655e+02
8.250000e-06	-2.866060e-09	-1.192612e-09	-2.311686e+01	-1.351807e+02
8.260000e-06	-2.882040e-09	-1.199876e-09	-2.324575e+01	-1.359814e+02
8.270000e-06	-2.897924e-09	-1.205871e-09	-2.337387e+01	-1.367684e+02
8.280000e-06	-2.913700e-09	-1.211922e-09	-2.350112e+01	-1.375436e+02
8.290000e-06	-2.929393e-09	-1.216348e-09	-2.362769e+01	-1.383096e+02
8.300000e-06	-2.944966e-09	-1.220604e-09	-2.375330e+01	-1.390694e+02
8.310000e-06	-2.960355e-09	-1.225398e-09	-2.387742e+01	-1.398263e+02
8.320000e-06	-2.975557e-09	-1.231765e-09	-2.400004e+01	-1.405833e+02
8.330000e-06	-2.990549e-09	-1.239087e-09	-2.412096e+01	-1.413430e+02
8.340000e-06	-3.005290e-09	-1.245367e-09	-2.423986e+01	-1.421073e+02
8.350000e-06	-3.019771e-09	-1.249833e-09	-2.435666e+01	-1.428773e+02
8.360000e-06	-3.033990e-09	-1.252336e-09	-2.447134e+01	-1.436531e+02
8.370000e-06	-3.047968e-09	-1.255551e-09	-2.458408e+01	-1.444344e+02
8.380000e-06	-3.061689e-09	-1.263066e-09	-2.469476e+01	-1.452200e+02
8.390000e-06	-3.075155e-09	-1.275354e-09	-2.480336e+01	-1.460082e+02
8.400000e-06	-3.088430e-09	-1.287773e-09	-2.491044e+01	-1.467972e+02
8.410000e-06	-3.101492e-09	-1.295697e-09	-2.501579e+01	-1.475851e+02
8.420000e-06	-3.114354e-09	-1.297992e-09	-2.511954e+01	-1.483702e+02
8.430000e-06	-3.127053e-09	-1.299267e-09	-2.522196e+01	-1.491508e+02
8.440000e-06	-3.139592e-09	-1.302534e-09	-2.532310e+01	-1.499256e+02
8.450000e-06	-3.151998e-09	-1.306601e-09	-2.542316e+01	-1.506936e+02
8.460000e-06	-3.164273e-09	-1.311258e-09	-2.552217e+01	-1.514539e+02
8.470000e-06	-3.176439e-09	-1.316195e-09	-2.562030e+01	-1.522057e+02
8.480000e-06	-3.188483e-09	-1.322081e-09	-2.571744e+01	-1.529483e+02
8.490000e-06	-3.200401e-09	-1.327089e-09	-2.581356e+01	-1.536812e+02
8.500000e-06	-3.212191e-09	-1.330175e-09	-2.590866e+01	-1.544035e+02
8.510000e-06	-3.223836e-09	-1.334097e-09	-2.600259e+01	-1.551146e+02
8.520000e-06	-3.235328e-09	-1.340653e-09	-2.609528e+01	-1.558137e+02
8.530000e-06	-3.246641e-09	-1.351399e-09	-2.618652e+01	-1.565005e+02
8.540000e-06	-3.257803e-09	-1.361808e-09	-2.627656e+01	-1.571744e+02
8.550000e-06	-3.268791e-09	-1.366901e-09	-2.636518e+01	-1.578354e+02
8.560000e-06	-3.279616e-09	-1.366521e-09	-2.645250e+01	-1.584837e+02
8.570000e-06	-3.290300e-09	-1.365807e-09	-2.653867e+01	-1.591197e+02
8.580000e-06	-3.300813e-09	-1.369319e-09	-2.662347e+01	-1.597440e+02
8.590000e-06	-3.311188e-09	-1.375365e-09	-2.670715e+01	-1.603575e+02
8.600000e-06	-3.321440e-09	-1.383741e-09	-2.678984e+01	-1.609610e+02
8.610000e-06	-3.331571e-09	-1.393169e-09	-2.687155e+01	-1.615552e+02
8.620000e-06	-3.341574e-09	-1.402378e-09	-2.695224e+01	-1.621404e+02
8.630000e-06	-3.351458e-09	-1.409096e-09	-2.703195e+01	-1.627168e+02
8.640000e-06	-3.361214e-09	-1.411671e-09	-2.711064e+01	-1.632839e+02
8.650000e-06	-3.370836e-09	-1.412705e-09	-2.718825e+01	-1.638411e+02
8.660000e-06	-3.380296e-09	-1.416854e-09	-2.726455e+01	-1.643871e+02
8.670000e-06	-3.389564e-09	-1.425933e-09	-2.733931e+01	-1.649207e+02
8.680000e-06	-3.398657e-09	-1.437124e-09	-2.741265e+01	-1.654405e+02
8.690000e-06	-3.407582e-09	-1.447480e-09	-2.748463e+01	-1.659450e+02
8.700000e-06	-3.416349e-09	-1.455227e-09	-2.755535e+01	-1.664331e+02
8.710000e-06	-3.424968e-09	-1.459114e-09	-2.762487e+01	-1.669037e+02
8.720000e-06	-3.433446e-09	-1.460128e-09	-2.769325e+01	-1.673563e+02
8.730000e-06	-3.441796e-09	-1.461317e-09	-2.776060e+01	-1.677905e+02
8.740000e-06	-3.450046e-09	-1.463031e-09	-2.782714e+01	-1.682060e+02
8.750000e-06	-3.458240e-09	-1.466595e-09	-2.789323e+01	-1.686027e+02
8.760000e-06	-3.466366e-09	-1.473389e-09	-2.795877e+01	-1.689805e+02
8.770000e-06	-3.474410e-09	-1.481106e-09	-2.802365e+01	-1.693390e+02
8.780000e-06	-3.482374e-09	-1.488453e-09	-2.808789e+01	-1.696779e+02
8.790000e-06	-3.490247e-09	-1.493240e-09	-2.815139e+01	-1.699964e+02
8.800000e-06	-3.498006e-09	-1.496024e-09	-2.821397e+01	-1.702939e+02
8.810000e-06	-3.505625e-09	-1.500062e-09	-2.827543e+01	-1.705698e+02
8.820000e-06	-3.513066e-09	-1.504278e-09	-2.833544e+01	-1.708236e+02
8.830000e-06	-3.520311e-09	-1.506515e-09	-2.839388e+01	-1.710556e+02
8.840000e-06	-3.527324e-09	-1.507271e-09	-2.845044e+01	-1.712667e+02
8.850000e-06	-3.534096e-09	-1.508889e-09	-2.850506e+01	-1.714589e+02
8.860000e-06	-3.540633e-09	-1.510561e-09	-2.855779e+01	-1.716348e+02
8.870000e-06	-3.546861e-09	-1.511382e-09	-2.860802e+01	-1.717982e+02
8.880000e-06	-3.552827e-09	-1.512891e-09	-2.865614e+01	-1.719536e+02
8.890000e-06	-3.558521e-09	-1.515711e-09	-2.870207e+01	-1.721059e+02
8.900000e-06	-3.563941e-09	-1.520074e-09	-2.874579e+01	-1.722599e+02
8.910000e-06	-3.569127e-09	-1.523836e-09	-2.878761e+01	-1.724203e+02
8.920000e-06	-3.574066e-09	-1.524507e-09	-2.882745e+01	-1.725905e+02
8.930000e-06	-3.578802e-09	-1.524666e-09	-2.886565e+01	-1.727730e+02
8.940000e-06	-3.583379e-09	-1.527223e-09	-2.890257e+01	-1.729688e+02
8.950000e-06	-3.587810e-09	-1.529853e-09	-2.893831e+01	-1.731772e+02
8.960000e-06	-3.592116e-09	-1.531588e-09	-2.897303e+01	-1.733959e+02
8.970000e-06	-3.596320e-09	-1.533823e-09	-2.900695e+01	-1.736215e+02
8.980000e-06	-3.600450e-09	-1.536809e-09	-2.904025e+01	-1.738496e+02
8.990000e-06	-3.604516e-09	-1.539156e-09	-2.907305e+01	-1.740754e+02
9.000000e-06	-3.608497e-09	-1.540763e-09	-2.910517e+01	-1.742946e+02
9.010000e-06	-3.612385e-09	-1.542716e-09	-2.913652e+01	-1.745030e+02
9.020000e-06	-3.616156e-09	-1.543786e-09	-2.916694e+01	-1.746980e+02
9.030000e-06	-3.619780e-09	-1.544188e-09	-2.919617e+01	-1.748780e+02
9.040000e-06	-3.623249e-09	-1.542724e-09	-2.922415e+01	-1.750432e+02
9.050000e-06	-3.626550e-09	-1.541294e-09	-2.925077e+01	-1.751947e+02
9.060000e-06	-3.629663e-09	-1.543132e-09	-2.927589e+01	-1.753349e+02
9.070000e-06	-3.632592e-09	-1.545171e-09	-2.929950e+01	-1.754666e+02
9.080000e-06	-3.635338e-09	-1.545837e-09	-2.932166e+01	-1.755929e+02
9.090000e-06	-3.637935e-09	-1.545123e-09	-2.934261e+01	-1.757160e+02
9.100000e-06	-3.640390e-09	-1.545167e-09	-2.936240e+01	-1.758376e+02
9.110000e-06	-3.642703e-09	-1.545508e-09	-2.938106e+01	-1.759578e+02
9.120000e-06	-3.644917e-09	-1.543251e-09	-2.939892e+01	-1.760755e+02
9.130000e-06	-3.647031e-09	-1.541723e-09	-2.941597e+01	-1.761883e+02
9.140000e-06	-3.649020e-09	-1.542573e-09	-2.943202e+01	-1.762926e+02
9.150000e-06	-3.650839e-09	-1.544056e-09	-2.944669e+01	-1.763841e+02
9.160000e-06	-3.652399e-09	-1.544107e-09	-2.945927e+01	-1.764585e+02
9.170000e-06	-3.653736e-09	-1.542889e-09	-2.947005e+01	-1.765120e+02
9.180000e-06	-3.654950e-09	-1.542255e-09	-2.947984e+01	-1.765416e+02
9.190000e-06	-3.656044e-09	-1.542787e-09	-2.948867e+01	-1.765459e+02
9.200000e-06	-3.656973e-09	-1.545079e-09	-2.949616e+01	-1.765249e+02
9.210000e-06	-3.657732e-09	-1.545852e-09	-2.950228e+01	-1.764807e+02
9.220000e-06	-3.658349e-09	-1.544933e-09	-2.950726e+01	-1.764165e+02
9.230000e-06	-3.658820e-09	-1.545580e-09	-2.951106e+01	-1.763371e+02
9.240000e-06	-3.659169e-09	-1.545410e-09	-2.951388e+01	-1.762477e+02
