# Temperatura_=_20.0
# Concentracion g/m^3_=_10770.0
# C_Vs_to_Am_M_A/Vsm_=_116720831517.84952
# pendiente_HvsI_1/m_=_3716.3
# ordenada_HvsI_A/m_=_1297.0
# frecuencia_Hz_=_108139.56679799488
# Promedio de 29 ciclos

Tiempo_(s)	Campo_(V.s)	Magnetizacion_(V.s)	Campo_(kA/m)	Magnetizacion_(A/m)
0.000000e+00	-4.346664e-09	-2.575804e-09	-3.546737e+01	-2.944010e+02
1.000000e-08	-4.346980e-09	-2.570737e-09	-3.546995e+01	-2.943762e+02
2.000000e-08	-4.347199e-09	-2.574995e-09	-3.547174e+01	-2.943330e+02
3.000000e-08	-4.347307e-09	-2.583639e-09	-3.547262e+01	-2.942772e+02
4.000000e-08	-4.347283e-09	-2.589421e-09	-3.547242e+01	-2.942152e+02
5.000000e-08	-4.347096e-09	-2.582318e-09	-3.547090e+01	-2.941526e+02
6.000000e-08	-4.346713e-09	-2.564763e-09	-3.546777e+01	-2.940938e+02
7.000000e-08	-4.346067e-09	-2.581329e-09	-3.546250e+01	-2.940414e+02
8.000000e-08	-4.345090e-09	-2.640180e-09	-3.545452e+01	-2.939956e+02
9.000000e-08	-4.343741e-09	-2.655606e-09	-3.544352e+01	-2.939545e+02
1.000000e-07	-4.342030e-09	-2.592288e-09	-3.542956e+01	-2.939141e+02
1.100000e-07	-4.340000e-09	-2.537372e-09	-3.541300e+01	-2.938693e+02
1.200000e-07	-4.337666e-09	-2.550913e-09	-3.539395e+01	-2.938141e+02
1.300000e-07	-4.335034e-09	-2.581993e-09	-3.537247e+01	-2.937427e+02
1.400000e-07	-4.332121e-09	-2.554265e-09	-3.534871e+01	-2.936502e+02
1.500000e-07	-4.328946e-09	-2.508586e-09	-3.532280e+01	-2.935332e+02
1.600000e-07	-4.325585e-09	-2.542985e-09	-3.529537e+01	-2.933901e+02
1.700000e-07	-4.322102e-09	-2.629605e-09	-3.526696e+01	-2.932212e+02
1.800000e-07	-4.318502e-09	-2.634242e-09	-3.523758e+01	-2.930284e+02
1.900000e-07	-4.314799e-09	-2.545194e-09	-3.520736e+01	-2.928149e+02
2.000000e-07	-4.310997e-09	-2.506766e-09	-3.517634e+01	-2.925843e+02
2.100000e-07	-4.307087e-09	-2.546300e-09	-3.514443e+01	-2.923405e+02
2.200000e-07	-4.303056e-09	-2.564766e-09	-3.511154e+01	-2.920862e+02
2.300000e-07	-4.298880e-09	-2.528224e-09	-3.507747e+01	-2.918234e+02
2.400000e-07	-4.294546e-09	-2.519057e-09	-3.504210e+01	-2.915524e+02
2.500000e-07	-4.290033e-09	-2.560519e-09	-3.500528e+01	-2.912721e+02
2.600000e-07	-4.285296e-09	-2.563756e-09	-3.496663e+01	-2.909802e+02
2.700000e-07	-4.280319e-09	-2.517508e-09	-3.492602e+01	-2.906737e+02
2.800000e-07	-4.275131e-09	-2.488123e-09	-3.488368e+01	-2.903492e+02
2.900000e-07	-4.269755e-09	-2.510285e-09	-3.483982e+01	-2.900038e+02
3.000000e-07	-4.264191e-09	-2.529700e-09	-3.479442e+01	-2.896356e+02
3.100000e-07	-4.258439e-09	-2.523004e-09	-3.474748e+01	-2.892440e+02
3.200000e-07	-4.252490e-09	-2.512596e-09	-3.469895e+01	-2.888299e+02
3.300000e-07	-4.246321e-09	-2.496888e-09	-3.464861e+01	-2.883956e+02
3.400000e-07	-4.239933e-09	-2.487658e-09	-3.459648e+01	-2.879449e+02
3.500000e-07	-4.233292e-09	-2.491107e-09	-3.454229e+01	-2.874820e+02
3.600000e-07	-4.226419e-09	-2.494156e-09	-3.448621e+01	-2.870114e+02
3.700000e-07	-4.219367e-09	-2.472967e-09	-3.442867e+01	-2.865372e+02
3.800000e-07	-4.212133e-09	-2.471308e-09	-3.436964e+01	-2.860622e+02
3.900000e-07	-4.204738e-09	-2.498358e-09	-3.430930e+01	-2.855880e+02
4.000000e-07	-4.197209e-09	-2.484051e-09	-3.424787e+01	-2.851143e+02
4.100000e-07	-4.189579e-09	-2.433257e-09	-3.418561e+01	-2.846392e+02
4.200000e-07	-4.181866e-09	-2.420215e-09	-3.412267e+01	-2.841594e+02
4.300000e-07	-4.174055e-09	-2.446115e-09	-3.405894e+01	-2.836707e+02
4.400000e-07	-4.166131e-09	-2.445107e-09	-3.399428e+01	-2.831685e+02
4.500000e-07	-4.158077e-09	-2.431993e-09	-3.392857e+01	-2.826483e+02
4.600000e-07	-4.149863e-09	-2.432516e-09	-3.386154e+01	-2.821067e+02
4.700000e-07	-4.141461e-09	-2.429948e-09	-3.379298e+01	-2.815413e+02
4.800000e-07	-4.132815e-09	-2.420390e-09	-3.372243e+01	-2.809516e+02
4.900000e-07	-4.123868e-09	-2.405496e-09	-3.364943e+01	-2.803385e+02
5.000000e-07	-4.114608e-09	-2.383725e-09	-3.357388e+01	-2.797043e+02
5.100000e-07	-4.105000e-09	-2.369694e-09	-3.349547e+01	-2.790528e+02
5.200000e-07	-4.095037e-09	-2.383159e-09	-3.341418e+01	-2.783882e+02
5.300000e-07	-4.084749e-09	-2.389795e-09	-3.333024e+01	-2.777148e+02
5.400000e-07	-4.074147e-09	-2.371760e-09	-3.324373e+01	-2.770366e+02
5.500000e-07	-4.063234e-09	-2.358884e-09	-3.315468e+01	-2.763568e+02
5.600000e-07	-4.052064e-09	-2.358897e-09	-3.306354e+01	-2.756778e+02
5.700000e-07	-4.040699e-09	-2.355478e-09	-3.297081e+01	-2.750004e+02
5.800000e-07	-4.029157e-09	-2.342143e-09	-3.287663e+01	-2.743246e+02
5.900000e-07	-4.017461e-09	-2.332636e-09	-3.278119e+01	-2.736497e+02
6.000000e-07	-4.005612e-09	-2.332456e-09	-3.268450e+01	-2.729744e+02
6.100000e-07	-3.993599e-09	-2.339750e-09	-3.258649e+01	-2.722971e+02
6.200000e-07	-3.981404e-09	-2.336280e-09	-3.248698e+01	-2.716168e+02
6.300000e-07	-3.969042e-09	-2.316908e-09	-3.238610e+01	-2.709330e+02
6.400000e-07	-3.956503e-09	-2.302856e-09	-3.228379e+01	-2.702457e+02
6.500000e-07	-3.943757e-09	-2.297387e-09	-3.217979e+01	-2.695560e+02
6.600000e-07	-3.930806e-09	-2.293471e-09	-3.207411e+01	-2.688655e+02
6.700000e-07	-3.917661e-09	-2.286001e-09	-3.196686e+01	-2.681762e+02
6.800000e-07	-3.904345e-09	-2.279195e-09	-3.185820e+01	-2.674903e+02
6.900000e-07	-3.890861e-09	-2.276288e-09	-3.174817e+01	-2.668095e+02
7.000000e-07	-3.877195e-09	-2.277361e-09	-3.163667e+01	-2.661352e+02
7.100000e-07	-3.863367e-09	-2.273032e-09	-3.152383e+01	-2.654678e+02
7.200000e-07	-3.849375e-09	-2.257894e-09	-3.140966e+01	-2.648068e+02
7.300000e-07	-3.835155e-09	-2.247922e-09	-3.129363e+01	-2.641507e+02
7.400000e-07	-3.820673e-09	-2.246551e-09	-3.117546e+01	-2.634969e+02
7.500000e-07	-3.805934e-09	-2.243086e-09	-3.105520e+01	-2.628425e+02
7.600000e-07	-3.790929e-09	-2.233732e-09	-3.093276e+01	-2.621836e+02
7.700000e-07	-3.775650e-09	-2.227000e-09	-3.080809e+01	-2.615167e+02
7.800000e-07	-3.760096e-09	-2.225072e-09	-3.068118e+01	-2.608380e+02
7.900000e-07	-3.744309e-09	-2.223263e-09	-3.055236e+01	-2.601443e+02
8.000000e-07	-3.728308e-09	-2.214502e-09	-3.042180e+01	-2.594330e+02
8.100000e-07	-3.712112e-09	-2.196182e-09	-3.028965e+01	-2.587020e+02
8.200000e-07	-3.695758e-09	-2.180940e-09	-3.015620e+01	-2.579500e+02
8.300000e-07	-3.679226e-09	-2.175464e-09	-3.002130e+01	-2.571762e+02
8.400000e-07	-3.662532e-09	-2.174475e-09	-2.988509e+01	-2.563806e+02
8.500000e-07	-3.645709e-09	-2.168626e-09	-2.974782e+01	-2.555633e+02
8.600000e-07	-3.628783e-09	-2.159990e-09	-2.960971e+01	-2.547249e+02
8.700000e-07	-3.611749e-09	-2.155470e-09	-2.947071e+01	-2.538664e+02
8.800000e-07	-3.594572e-09	-2.151279e-09	-2.933056e+01	-2.529888e+02
8.900000e-07	-3.577261e-09	-2.141314e-09	-2.918931e+01	-2.520936e+02
9.000000e-07	-3.559831e-09	-2.126184e-09	-2.904709e+01	-2.511823e+02
9.100000e-07	-3.542258e-09	-2.115424e-09	-2.890369e+01	-2.502567e+02
9.200000e-07	-3.524508e-09	-2.110120e-09	-2.875886e+01	-2.493186e+02
9.300000e-07	-3.506590e-09	-2.103685e-09	-2.861266e+01	-2.483701e+02
9.400000e-07	-3.488499e-09	-2.091529e-09	-2.846503e+01	-2.474131e+02
9.500000e-07	-3.470210e-09	-2.076703e-09	-2.831581e+01	-2.464493e+02
9.600000e-07	-3.451712e-09	-2.066706e-09	-2.816486e+01	-2.454803e+02
9.700000e-07	-3.433020e-09	-2.060029e-09	-2.801235e+01	-2.445067e+02
9.800000e-07	-3.414134e-09	-2.051114e-09	-2.785824e+01	-2.435290e+02
9.900000e-07	-3.395058e-09	-2.038288e-09	-2.770259e+01	-2.425467e+02
1.000000e-06	-3.375826e-09	-2.028185e-09	-2.754566e+01	-2.415586e+02
1.010000e-06	-3.356459e-09	-2.022337e-09	-2.738763e+01	-2.405632e+02
1.020000e-06	-3.336989e-09	-2.015317e-09	-2.722877e+01	-2.395586e+02
1.030000e-06	-3.317439e-09	-2.004286e-09	-2.706925e+01	-2.385429e+02
1.040000e-06	-3.297805e-09	-1.991266e-09	-2.690904e+01	-2.375146e+02
1.050000e-06	-3.278105e-09	-1.981302e-09	-2.674829e+01	-2.364728e+02
1.060000e-06	-3.258359e-09	-1.972965e-09	-2.658717e+01	-2.354177e+02
1.070000e-06	-3.238551e-09	-1.963311e-09	-2.642555e+01	-2.343502e+02
1.080000e-06	-3.218666e-09	-1.952621e-09	-2.626329e+01	-2.332725e+02
1.090000e-06	-3.198702e-09	-1.944909e-09	-2.610039e+01	-2.321876e+02
1.100000e-06	-3.178644e-09	-1.938908e-09	-2.593672e+01	-2.310989e+02
1.110000e-06	-3.158458e-09	-1.928634e-09	-2.577201e+01	-2.300100e+02
1.120000e-06	-3.138122e-09	-1.913017e-09	-2.560608e+01	-2.289241e+02
1.130000e-06	-3.117621e-09	-1.894953e-09	-2.543880e+01	-2.278435e+02
1.140000e-06	-3.096953e-09	-1.882121e-09	-2.527015e+01	-2.267691e+02
1.150000e-06	-3.076119e-09	-1.874920e-09	-2.510015e+01	-2.257003e+02
1.160000e-06	-3.055128e-09	-1.867955e-09	-2.492887e+01	-2.246350e+02
1.170000e-06	-3.033985e-09	-1.859459e-09	-2.475635e+01	-2.235694e+02
1.180000e-06	-3.012704e-09	-1.851913e-09	-2.458271e+01	-2.224987e+02
1.190000e-06	-2.991295e-09	-1.846407e-09	-2.440802e+01	-2.214175e+02
1.200000e-06	-2.969744e-09	-1.836837e-09	-2.423217e+01	-2.203205e+02
1.210000e-06	-2.948062e-09	-1.821614e-09	-2.405525e+01	-2.192031e+02
1.220000e-06	-2.926281e-09	-1.805032e-09	-2.387753e+01	-2.180623e+02
1.230000e-06	-2.904404e-09	-1.794017e-09	-2.369902e+01	-2.168968e+02
1.240000e-06	-2.882403e-09	-1.789041e-09	-2.351949e+01	-2.157074e+02
1.250000e-06	-2.860292e-09	-1.782649e-09	-2.333908e+01	-2.144972e+02
1.260000e-06	-2.838073e-09	-1.773184e-09	-2.315778e+01	-2.132710e+02
1.270000e-06	-2.815729e-09	-1.763641e-09	-2.297546e+01	-2.120350e+02
1.280000e-06	-2.793241e-09	-1.754947e-09	-2.279196e+01	-2.107962e+02
1.290000e-06	-2.770601e-09	-1.743367e-09	-2.260723e+01	-2.095610e+02
1.300000e-06	-2.747821e-09	-1.728611e-09	-2.242135e+01	-2.083353e+02
1.310000e-06	-2.724900e-09	-1.714498e-09	-2.223433e+01	-2.071232e+02
1.320000e-06	-2.701835e-09	-1.704228e-09	-2.204612e+01	-2.059267e+02
1.330000e-06	-2.678648e-09	-1.698035e-09	-2.185692e+01	-2.047453e+02
1.340000e-06	-2.655352e-09	-1.690595e-09	-2.166683e+01	-2.035765e+02
1.350000e-06	-2.631956e-09	-1.679915e-09	-2.147593e+01	-2.024157e+02
1.360000e-06	-2.608489e-09	-1.668676e-09	-2.128445e+01	-2.012572e+02
1.370000e-06	-2.584921e-09	-1.658984e-09	-2.109215e+01	-2.000943e+02
1.380000e-06	-2.561254e-09	-1.648534e-09	-2.089902e+01	-1.989211e+02
1.390000e-06	-2.537519e-09	-1.636173e-09	-2.070536e+01	-1.977321e+02
1.400000e-06	-2.513730e-09	-1.624604e-09	-2.051125e+01	-1.965238e+02
1.410000e-06	-2.489872e-09	-1.613939e-09	-2.031657e+01	-1.952944e+02
1.420000e-06	-2.465933e-09	-1.604120e-09	-2.012124e+01	-1.940444e+02
1.430000e-06	-2.441917e-09	-1.593711e-09	-1.992528e+01	-1.927759e+02
1.440000e-06	-2.417819e-09	-1.580925e-09	-1.972864e+01	-1.914928e+02
1.450000e-06	-2.393617e-09	-1.567040e-09	-1.953116e+01	-1.901998e+02
1.460000e-06	-2.369297e-09	-1.554696e-09	-1.933272e+01	-1.889019e+02
1.470000e-06	-2.344846e-09	-1.543309e-09	-1.913321e+01	-1.876036e+02
1.480000e-06	-2.320272e-09	-1.531615e-09	-1.893269e+01	-1.863083e+02
1.490000e-06	-2.295586e-09	-1.521565e-09	-1.873126e+01	-1.850181e+02
1.500000e-06	-2.270763e-09	-1.512317e-09	-1.852871e+01	-1.837332e+02
1.510000e-06	-2.245768e-09	-1.502172e-09	-1.832477e+01	-1.824524e+02
1.520000e-06	-2.220606e-09	-1.491389e-09	-1.811946e+01	-1.811729e+02
1.530000e-06	-2.195305e-09	-1.479586e-09	-1.791301e+01	-1.798910e+02
1.540000e-06	-2.169823e-09	-1.466574e-09	-1.770508e+01	-1.786026e+02
1.550000e-06	-2.144115e-09	-1.453461e-09	-1.749531e+01	-1.773038e+02
1.560000e-06	-2.118201e-09	-1.441414e-09	-1.728387e+01	-1.759914e+02
1.570000e-06	-2.092120e-09	-1.430083e-09	-1.707105e+01	-1.746631e+02
1.580000e-06	-2.065879e-09	-1.419345e-09	-1.685694e+01	-1.733184e+02
1.590000e-06	-2.039478e-09	-1.408306e-09	-1.664152e+01	-1.719577e+02
1.600000e-06	-2.012919e-09	-1.395957e-09	-1.642480e+01	-1.705830e+02
1.610000e-06	-1.986181e-09	-1.383782e-09	-1.620663e+01	-1.691971e+02
1.620000e-06	-1.959282e-09	-1.372529e-09	-1.598714e+01	-1.678037e+02
1.630000e-06	-1.932280e-09	-1.360677e-09	-1.576682e+01	-1.664063e+02
1.640000e-06	-1.905171e-09	-1.345709e-09	-1.554561e+01	-1.650082e+02
1.650000e-06	-1.877936e-09	-1.328259e-09	-1.532339e+01	-1.636122e+02
1.660000e-06	-1.850622e-09	-1.311667e-09	-1.510051e+01	-1.622202e+02
1.670000e-06	-1.823242e-09	-1.297761e-09	-1.487710e+01	-1.608331e+02
1.680000e-06	-1.795784e-09	-1.287208e-09	-1.465305e+01	-1.594507e+02
1.690000e-06	-1.768282e-09	-1.278220e-09	-1.442864e+01	-1.580722e+02
1.700000e-06	-1.740747e-09	-1.268935e-09	-1.420397e+01	-1.566961e+02
1.710000e-06	-1.713166e-09	-1.258411e-09	-1.397892e+01	-1.553204e+02
1.720000e-06	-1.685550e-09	-1.246204e-09	-1.375358e+01	-1.539431e+02
1.730000e-06	-1.657906e-09	-1.231583e-09	-1.352802e+01	-1.525619e+02
1.740000e-06	-1.630220e-09	-1.215641e-09	-1.330210e+01	-1.511750e+02
1.750000e-06	-1.602483e-09	-1.201460e-09	-1.307578e+01	-1.497805e+02
1.760000e-06	-1.574713e-09	-1.189494e-09	-1.284919e+01	-1.483768e+02
1.770000e-06	-1.546929e-09	-1.177846e-09	-1.262247e+01	-1.469623e+02
1.780000e-06	-1.519115e-09	-1.164672e-09	-1.239552e+01	-1.455356e+02
1.790000e-06	-1.491266e-09	-1.150647e-09	-1.216828e+01	-1.440955e+02
1.800000e-06	-1.463390e-09	-1.135977e-09	-1.194082e+01	-1.426406e+02
1.810000e-06	-1.435474e-09	-1.121486e-09	-1.171304e+01	-1.411702e+02
1.820000e-06	-1.407508e-09	-1.108264e-09	-1.148485e+01	-1.396833e+02
1.830000e-06	-1.379492e-09	-1.095072e-09	-1.125624e+01	-1.381798e+02
1.840000e-06	-1.351428e-09	-1.080627e-09	-1.102725e+01	-1.366601e+02
1.850000e-06	-1.323327e-09	-1.065735e-09	-1.079795e+01	-1.351252e+02
1.860000e-06	-1.295197e-09	-1.051734e-09	-1.056842e+01	-1.335769e+02
1.870000e-06	-1.267011e-09	-1.037301e-09	-1.033844e+01	-1.320178e+02
1.880000e-06	-1.238761e-09	-1.022638e-09	-1.010792e+01	-1.304509e+02
1.890000e-06	-1.210470e-09	-1.009337e-09	-9.877079e+00	-1.288793e+02
1.900000e-06	-1.182122e-09	-9.975004e-10	-9.645770e+00	-1.273063e+02
1.910000e-06	-1.153695e-09	-9.851132e-10	-9.413809e+00	-1.257343e+02
1.920000e-06	-1.125216e-09	-9.685347e-10	-9.181436e+00	-1.241652e+02
1.930000e-06	-1.096697e-09	-9.505957e-10	-8.948724e+00	-1.225995e+02
1.940000e-06	-1.068117e-09	-9.359734e-10	-8.715525e+00	-1.210368e+02
1.950000e-06	-1.039483e-09	-9.245778e-10	-8.481877e+00	-1.194750e+02
1.960000e-06	-1.010801e-09	-9.140453e-10	-8.247841e+00	-1.179114e+02
1.970000e-06	-9.820584e-10	-9.027894e-10	-8.013313e+00	-1.163421e+02
1.980000e-06	-9.532379e-10	-8.917359e-10	-7.778147e+00	-1.147635e+02
1.990000e-06	-9.243605e-10	-8.803760e-10	-7.542517e+00	-1.131719e+02
2.000000e-06	-8.954551e-10	-8.677937e-10	-7.306659e+00	-1.115649e+02
2.010000e-06	-8.665064e-10	-8.526547e-10	-7.070447e+00	-1.099411e+02
2.020000e-06	-8.375129e-10	-8.360412e-10	-6.833869e+00	-1.083008e+02
2.030000e-06	-8.084754e-10	-8.207729e-10	-6.596933e+00	-1.066463e+02
2.040000e-06	-7.793963e-10	-8.067629e-10	-6.359657e+00	-1.049813e+02
2.050000e-06	-7.502618e-10	-7.932254e-10	-6.121929e+00	-1.033108e+02
2.060000e-06	-7.210708e-10	-7.798655e-10	-5.883740e+00	-1.016406e+02
2.070000e-06	-6.918546e-10	-7.688306e-10	-5.645345e+00	-9.997644e+01
2.080000e-06	-6.626211e-10	-7.589452e-10	-5.406809e+00	-9.832360e+01
2.090000e-06	-6.333596e-10	-7.460296e-10	-5.168045e+00	-9.668595e+01
2.100000e-06	-6.040659e-10	-7.279732e-10	-4.929017e+00	-9.506556e+01
2.110000e-06	-5.747404e-10	-7.069175e-10	-4.689731e+00	-9.346237e+01
2.120000e-06	-5.453937e-10	-6.885597e-10	-4.450271e+00	-9.187411e+01
2.130000e-06	-5.160463e-10	-6.746044e-10	-4.210806e+00	-9.029648e+01
2.140000e-06	-4.866831e-10	-6.642344e-10	-3.971212e+00	-8.872357e+01
2.150000e-06	-4.572898e-10	-6.544491e-10	-3.731373e+00	-8.714846e+01
2.160000e-06	-4.278707e-10	-6.431172e-10	-3.491323e+00	-8.556393e+01
2.170000e-06	-3.984304e-10	-6.302749e-10	-3.251099e+00	-8.396316e+01
2.180000e-06	-3.689723e-10	-6.142436e-10	-3.010731e+00	-8.234035e+01
2.190000e-06	-3.395074e-10	-5.959994e-10	-2.770306e+00	-8.069125e+01
2.200000e-06	-3.100345e-10	-5.780093e-10	-2.529817e+00	-7.901337e+01
2.210000e-06	-2.805425e-10	-5.645902e-10	-2.289172e+00	-7.730610e+01
2.220000e-06	-2.510350e-10	-5.562126e-10	-2.048400e+00	-7.557044e+01
2.230000e-06	-2.215269e-10	-5.477868e-10	-1.807623e+00	-7.380875e+01
2.240000e-06	-1.920255e-10	-5.354561e-10	-1.566901e+00	-7.202418e+01
2.250000e-06	-1.624923e-10	-5.178742e-10	-1.325919e+00	-7.022020e+01
2.260000e-06	-1.329433e-10	-4.970200e-10	-1.084810e+00	-6.840012e+01
2.270000e-06	-1.034045e-10	-4.746095e-10	-8.437820e-01	-6.656668e+01
2.280000e-06	-7.387083e-11	-4.545044e-10	-6.027968e-01	-6.472184e+01
2.290000e-06	-4.433356e-11	-4.390555e-10	-3.617820e-01	-6.286669e+01
2.300000e-06	-1.479385e-11	-4.260809e-10	-1.207472e-01	-6.100160e+01
2.310000e-06	1.474034e-11	-4.142705e-10	1.202423e-01	-5.912642e+01
2.320000e-06	4.427842e-11	-4.015806e-10	3.612633e-01	-5.724077e+01
2.330000e-06	7.379482e-11	-3.846039e-10	6.021074e-01	-5.534438e+01
2.340000e-06	1.033018e-10	-3.623766e-10	8.428749e-01	-5.343737e+01
2.350000e-06	1.328112e-10	-3.390400e-10	1.083662e+00	-5.152034e+01
2.360000e-06	1.623233e-10	-3.180765e-10	1.324471e+00	-4.959447e+01
2.370000e-06	1.918435e-10	-3.008052e-10	1.565347e+00	-4.766133e+01
2.380000e-06	2.213495e-10	-2.865895e-10	1.806106e+00	-4.572269e+01
2.390000e-06	2.508380e-10	-2.726868e-10	2.046722e+00	-4.378013e+01
2.400000e-06	2.803260e-10	-2.582642e-10	2.287336e+00	-4.183472e+01
2.410000e-06	3.098135e-10	-2.425221e-10	2.527944e+00	-3.988671e+01
2.420000e-06	3.392792e-10	-2.247481e-10	2.768375e+00	-3.793536e+01
2.430000e-06	3.687317e-10	-2.048424e-10	3.008697e+00	-3.597882e+01
2.440000e-06	3.981785e-10	-1.853636e-10	3.248975e+00	-3.401437e+01
2.450000e-06	4.276108e-10	-1.677258e-10	3.489133e+00	-3.203862e+01
2.460000e-06	4.570207e-10	-1.511847e-10	3.729108e+00	-3.004802e+01
2.470000e-06	4.864106e-10	-1.349123e-10	3.968920e+00	-2.803936e+01
2.480000e-06	5.157799e-10	-1.186999e-10	4.208564e+00	-2.601025e+01
2.490000e-06	5.451071e-10	-1.043052e-10	4.447864e+00	-2.395963e+01
2.500000e-06	5.744065e-10	-9.072011e-11	4.686938e+00	-2.188800e+01
2.510000e-06	6.036861e-10	-7.529456e-11	4.925850e+00	-1.979756e+01
2.520000e-06	6.329279e-10	-5.760363e-11	5.164453e+00	-1.769204e+01
2.530000e-06	6.621230e-10	-3.917756e-11	5.402676e+00	-1.557638e+01
2.540000e-06	6.912753e-10	-2.056066e-11	5.640549e+00	-1.345615e+01
2.550000e-06	7.204016e-10	-1.561818e-12	5.878210e+00	-1.133692e+01
2.560000e-06	7.494990e-10	1.718397e-11	6.115635e+00	-9.223587e+00
2.570000e-06	7.785688e-10	3.423374e-11	6.352835e+00	-7.119719e+00
2.580000e-06	8.076281e-10	4.860743e-11	6.589950e+00	-5.027116e+00
2.590000e-06	8.366518e-10	6.174013e-11	6.826774e+00	-2.945540e+00
2.600000e-06	8.656143e-10	7.589853e-11	7.063098e+00	-8.727135e-01
2.610000e-06	8.945263e-10	9.275946e-11	7.299010e+00	1.195423e+00
2.620000e-06	9.233896e-10	1.113424e-10	7.534525e+00	3.264224e+00
2.630000e-06	9.521971e-10	1.291904e-10	7.769585e+00	5.339699e+00
2.640000e-06	9.809428e-10	1.466439e-10	8.004140e+00	7.427782e+00
2.650000e-06	1.009633e-09	1.635189e-10	8.238244e+00	9.533629e+00
2.660000e-06	1.038272e-09	1.785534e-10	8.471925e+00	1.166102e+01
2.670000e-06	1.066844e-09	1.910203e-10	8.705062e+00	1.381198e+01
2.680000e-06	1.095361e-09	2.025911e-10	8.937754e+00	1.598656e+01
2.690000e-06	1.123826e-09	2.170560e-10	9.170019e+00	1.818301e+01
2.700000e-06	1.152225e-09	2.347504e-10	9.401743e+00	2.039805e+01
2.710000e-06	1.180587e-09	2.536698e-10	9.633174e+00	2.262742e+01
2.720000e-06	1.208889e-09	2.718566e-10	9.864108e+00	2.486653e+01
2.730000e-06	1.237115e-09	2.894602e-10	1.009442e+01	2.711105e+01
2.740000e-06	1.265292e-09	3.072850e-10	1.032434e+01	2.935755e+01
2.750000e-06	1.293425e-09	3.248003e-10	1.055389e+01	3.160389e+01
2.760000e-06	1.321502e-09	3.411474e-10	1.078299e+01	3.384943e+01
2.770000e-06	1.349517e-09	3.567399e-10	1.101158e+01	3.609504e+01
2.780000e-06	1.377488e-09	3.735622e-10	1.123982e+01	3.834279e+01
2.790000e-06	1.405428e-09	3.913910e-10	1.146780e+01	4.059556e+01
2.800000e-06	1.433345e-09	4.093132e-10	1.169560e+01	4.285650e+01
2.810000e-06	1.461232e-09	4.272177e-10	1.192314e+01	4.512841e+01
2.820000e-06	1.489088e-09	4.450855e-10	1.215044e+01	4.741321e+01
2.830000e-06	1.516911e-09	4.626932e-10	1.237747e+01	4.971159e+01
2.840000e-06	1.544698e-09	4.799565e-10	1.260420e+01	5.202276e+01
2.850000e-06	1.572466e-09	4.977615e-10	1.283078e+01	5.434448e+01
2.860000e-06	1.600220e-09	5.161974e-10	1.305724e+01	5.667331e+01
2.870000e-06	1.627946e-09	5.346543e-10	1.328348e+01	5.900502e+01
2.880000e-06	1.655639e-09	5.518081e-10	1.350945e+01	6.133510e+01
2.890000e-06	1.683303e-09	5.670764e-10	1.373517e+01	6.365940e+01
2.900000e-06	1.710927e-09	5.820717e-10	1.396058e+01	6.597466e+01
2.910000e-06	1.738504e-09	5.989320e-10	1.418560e+01	6.827891e+01
2.920000e-06	1.766030e-09	6.183207e-10	1.441020e+01	7.057178e+01
2.930000e-06	1.793508e-09	6.385759e-10	1.463441e+01	7.285447e+01
2.940000e-06	1.820922e-09	6.579008e-10	1.485810e+01	7.512961e+01
2.950000e-06	1.848267e-09	6.758711e-10	1.508124e+01	7.740088e+01
2.960000e-06	1.875534e-09	6.938326e-10	1.530372e+01	7.967246e+01
2.970000e-06	1.902687e-09	7.118960e-10	1.552528e+01	8.194849e+01
2.980000e-06	1.929738e-09	7.291529e-10	1.574601e+01	8.423243e+01
2.990000e-06	1.956709e-09	7.474301e-10	1.596608e+01	8.652661e+01
3.000000e-06	1.983525e-09	7.679098e-10	1.618489e+01	8.883185e+01
3.010000e-06	2.010148e-09	7.886691e-10	1.640212e+01	9.114737e+01
3.020000e-06	2.036614e-09	8.081097e-10	1.661808e+01	9.347083e+01
3.030000e-06	2.062916e-09	8.256383e-10	1.683270e+01	9.579862e+01
3.040000e-06	2.089044e-09	8.418026e-10	1.704589e+01	9.812632e+01
3.050000e-06	2.114974e-09	8.589197e-10	1.725747e+01	1.004492e+02
3.060000e-06	2.140709e-09	8.787063e-10	1.746746e+01	1.027628e+02
3.070000e-06	2.166285e-09	9.004101e-10	1.767615e+01	1.050636e+02
3.080000e-06	2.191688e-09	9.219673e-10	1.788343e+01	1.073492e+02
3.090000e-06	2.216913e-09	9.446844e-10	1.808926e+01	1.096187e+02
3.100000e-06	2.241947e-09	9.673834e-10	1.829353e+01	1.118728e+02
3.110000e-06	2.266778e-09	9.866886e-10	1.849614e+01	1.141135e+02
3.120000e-06	2.291459e-09	1.001408e-09	1.869753e+01	1.163441e+02
3.130000e-06	2.316018e-09	1.013171e-09	1.889792e+01	1.185681e+02
3.140000e-06	2.340453e-09	1.026638e-09	1.909730e+01	1.207894e+02
3.150000e-06	2.364761e-09	1.043180e-09	1.929565e+01	1.230115e+02
3.160000e-06	2.388951e-09	1.062417e-09	1.949303e+01	1.252367e+02
3.170000e-06	2.413044e-09	1.083403e-09	1.968962e+01	1.274663e+02
3.180000e-06	2.437053e-09	1.105161e-09	1.988553e+01	1.297001e+02
3.190000e-06	2.460980e-09	1.124717e-09	2.008076e+01	1.319363e+02
3.200000e-06	2.484829e-09	1.139128e-09	2.027536e+01	1.341721e+02
3.210000e-06	2.508624e-09	1.150594e-09	2.046953e+01	1.364035e+02
3.220000e-06	2.532374e-09	1.162485e-09	2.066332e+01	1.386263e+02
3.230000e-06	2.556060e-09	1.177819e-09	2.085659e+01	1.408362e+02
3.240000e-06	2.579668e-09	1.197585e-09	2.104923e+01	1.430292e+02
3.250000e-06	2.603196e-09	1.220065e-09	2.124120e+01	1.452025e+02
3.260000e-06	2.626630e-09	1.243360e-09	2.143242e+01	1.473544e+02
3.270000e-06	2.649952e-09	1.264720e-09	2.162272e+01	1.494846e+02
3.280000e-06	2.673162e-09	1.280680e-09	2.181211e+01	1.515941e+02
3.290000e-06	2.696254e-09	1.290207e-09	2.200053e+01	1.536854e+02
3.300000e-06	2.719219e-09	1.296952e-09	2.218792e+01	1.557617e+02
3.310000e-06	2.742045e-09	1.305600e-09	2.237417e+01	1.578268e+02
3.320000e-06	2.764733e-09	1.319512e-09	2.255930e+01	1.598846e+02
3.330000e-06	2.787282e-09	1.338768e-09	2.274329e+01	1.619385e+02
3.340000e-06	2.809680e-09	1.360155e-09	2.292605e+01	1.639914e+02
3.350000e-06	2.831936e-09	1.380433e-09	2.310765e+01	1.660450e+02
3.360000e-06	2.854061e-09	1.397398e-09	2.328819e+01	1.680998e+02
3.370000e-06	2.876072e-09	1.411054e-09	2.346779e+01	1.701549e+02
3.380000e-06	2.897972e-09	1.422549e-09	2.364649e+01	1.722086e+02
3.390000e-06	2.919765e-09	1.434682e-09	2.382431e+01	1.742578e+02
3.400000e-06	2.941450e-09	1.448743e-09	2.400125e+01	1.762992e+02
3.410000e-06	2.963021e-09	1.464909e-09	2.417726e+01	1.783289e+02
3.420000e-06	2.984476e-09	1.484189e-09	2.435233e+01	1.803436e+02
3.430000e-06	3.005804e-09	1.503608e-09	2.452636e+01	1.823401e+02
3.440000e-06	3.026990e-09	1.519360e-09	2.469923e+01	1.843163e+02
3.450000e-06	3.048039e-09	1.532125e-09	2.487099e+01	1.862708e+02
3.460000e-06	3.068945e-09	1.546266e-09	2.504157e+01	1.882034e+02
3.470000e-06	3.089698e-09	1.562028e-09	2.521091e+01	1.901147e+02
3.480000e-06	3.110281e-09	1.577487e-09	2.537886e+01	1.920060e+02
3.490000e-06	3.130695e-09	1.592664e-09	2.554543e+01	1.938792e+02
3.500000e-06	3.150961e-09	1.607786e-09	2.571080e+01	1.957362e+02
3.510000e-06	3.171099e-09	1.623596e-09	2.587511e+01	1.975788e+02
3.520000e-06	3.191133e-09	1.639480e-09	2.603858e+01	1.994083e+02
3.530000e-06	3.211076e-09	1.655667e-09	2.620131e+01	2.012254e+02
3.540000e-06	3.230939e-09	1.672710e-09	2.636339e+01	2.030300e+02
3.550000e-06	3.250736e-09	1.690202e-09	2.652492e+01	2.048212e+02
3.560000e-06	3.270463e-09	1.707008e-09	2.668589e+01	2.065977e+02
3.570000e-06	3.290118e-09	1.722967e-09	2.684627e+01	2.083574e+02
3.580000e-06	3.309717e-09	1.737566e-09	2.700619e+01	2.100986e+02
3.590000e-06	3.329254e-09	1.749791e-09	2.716561e+01	2.118193e+02
3.600000e-06	3.348688e-09	1.762273e-09	2.732419e+01	2.135183e+02
3.610000e-06	3.367995e-09	1.776581e-09	2.748172e+01	2.151948e+02
3.620000e-06	3.387170e-09	1.792049e-09	2.763818e+01	2.168489e+02
3.630000e-06	3.406157e-09	1.807944e-09	2.779311e+01	2.184813e+02
3.640000e-06	3.424930e-09	1.823832e-09	2.794630e+01	2.200934e+02
3.650000e-06	3.443530e-09	1.839129e-09	2.809806e+01	2.216869e+02
3.660000e-06	3.461906e-09	1.852807e-09	2.824800e+01	2.232635e+02
3.670000e-06	3.480045e-09	1.864619e-09	2.839602e+01	2.248247e+02
3.680000e-06	3.497991e-09	1.876911e-09	2.854245e+01	2.263712e+02
3.690000e-06	3.515757e-09	1.891171e-09	2.868742e+01	2.279032e+02
3.700000e-06	3.533356e-09	1.905301e-09	2.883102e+01	2.294198e+02
3.710000e-06	3.550797e-09	1.919406e-09	2.897333e+01	2.309195e+02
3.720000e-06	3.568111e-09	1.933494e-09	2.911461e+01	2.323999e+02
3.730000e-06	3.585290e-09	1.946016e-09	2.925478e+01	2.338587e+02
3.740000e-06	3.602320e-09	1.957921e-09	2.939374e+01	2.352937e+02
3.750000e-06	3.619232e-09	1.971002e-09	2.953174e+01	2.367033e+02
3.760000e-06	3.636048e-09	1.984244e-09	2.966895e+01	2.380871e+02
3.770000e-06	3.652754e-09	1.996062e-09	2.980526e+01	2.394462e+02
3.780000e-06	3.669331e-09	2.007168e-09	2.994053e+01	2.407832e+02
3.790000e-06	3.685742e-09	2.016684e-09	3.007444e+01	2.421022e+02
3.800000e-06	3.701974e-09	2.024364e-09	3.020689e+01	2.434087e+02
3.810000e-06	3.718026e-09	2.032494e-09	3.033787e+01	2.447086e+02
3.820000e-06	3.733869e-09	2.042906e-09	3.046714e+01	2.460082e+02
3.830000e-06	3.749473e-09	2.055429e-09	3.059446e+01	2.473128e+02
3.840000e-06	3.764817e-09	2.068252e-09	3.071967e+01	2.486265e+02
3.850000e-06	3.779909e-09	2.080774e-09	3.084281e+01	2.499511e+02
3.860000e-06	3.794733e-09	2.092203e-09	3.096377e+01	2.512860e+02
3.870000e-06	3.809310e-09	2.103363e-09	3.108271e+01	2.526277e+02
3.880000e-06	3.823695e-09	2.114567e-09	3.120009e+01	2.539704e+02
3.890000e-06	3.837891e-09	2.124181e-09	3.131592e+01	2.553060e+02
3.900000e-06	3.851898e-09	2.133165e-09	3.143022e+01	2.566249e+02
3.910000e-06	3.865750e-09	2.143835e-09	3.154325e+01	2.579170e+02
3.920000e-06	3.879451e-09	2.155726e-09	3.165505e+01	2.591727e+02
3.930000e-06	3.892986e-09	2.166345e-09	3.176548e+01	2.603838e+02
3.940000e-06	3.906354e-09	2.176000e-09	3.187457e+01	2.615445e+02
3.950000e-06	3.919542e-09	2.185564e-09	3.198218e+01	2.626515e+02
3.960000e-06	3.932533e-09	2.195316e-09	3.208818e+01	2.637048e+02
3.970000e-06	3.945317e-09	2.204074e-09	3.219249e+01	2.647070e+02
3.980000e-06	3.957890e-09	2.209568e-09	3.229508e+01	2.656634e+02
3.990000e-06	3.970266e-09	2.212690e-09	3.239607e+01	2.665807e+02
4.000000e-06	3.982475e-09	2.217467e-09	3.249568e+01	2.674665e+02
4.010000e-06	3.994523e-09	2.225743e-09	3.259399e+01	2.683280e+02
4.020000e-06	4.006426e-09	2.234653e-09	3.269112e+01	2.691714e+02
4.030000e-06	4.018183e-09	2.242374e-09	3.278706e+01	2.700009e+02
4.040000e-06	4.029794e-09	2.249469e-09	3.288179e+01	2.708183e+02
4.050000e-06	4.041260e-09	2.256096e-09	3.297536e+01	2.716232e+02
4.060000e-06	4.052546e-09	2.262052e-09	3.306745e+01	2.724132e+02
4.070000e-06	4.063608e-09	2.267421e-09	3.315771e+01	2.731843e+02
4.080000e-06	4.074389e-09	2.273399e-09	3.324568e+01	2.739322e+02
4.090000e-06	4.084866e-09	2.281026e-09	3.333117e+01	2.746528e+02
4.100000e-06	4.095055e-09	2.289151e-09	3.341431e+01	2.753434e+02
4.110000e-06	4.104940e-09	2.295329e-09	3.349497e+01	2.760034e+02
4.120000e-06	4.114476e-09	2.298349e-09	3.357278e+01	2.766347e+02
4.130000e-06	4.123657e-09	2.299810e-09	3.364769e+01	2.772417e+02
4.140000e-06	4.132534e-09	2.302714e-09	3.372012e+01	2.778309e+02
4.150000e-06	4.141132e-09	2.309121e-09	3.379028e+01	2.784108e+02
4.160000e-06	4.149485e-09	2.318578e-09	3.385844e+01	2.789900e+02
4.170000e-06	4.157668e-09	2.327702e-09	3.392521e+01	2.795770e+02
4.180000e-06	4.165707e-09	2.333427e-09	3.399080e+01	2.801785e+02
4.190000e-06	4.173606e-09	2.336987e-09	3.405526e+01	2.807987e+02
4.200000e-06	4.181399e-09	2.341138e-09	3.411885e+01	2.814387e+02
4.210000e-06	4.189098e-09	2.346964e-09	3.418167e+01	2.820961e+02
4.220000e-06	4.196692e-09	2.353240e-09	3.424364e+01	2.827653e+02
4.230000e-06	4.204162e-09	2.359968e-09	3.430458e+01	2.834377e+02
4.240000e-06	4.211481e-09	2.369418e-09	3.436430e+01	2.841035e+02
4.250000e-06	4.218631e-09	2.380235e-09	3.442264e+01	2.847518e+02
4.260000e-06	4.225612e-09	2.388374e-09	3.447961e+01	2.853728e+02
4.270000e-06	4.232407e-09	2.392934e-09	3.453505e+01	2.859583e+02
4.280000e-06	4.238981e-09	2.396243e-09	3.458870e+01	2.865029e+02
4.290000e-06	4.245342e-09	2.399236e-09	3.464060e+01	2.870047e+02
4.300000e-06	4.251503e-09	2.402123e-09	3.469087e+01	2.874649e+02
4.310000e-06	4.257489e-09	2.405010e-09	3.473972e+01	2.878883e+02
4.320000e-06	4.263306e-09	2.408318e-09	3.478718e+01	2.882816e+02
4.330000e-06	4.268950e-09	2.414452e-09	3.483324e+01	2.886534e+02
4.340000e-06	4.274427e-09	2.421449e-09	3.487792e+01	2.890122e+02
4.350000e-06	4.279704e-09	2.426070e-09	3.492098e+01	2.893655e+02
4.360000e-06	4.284766e-09	2.428051e-09	3.496229e+01	2.897193e+02
4.370000e-06	4.289594e-09	2.428527e-09	3.500169e+01	2.900765e+02
4.380000e-06	4.294187e-09	2.429838e-09	3.503916e+01	2.904372e+02
4.390000e-06	4.298589e-09	2.432977e-09	3.507508e+01	2.907987e+02
4.400000e-06	4.302826e-09	2.437622e-09	3.510965e+01	2.911561e+02
4.410000e-06	4.306906e-09	2.441976e-09	3.514295e+01	2.915027e+02
4.420000e-06	4.310857e-09	2.445665e-09	3.517518e+01	2.918314e+02
4.430000e-06	4.314708e-09	2.448372e-09	3.520661e+01	2.921359e+02
4.440000e-06	4.318469e-09	2.449045e-09	3.523730e+01	2.924111e+02
4.450000e-06	4.322133e-09	2.448887e-09	3.526719e+01	2.926543e+02
4.460000e-06	4.325668e-09	2.449687e-09	3.529604e+01	2.928654e+02
4.470000e-06	4.329055e-09	2.452397e-09	3.532368e+01	2.930468e+02
4.480000e-06	4.332274e-09	2.456177e-09	3.534995e+01	2.932033e+02
4.490000e-06	4.335285e-09	2.459915e-09	3.537451e+01	2.933410e+02
4.500000e-06	4.338055e-09	2.461487e-09	3.539711e+01	2.934665e+02
4.510000e-06	4.340553e-09	2.459500e-09	3.541750e+01	2.935862e+02
4.520000e-06	4.342737e-09	2.456891e-09	3.543532e+01	2.937052e+02
4.530000e-06	4.344550e-09	2.457542e-09	3.545011e+01	2.938264e+02
4.540000e-06	4.346003e-09	2.462079e-09	3.546197e+01	2.939507e+02
4.550000e-06	4.347148e-09	2.466813e-09	3.547131e+01	2.940762e+02
4.560000e-06	4.347989e-09	2.469178e-09	3.547817e+01	2.941991e+02
4.570000e-06	4.348555e-09	2.467606e-09	3.548279e+01	2.943143e+02
4.580000e-06	4.348893e-09	2.463348e-09	3.548555e+01	2.944160e+02
4.590000e-06	4.349043e-09	2.462065e-09	3.548677e+01	2.944985e+02
4.600000e-06	4.349032e-09	2.465268e-09	3.548668e+01	2.945576e+02
4.610000e-06	4.348886e-09	2.470625e-09	3.548550e+01	2.945907e+02
4.620000e-06	4.348651e-09	2.475784e-09	3.548358e+01	2.945976e+02
4.630000e-06	4.348323e-09	2.479882e-09	3.548090e+01	2.945803e+02
4.640000e-06	4.347873e-09	2.480646e-09	3.547723e+01	2.945429e+02
4.650000e-06	4.347282e-09	2.474481e-09	3.547241e+01	2.944909e+02
4.660000e-06	4.346545e-09	2.469411e-09	3.546639e+01	2.944305e+02
4.670000e-06	4.345625e-09	2.485337e-09	3.545888e+01	2.943676e+02
4.680000e-06	4.344473e-09	2.502631e-09	3.544948e+01	2.943071e+02
4.690000e-06	4.343100e-09	2.458781e-09	3.543828e+01	2.942524e+02
4.700000e-06	4.341519e-09	2.389704e-09	3.542539e+01	2.942045e+02
4.710000e-06	4.339709e-09	2.398394e-09	3.541062e+01	2.941621e+02
4.720000e-06	4.337674e-09	2.463801e-09	3.539401e+01	2.941220e+02
4.730000e-06	4.335453e-09	2.503189e-09	3.537588e+01	2.940793e+02
4.740000e-06	4.333071e-09	2.465721e-09	3.535645e+01	2.940283e+02
4.750000e-06	4.330541e-09	2.435982e-09	3.533581e+01	2.939631e+02
4.760000e-06	4.327848e-09	2.478138e-09	3.531384e+01	2.938783e+02
4.770000e-06	4.324967e-09	2.486218e-09	3.529032e+01	2.937700e+02
4.780000e-06	4.321912e-09	2.410381e-09	3.526540e+01	2.936360e+02
4.790000e-06	4.318676e-09	2.346919e-09	3.523899e+01	2.934759e+02
4.800000e-06	4.315235e-09	2.405578e-09	3.521092e+01	2.932912e+02
4.810000e-06	4.311591e-09	2.490421e-09	3.518118e+01	2.930846e+02
4.820000e-06	4.307761e-09	2.468521e-09	3.514993e+01	2.928596e+02
4.830000e-06	4.303791e-09	2.417536e-09	3.511754e+01	2.926201e+02
4.840000e-06	4.299712e-09	2.433909e-09	3.508426e+01	2.923694e+02
4.850000e-06	4.295534e-09	2.462051e-09	3.505016e+01	2.921095e+02
4.860000e-06	4.291258e-09	2.412197e-09	3.501527e+01	2.918415e+02
4.870000e-06	4.286878e-09	2.365451e-09	3.497953e+01	2.915647e+02
4.880000e-06	4.282378e-09	2.414350e-09	3.494282e+01	2.912772e+02
4.890000e-06	4.277741e-09	2.477162e-09	3.490498e+01	2.909760e+02
4.900000e-06	4.272921e-09	2.467964e-09	3.486565e+01	2.906581e+02
4.910000e-06	4.267851e-09	2.420208e-09	3.482428e+01	2.903201e+02
4.920000e-06	4.262473e-09	2.417934e-09	3.478040e+01	2.899598e+02
4.930000e-06	4.256760e-09	2.426705e-09	3.473378e+01	2.895762e+02
4.940000e-06	4.250717e-09	2.409791e-09	3.468447e+01	2.891696e+02
4.950000e-06	4.244285e-09	2.402967e-09	3.463199e+01	2.887418e+02
4.960000e-06	4.237461e-09	2.417084e-09	3.457632e+01	2.882963e+02
4.970000e-06	4.230318e-09	2.417656e-09	3.451803e+01	2.878371e+02
4.980000e-06	4.222887e-09	2.399971e-09	3.445739e+01	2.873687e+02
4.990000e-06	4.215222e-09	2.410236e-09	3.439485e+01	2.868954e+02
5.000000e-06	4.207377e-09	2.408912e-09	3.433083e+01	2.864205e+02
5.010000e-06	4.199380e-09	2.377047e-09	3.426558e+01	2.859461e+02
5.020000e-06	4.191262e-09	2.379302e-09	3.419934e+01	2.854724e+02
5.030000e-06	4.183057e-09	2.414629e-09	3.413240e+01	2.849982e+02
5.040000e-06	4.174761e-09	2.401696e-09	3.406470e+01	2.845205e+02
5.050000e-06	4.166356e-09	2.359322e-09	3.399612e+01	2.840355e+02
5.060000e-06	4.157855e-09	2.369581e-09	3.392675e+01	2.835384e+02
5.070000e-06	4.149236e-09	2.383711e-09	3.385643e+01	2.830248e+02
5.080000e-06	4.140442e-09	2.363639e-09	3.378467e+01	2.824909e+02
5.090000e-06	4.131448e-09	2.358944e-09	3.371128e+01	2.819338e+02
5.100000e-06	4.122236e-09	2.375100e-09	3.363612e+01	2.813524e+02
5.110000e-06	4.112797e-09	2.371823e-09	3.355910e+01	2.807471e+02
5.120000e-06	4.103141e-09	2.365939e-09	3.348031e+01	2.801199e+02
5.130000e-06	4.093290e-09	2.364757e-09	3.339993e+01	2.794740e+02
5.140000e-06	4.083265e-09	2.333341e-09	3.331812e+01	2.788134e+02
5.150000e-06	4.073068e-09	2.314242e-09	3.323493e+01	2.781427e+02
5.160000e-06	4.062723e-09	2.328130e-09	3.315051e+01	2.774659e+02
5.170000e-06	4.052229e-09	2.333183e-09	3.306488e+01	2.767866e+02
5.180000e-06	4.041543e-09	2.324797e-09	3.297769e+01	2.761073e+02
5.190000e-06	4.030667e-09	2.326191e-09	3.288894e+01	2.754295e+02
5.200000e-06	4.019590e-09	2.326673e-09	3.279856e+01	2.747534e+02
5.210000e-06	4.008285e-09	2.315269e-09	3.270631e+01	2.740786e+02
5.220000e-06	3.996784e-09	2.304261e-09	3.261247e+01	2.734037e+02
5.230000e-06	3.985100e-09	2.284123e-09	3.251713e+01	2.727273e+02
5.240000e-06	3.973239e-09	2.273272e-09	3.242035e+01	2.720482e+02
5.250000e-06	3.961210e-09	2.281916e-09	3.232220e+01	2.713655e+02
5.260000e-06	3.949009e-09	2.285541e-09	3.222264e+01	2.706793e+02
5.270000e-06	3.936641e-09	2.282477e-09	3.212173e+01	2.699902e+02
5.280000e-06	3.924099e-09	2.279600e-09	3.201938e+01	2.692996e+02
5.290000e-06	3.911374e-09	2.273213e-09	3.191555e+01	2.686095e+02
5.300000e-06	3.898438e-09	2.265201e-09	3.181000e+01	2.679220e+02
5.310000e-06	3.885245e-09	2.262966e-09	3.170235e+01	2.672391e+02
5.320000e-06	3.871762e-09	2.253433e-09	3.159233e+01	2.665623e+02
5.330000e-06	3.857956e-09	2.244065e-09	3.147968e+01	2.658925e+02
5.340000e-06	3.843839e-09	2.246310e-09	3.136449e+01	2.652293e+02
5.350000e-06	3.829406e-09	2.242899e-09	3.124672e+01	2.645717e+02
5.360000e-06	3.814641e-09	2.234223e-09	3.112625e+01	2.639175e+02
5.370000e-06	3.799584e-09	2.229655e-09	3.100339e+01	2.632638e+02
5.380000e-06	3.784257e-09	2.228966e-09	3.087833e+01	2.626069e+02
5.390000e-06	3.768685e-09	2.229066e-09	3.075126e+01	2.619433e+02
5.400000e-06	3.752921e-09	2.227058e-09	3.062263e+01	2.612691e+02
5.410000e-06	3.737004e-09	2.217125e-09	3.049276e+01	2.605811e+02
5.420000e-06	3.720958e-09	2.206000e-09	3.036183e+01	2.598762e+02
5.430000e-06	3.704808e-09	2.201831e-09	3.023005e+01	2.591523e+02
5.440000e-06	3.688584e-09	2.198514e-09	3.009766e+01	2.584078e+02
5.450000e-06	3.672298e-09	2.194908e-09	2.996477e+01	2.576417e+02
5.460000e-06	3.655916e-09	2.190980e-09	2.983111e+01	2.568537e+02
5.470000e-06	3.639425e-09	2.189505e-09	2.969654e+01	2.560439e+02
5.480000e-06	3.622818e-09	2.188680e-09	2.956104e+01	2.552128e+02
5.490000e-06	3.606077e-09	2.183839e-09	2.942443e+01	2.543612e+02
5.500000e-06	3.589163e-09	2.174467e-09	2.928642e+01	2.534901e+02
5.510000e-06	3.572059e-09	2.163446e-09	2.914686e+01	2.526010e+02
5.520000e-06	3.554770e-09	2.155223e-09	2.900579e+01	2.516951e+02
5.530000e-06	3.537289e-09	2.149595e-09	2.886314e+01	2.507743e+02
5.540000e-06	3.519629e-09	2.147834e-09	2.871905e+01	2.498403e+02
5.550000e-06	3.501821e-09	2.145010e-09	2.857374e+01	2.488952e+02
5.560000e-06	3.483866e-09	2.139805e-09	2.842724e+01	2.479409e+02
5.570000e-06	3.465773e-09	2.134572e-09	2.827960e+01	2.469793e+02
5.580000e-06	3.447555e-09	2.128563e-09	2.813095e+01	2.460119e+02
5.590000e-06	3.429217e-09	2.122588e-09	2.798132e+01	2.450398e+02
5.600000e-06	3.410753e-09	2.115307e-09	2.783065e+01	2.440636e+02
5.610000e-06	3.392137e-09	2.109874e-09	2.767876e+01	2.430829e+02
5.620000e-06	3.373367e-09	2.106831e-09	2.752560e+01	2.420970e+02
5.630000e-06	3.354465e-09	2.101751e-09	2.737136e+01	2.411043e+02
5.640000e-06	3.335399e-09	2.092481e-09	2.721579e+01	2.401032e+02
5.650000e-06	3.316143e-09	2.082195e-09	2.705867e+01	2.390916e+02
5.660000e-06	3.296724e-09	2.075290e-09	2.690022e+01	2.380680e+02
5.670000e-06	3.277162e-09	2.071574e-09	2.674060e+01	2.370310e+02
5.680000e-06	3.257460e-09	2.067056e-09	2.657984e+01	2.359806e+02
5.690000e-06	3.237623e-09	2.057472e-09	2.641798e+01	2.349173e+02
5.700000e-06	3.217681e-09	2.047145e-09	2.625526e+01	2.338429e+02
5.710000e-06	3.197654e-09	2.039479e-09	2.609184e+01	2.327602e+02
5.720000e-06	3.177550e-09	2.032162e-09	2.592780e+01	2.316724e+02
5.730000e-06	3.157388e-09	2.022562e-09	2.576329e+01	2.305831e+02
5.740000e-06	3.137171e-09	2.012399e-09	2.559832e+01	2.294957e+02
5.750000e-06	3.116885e-09	2.004912e-09	2.543279e+01	2.284129e+02
5.760000e-06	3.096529e-09	1.999120e-09	2.526669e+01	2.273361e+02
5.770000e-06	3.076084e-09	1.995045e-09	2.509987e+01	2.262653e+02
5.780000e-06	3.055530e-09	1.990140e-09	2.493215e+01	2.251989e+02
5.790000e-06	3.034848e-09	1.982612e-09	2.476340e+01	2.241337e+02
5.800000e-06	3.014026e-09	1.973799e-09	2.459350e+01	2.230653e+02
5.810000e-06	2.993035e-09	1.964635e-09	2.442222e+01	2.219883e+02
5.820000e-06	2.971805e-09	1.955909e-09	2.424899e+01	2.208973e+02
5.830000e-06	2.950329e-09	1.947878e-09	2.407375e+01	2.197875e+02
5.840000e-06	2.928630e-09	1.940556e-09	2.389670e+01	2.186552e+02
5.850000e-06	2.906689e-09	1.932755e-09	2.371766e+01	2.174985e+02
5.860000e-06	2.884500e-09	1.924411e-09	2.353661e+01	2.163174e+02
5.870000e-06	2.862075e-09	1.914992e-09	2.335363e+01	2.151142e+02
5.880000e-06	2.839434e-09	1.903633e-09	2.316889e+01	2.138931e+02
5.890000e-06	2.816586e-09	1.891872e-09	2.298246e+01	2.126600e+02
5.900000e-06	2.793534e-09	1.881484e-09	2.279436e+01	2.114216e+02
5.910000e-06	2.770267e-09	1.873535e-09	2.260450e+01	2.101846e+02
5.920000e-06	2.746802e-09	1.865956e-09	2.241304e+01	2.089551e+02
5.930000e-06	2.723182e-09	1.856651e-09	2.222031e+01	2.077380e+02
5.940000e-06	2.699432e-09	1.846285e-09	2.202652e+01	2.065359e+02
5.950000e-06	2.675573e-09	1.835528e-09	2.183184e+01	2.053494e+02
5.960000e-06	2.651625e-09	1.824761e-09	2.163643e+01	2.041765e+02
5.970000e-06	2.627587e-09	1.813684e-09	2.144028e+01	2.030134e+02
5.980000e-06	2.603473e-09	1.802769e-09	2.124353e+01	2.018546e+02
5.990000e-06	2.579315e-09	1.793132e-09	2.104641e+01	2.006939e+02
6.000000e-06	2.555102e-09	1.783571e-09	2.084883e+01	1.995248e+02
6.010000e-06	2.530821e-09	1.772594e-09	2.065071e+01	1.983417e+02
6.020000e-06	2.506489e-09	1.760732e-09	2.045217e+01	1.971403e+02
6.030000e-06	2.482108e-09	1.749563e-09	2.025323e+01	1.959183e+02
6.040000e-06	2.457656e-09	1.740155e-09	2.005371e+01	1.946752e+02
6.050000e-06	2.433117e-09	1.730862e-09	1.985348e+01	1.934128e+02
6.060000e-06	2.408484e-09	1.720604e-09	1.965248e+01	1.921343e+02
6.070000e-06	2.383758e-09	1.711129e-09	1.945072e+01	1.908442e+02
6.080000e-06	2.358935e-09	1.703351e-09	1.924818e+01	1.895475e+02
6.090000e-06	2.333997e-09	1.694255e-09	1.904469e+01	1.882489e+02
6.100000e-06	2.308971e-09	1.681361e-09	1.884049e+01	1.869522e+02
6.110000e-06	2.283852e-09	1.667111e-09	1.863552e+01	1.856601e+02
6.120000e-06	2.258602e-09	1.654067e-09	1.842949e+01	1.843735e+02
6.130000e-06	2.233249e-09	1.642830e-09	1.822262e+01	1.830915e+02
6.140000e-06	2.207792e-09	1.632713e-09	1.801490e+01	1.818119e+02
6.150000e-06	2.182201e-09	1.622713e-09	1.780608e+01	1.805314e+02
6.160000e-06	2.156484e-09	1.612734e-09	1.759624e+01	1.792457e+02
6.170000e-06	2.130671e-09	1.602672e-09	1.738562e+01	1.779510e+02
6.180000e-06	2.104754e-09	1.591762e-09	1.717414e+01	1.766437e+02
6.190000e-06	2.078739e-09	1.579146e-09	1.696187e+01	1.753212e+02
6.200000e-06	2.052649e-09	1.565725e-09	1.674898e+01	1.739822e+02
6.210000e-06	2.026472e-09	1.553728e-09	1.653539e+01	1.726270e+02
6.220000e-06	2.000205e-09	1.543270e-09	1.632106e+01	1.712570e+02
6.230000e-06	1.973852e-09	1.532420e-09	1.610602e+01	1.698747e+02
6.240000e-06	1.947415e-09	1.520614e-09	1.589031e+01	1.684836e+02
6.250000e-06	1.920914e-09	1.508338e-09	1.567407e+01	1.670872e+02
6.260000e-06	1.894355e-09	1.496820e-09	1.545736e+01	1.656891e+02
6.270000e-06	1.867713e-09	1.486606e-09	1.523997e+01	1.642921e+02
6.280000e-06	1.840980e-09	1.476331e-09	1.502184e+01	1.628986e+02
6.290000e-06	1.814155e-09	1.466334e-09	1.480295e+01	1.615097e+02
6.300000e-06	1.787232e-09	1.455243e-09	1.458327e+01	1.601258e+02
6.310000e-06	1.760216e-09	1.441992e-09	1.436283e+01	1.587461e+02
6.320000e-06	1.733107e-09	1.427307e-09	1.414162e+01	1.573693e+02
6.330000e-06	1.705909e-09	1.413122e-09	1.391969e+01	1.559937e+02
6.340000e-06	1.678631e-09	1.401684e-09	1.369712e+01	1.546171e+02
6.350000e-06	1.651240e-09	1.391683e-09	1.347362e+01	1.532375e+02
6.360000e-06	1.623742e-09	1.381365e-09	1.324924e+01	1.518528e+02
6.370000e-06	1.596163e-09	1.368018e-09	1.302420e+01	1.504610e+02
6.380000e-06	1.568512e-09	1.352073e-09	1.279858e+01	1.490606e+02
6.390000e-06	1.540806e-09	1.336502e-09	1.257251e+01	1.476499e+02
6.400000e-06	1.513020e-09	1.323378e-09	1.234578e+01	1.462276e+02
6.410000e-06	1.485157e-09	1.313141e-09	1.211844e+01	1.447922e+02
6.420000e-06	1.457243e-09	1.303137e-09	1.189066e+01	1.433426e+02
6.430000e-06	1.429297e-09	1.291889e-09	1.166264e+01	1.418776e+02
6.440000e-06	1.401316e-09	1.279644e-09	1.143432e+01	1.403965e+02
6.450000e-06	1.373272e-09	1.265735e-09	1.120549e+01	1.388988e+02
6.460000e-06	1.345186e-09	1.249625e-09	1.097631e+01	1.373847e+02
6.470000e-06	1.317084e-09	1.234352e-09	1.074701e+01	1.358550e+02
6.480000e-06	1.288962e-09	1.222862e-09	1.051754e+01	1.343113e+02
6.490000e-06	1.260803e-09	1.213636e-09	1.028778e+01	1.327557e+02
6.500000e-06	1.232617e-09	1.204607e-09	1.005779e+01	1.311913e+02
6.510000e-06	1.204417e-09	1.193512e-09	9.827688e+00	1.296210e+02
6.520000e-06	1.176198e-09	1.178721e-09	9.597427e+00	1.280482e+02
6.530000e-06	1.147961e-09	1.162156e-09	9.367022e+00	1.264756e+02
6.540000e-06	1.119706e-09	1.145627e-09	9.136473e+00	1.249054e+02
6.550000e-06	1.091429e-09	1.128804e-09	8.905736e+00	1.233385e+02
6.560000e-06	1.063132e-09	1.112605e-09	8.674844e+00	1.217748e+02
6.570000e-06	1.034815e-09	1.099652e-09	8.443789e+00	1.202128e+02
6.580000e-06	1.006479e-09	1.089572e-09	8.212576e+00	1.186501e+02
6.590000e-06	9.781219e-10	1.079228e-09	7.981189e+00	1.170831e+02
6.600000e-06	9.497286e-10	1.067108e-09	7.749508e+00	1.155080e+02
6.610000e-06	9.213094e-10	1.052814e-09	7.517617e+00	1.139212e+02
6.620000e-06	8.928679e-10	1.037028e-09	7.285544e+00	1.123197e+02
6.630000e-06	8.643930e-10	1.021645e-09	7.053198e+00	1.107017e+02
6.640000e-06	8.358916e-10	1.006027e-09	6.820636e+00	1.090670e+02
6.650000e-06	8.073555e-10	9.886811e-10	6.587790e+00	1.074172e+02
6.660000e-06	7.787916e-10	9.698360e-10	6.354718e+00	1.057554e+02
6.670000e-06	7.502143e-10	9.517273e-10	6.121536e+00	1.040863e+02
6.680000e-06	7.216092e-10	9.362593e-10	5.888127e+00	1.024154e+02
6.690000e-06	6.929810e-10	9.224881e-10	5.654530e+00	1.007486e+02
6.700000e-06	6.643241e-10	9.098417e-10	5.420700e+00	9.909143e+01
6.710000e-06	6.356318e-10	8.972580e-10	5.186580e+00	9.744821e+01
6.720000e-06	6.069078e-10	8.840015e-10	4.952201e+00	9.582173e+01
6.730000e-06	5.781498e-10	8.696222e-10	4.717545e+00	9.421267e+01
6.740000e-06	5.493860e-10	8.529703e-10	4.482842e+00	9.261955e+01
6.750000e-06	5.206057e-10	8.358544e-10	4.248004e+00	9.103873e+01
6.760000e-06	4.917724e-10	8.215904e-10	4.012733e+00	8.946482e+01
6.770000e-06	4.629012e-10	8.098567e-10	3.777153e+00	8.789118e+01
6.780000e-06	4.340089e-10	7.978033e-10	3.541401e+00	8.631064e+01
6.790000e-06	4.051101e-10	7.836250e-10	3.305596e+00	8.471615e+01
6.800000e-06	3.762073e-10	7.662522e-10	3.069759e+00	8.310153e+01
6.810000e-06	3.472920e-10	7.463724e-10	2.833820e+00	8.146194e+01
6.820000e-06	3.183468e-10	7.266450e-10	2.597637e+00	7.979426e+01
6.830000e-06	2.893582e-10	7.096032e-10	2.361100e+00	7.809723e+01
6.840000e-06	2.603607e-10	6.961359e-10	2.124490e+00	7.637132e+01
6.850000e-06	2.313611e-10	6.858109e-10	1.887863e+00	7.461845e+01
6.860000e-06	2.023315e-10	6.767534e-10	1.650991e+00	7.284156e+01
6.870000e-06	1.732631e-10	6.641646e-10	1.413802e+00	7.104404e+01
6.880000e-06	1.441630e-10	6.459869e-10	1.176355e+00	6.922931e+01
6.890000e-06	1.150625e-10	6.253243e-10	9.389053e-01	6.740033e+01
6.900000e-06	8.596609e-11	6.057769e-10	7.014891e-01	6.555934e+01
6.910000e-06	5.687192e-11	5.900391e-10	4.640906e-01	6.370773e+01
6.920000e-06	2.779882e-11	5.779196e-10	2.268638e-01	6.184612e+01
6.930000e-06	-1.241325e-12	5.673220e-10	-1.009402e-02	5.997450e+01
6.940000e-06	-3.027633e-11	5.561283e-10	-2.470096e-01	5.809253e+01
6.950000e-06	-5.933774e-11	5.433179e-10	-4.841409e-01	5.619989e+01
6.960000e-06	-8.840003e-11	5.278271e-10	-7.212793e-01	5.429653e+01
6.970000e-06	-1.174642e-10	5.090990e-10	-9.584327e-01	5.238288e+01
6.980000e-06	-1.465367e-10	4.899432e-10	-1.195654e+00	5.045993e+01
6.990000e-06	-1.755808e-10	4.720845e-10	-1.432645e+00	4.852914e+01
7.000000e-06	-2.045961e-10	4.557379e-10	-1.669399e+00	4.659223e+01
7.010000e-06	-2.336029e-10	4.407082e-10	-1.906084e+00	4.465088e+01
7.020000e-06	-2.626155e-10	4.260268e-10	-2.142818e+00	4.270638e+01
7.030000e-06	-2.916295e-10	4.107557e-10	-2.379563e+00	4.075930e+01
7.040000e-06	-3.206156e-10	3.931863e-10	-2.616079e+00	3.880923e+01
7.050000e-06	-3.495699e-10	3.728565e-10	-2.852337e+00	3.685472e+01
7.060000e-06	-3.785009e-10	3.517718e-10	-3.088404e+00	3.489333e+01
7.070000e-06	-4.074037e-10	3.335865e-10	-3.324242e+00	3.292186e+01
7.080000e-06	-4.362812e-10	3.184745e-10	-3.559873e+00	3.093677e+01
7.090000e-06	-4.651346e-10	3.029142e-10	-3.795307e+00	2.893466e+01
7.100000e-06	-4.939420e-10	2.859284e-10	-4.030366e+00	2.691283e+01
7.110000e-06	-5.227169e-10	2.689190e-10	-4.265159e+00	2.486971e+01
7.120000e-06	-5.514926e-10	2.510574e-10	-4.499960e+00	2.280522e+01
7.130000e-06	-5.802447e-10	2.316302e-10	-4.734567e+00	2.072100e+01
7.140000e-06	-6.089536e-10	2.122158e-10	-4.968823e+00	1.862025e+01
7.150000e-06	-6.376396e-10	1.935444e-10	-5.202891e+00	1.650755e+01
7.160000e-06	-6.662942e-10	1.755856e-10	-5.436703e+00	1.438832e+01
7.170000e-06	-6.948969e-10	1.572891e-10	-5.670092e+00	1.226818e+01
7.180000e-06	-7.234533e-10	1.375067e-10	-5.903103e+00	1.015235e+01
7.190000e-06	-7.519711e-10	1.174364e-10	-6.135799e+00	8.044911e+00
7.200000e-06	-7.804687e-10	9.972209e-11	-6.368330e+00	5.948324e+00
7.210000e-06	-8.089607e-10	8.473061e-11	-6.600816e+00	3.863072e+00
7.220000e-06	-8.374279e-10	6.904531e-11	-6.833099e+00	1.787575e+00
7.230000e-06	-8.658529e-10	4.998869e-11	-7.065038e+00	-2.816424e-01
7.240000e-06	-8.942606e-10	2.936391e-11	-7.296835e+00	-2.349546e+00
7.250000e-06	-9.226561e-10	9.276498e-12	-7.528534e+00	-4.421989e+00
7.260000e-06	-9.510286e-10	-1.059982e-11	-7.760045e+00	-6.505009e+00
7.270000e-06	-9.793742e-10	-2.995658e-11	-7.991336e+00	-8.604106e+00
7.280000e-06	-1.007683e-09	-4.911820e-11	-8.222326e+00	-1.072360e+01
7.290000e-06	-1.035966e-09	-6.852214e-11	-8.453105e+00	-1.286614e+01
7.300000e-06	-1.064235e-09	-8.881049e-11	-8.683775e+00	-1.503250e+01
7.310000e-06	-1.092493e-09	-1.116824e-10	-8.914353e+00	-1.722153e+01
7.320000e-06	-1.120733e-09	-1.356843e-10	-9.144783e+00	-1.943043e+01
7.330000e-06	-1.148949e-09	-1.573968e-10	-9.375013e+00	-2.165524e+01
7.340000e-06	-1.177151e-09	-1.763592e-10	-9.605134e+00	-2.389140e+01
7.350000e-06	-1.205353e-09	-1.947637e-10	-9.835254e+00	-2.613445e+01
7.360000e-06	-1.233535e-09	-2.141506e-10	-1.006521e+01	-2.838057e+01
7.370000e-06	-1.261687e-09	-2.348179e-10	-1.029492e+01	-3.062715e+01
7.380000e-06	-1.289803e-09	-2.572582e-10	-1.052434e+01	-3.287301e+01
7.390000e-06	-1.317879e-09	-2.818214e-10	-1.075343e+01	-3.511850e+01
7.400000e-06	-1.345929e-09	-3.063832e-10	-1.098231e+01	-3.736531e+01
7.410000e-06	-1.373945e-09	-3.274089e-10	-1.121091e+01	-3.961608e+01
7.420000e-06	-1.401911e-09	-3.457168e-10	-1.143910e+01	-4.187393e+01
7.430000e-06	-1.429831e-09	-3.649922e-10	-1.166693e+01	-4.414182e+01
7.440000e-06	-1.457724e-09	-3.856565e-10	-1.189452e+01	-4.642203e+01
7.450000e-06	-1.485565e-09	-4.059739e-10	-1.212170e+01	-4.871572e+01
7.460000e-06	-1.513320e-09	-4.259478e-10	-1.234816e+01	-5.102261e+01
7.470000e-06	-1.541001e-09	-4.477671e-10	-1.257403e+01	-5.334097e+01
7.480000e-06	-1.568620e-09	-4.711149e-10	-1.279940e+01	-5.566773e+01
7.490000e-06	-1.596165e-09	-4.930149e-10	-1.302415e+01	-5.799888e+01
7.500000e-06	-1.623614e-09	-5.119987e-10	-1.324813e+01	-6.032996e+01
7.510000e-06	-1.650974e-09	-5.298847e-10	-1.347138e+01	-6.265665e+01
7.520000e-06	-1.678236e-09	-5.489100e-10	-1.369383e+01	-6.497532e+01
7.530000e-06	-1.705402e-09	-5.699357e-10	-1.391549e+01	-6.728353e+01
7.540000e-06	-1.732498e-09	-5.922467e-10	-1.413659e+01	-6.958032e+01
7.550000e-06	-1.759501e-09	-6.137411e-10	-1.435692e+01	-7.186637e+01
7.560000e-06	-1.786394e-09	-6.340349e-10	-1.457636e+01	-7.414384e+01
7.570000e-06	-1.813188e-09	-6.532749e-10	-1.479499e+01	-7.641609e+01
7.580000e-06	-1.839895e-09	-6.722251e-10	-1.501291e+01	-7.868721e+01
7.590000e-06	-1.866515e-09	-6.905490e-10	-1.523013e+01	-8.096138e+01
7.600000e-06	-1.893030e-09	-7.079798e-10	-1.544648e+01	-8.324238e+01
7.610000e-06	-1.919460e-09	-7.279345e-10	-1.566214e+01	-8.553294e+01
7.620000e-06	-1.945832e-09	-7.520820e-10	-1.587732e+01	-8.783446e+01
7.630000e-06	-1.972125e-09	-7.775827e-10	-1.609187e+01	-9.014671e+01
7.640000e-06	-1.998323e-09	-8.000955e-10	-1.630563e+01	-9.246785e+01
7.650000e-06	-2.024441e-09	-8.191569e-10	-1.651875e+01	-9.479468e+01
7.660000e-06	-2.050488e-09	-8.367444e-10	-1.673128e+01	-9.712298e+01
7.670000e-06	-2.076468e-09	-8.545862e-10	-1.694327e+01	-9.944807e+01
7.680000e-06	-2.102366e-09	-8.721739e-10	-1.715459e+01	-1.017653e+02
7.690000e-06	-2.128150e-09	-8.883153e-10	-1.736499e+01	-1.040709e+02
7.700000e-06	-2.153823e-09	-9.061426e-10	-1.757446e+01	-1.063619e+02
7.710000e-06	-2.179386e-09	-9.280729e-10	-1.778305e+01	-1.086368e+02
7.720000e-06	-2.204836e-09	-9.527647e-10	-1.799072e+01	-1.108960e+02
7.730000e-06	-2.230173e-09	-9.753257e-10	-1.819746e+01	-1.131409e+02
7.740000e-06	-2.255394e-09	-9.941806e-10	-1.840325e+01	-1.153744e+02
7.750000e-06	-2.280487e-09	-1.012639e-09	-1.860800e+01	-1.176001e+02
7.760000e-06	-2.305449e-09	-1.032089e-09	-1.881169e+01	-1.198219e+02
7.770000e-06	-2.330298e-09	-1.051828e-09	-1.901445e+01	-1.220433e+02
7.780000e-06	-2.355057e-09	-1.070377e-09	-1.921647e+01	-1.242671e+02
7.790000e-06	-2.379699e-09	-1.089503e-09	-1.941754e+01	-1.264952e+02
7.800000e-06	-2.404228e-09	-1.111263e-09	-1.961769e+01	-1.287277e+02
7.810000e-06	-2.428687e-09	-1.134207e-09	-1.981727e+01	-1.309634e+02
7.820000e-06	-2.453083e-09	-1.155493e-09	-2.001633e+01	-1.331999e+02
7.830000e-06	-2.477430e-09	-1.175542e-09	-2.021500e+01	-1.354335e+02
7.840000e-06	-2.501735e-09	-1.196842e-09	-2.041332e+01	-1.376600e+02
7.850000e-06	-2.525995e-09	-1.218449e-09	-2.061127e+01	-1.398750e+02
7.860000e-06	-2.550211e-09	-1.240500e-09	-2.080887e+01	-1.420744e+02
7.870000e-06	-2.574378e-09	-1.262821e-09	-2.100606e+01	-1.442549e+02
7.880000e-06	-2.598487e-09	-1.284067e-09	-2.120279e+01	-1.464144e+02
7.890000e-06	-2.622524e-09	-1.305251e-09	-2.139892e+01	-1.485521e+02
7.900000e-06	-2.646483e-09	-1.326435e-09	-2.159441e+01	-1.506686e+02
7.910000e-06	-2.670364e-09	-1.346991e-09	-2.178928e+01	-1.527658e+02
7.920000e-06	-2.694146e-09	-1.365440e-09	-2.198333e+01	-1.548467e+02
7.930000e-06	-2.717779e-09	-1.383568e-09	-2.217617e+01	-1.569150e+02
7.940000e-06	-2.741258e-09	-1.403096e-09	-2.236775e+01	-1.589746e+02
7.950000e-06	-2.764584e-09	-1.423343e-09	-2.255808e+01	-1.610293e+02
7.960000e-06	-2.787736e-09	-1.444588e-09	-2.274699e+01	-1.630822e+02
7.970000e-06	-2.810679e-09	-1.465215e-09	-2.293420e+01	-1.651353e+02
7.980000e-06	-2.833394e-09	-1.485232e-09	-2.311955e+01	-1.671896e+02
7.990000e-06	-2.855851e-09	-1.505263e-09	-2.330279e+01	-1.692447e+02
8.000000e-06	-2.878069e-09	-1.524884e-09	-2.348408e+01	-1.712992e+02
8.010000e-06	-2.900069e-09	-1.542944e-09	-2.366360e+01	-1.733504e+02
8.020000e-06	-2.921829e-09	-1.560007e-09	-2.384115e+01	-1.753950e+02
8.030000e-06	-2.943341e-09	-1.578633e-09	-2.401668e+01	-1.774294e+02
8.040000e-06	-2.964622e-09	-1.598925e-09	-2.419032e+01	-1.794498e+02
8.050000e-06	-2.985704e-09	-1.619391e-09	-2.436235e+01	-1.814530e+02
8.060000e-06	-3.006609e-09	-1.639351e-09	-2.453292e+01	-1.834365e+02
8.070000e-06	-3.027357e-09	-1.658941e-09	-2.470222e+01	-1.853986e+02
8.080000e-06	-3.047961e-09	-1.677164e-09	-2.487035e+01	-1.873388e+02
8.090000e-06	-3.068440e-09	-1.693818e-09	-2.503745e+01	-1.892573e+02
8.100000e-06	-3.088832e-09	-1.710732e-09	-2.520384e+01	-1.911553e+02
8.110000e-06	-3.109162e-09	-1.728235e-09	-2.536973e+01	-1.930344e+02
8.120000e-06	-3.129431e-09	-1.745709e-09	-2.553512e+01	-1.948968e+02
8.130000e-06	-3.149638e-09	-1.763436e-09	-2.570000e+01	-1.967442e+02
8.140000e-06	-3.169783e-09	-1.781287e-09	-2.586438e+01	-1.985782e+02
8.150000e-06	-3.189863e-09	-1.797662e-09	-2.602823e+01	-2.003996e+02
8.160000e-06	-3.209861e-09	-1.813334e-09	-2.619140e+01	-2.022087e+02
8.170000e-06	-3.229770e-09	-1.829297e-09	-2.635385e+01	-2.040049e+02
8.180000e-06	-3.249558e-09	-1.844844e-09	-2.651531e+01	-2.057868e+02
8.190000e-06	-3.269185e-09	-1.859314e-09	-2.667546e+01	-2.075528e+02
8.200000e-06	-3.288650e-09	-1.872351e-09	-2.683429e+01	-2.093009e+02
8.210000e-06	-3.307943e-09	-1.884474e-09	-2.699172e+01	-2.110290e+02
8.220000e-06	-3.327054e-09	-1.896471e-09	-2.714766e+01	-2.127358e+02
8.230000e-06	-3.346005e-09	-1.910199e-09	-2.730229e+01	-2.144202e+02
8.240000e-06	-3.364793e-09	-1.926702e-09	-2.745560e+01	-2.160821e+02
8.250000e-06	-3.383435e-09	-1.944502e-09	-2.760771e+01	-2.177218e+02
8.260000e-06	-3.401941e-09	-1.961556e-09	-2.775871e+01	-2.193407e+02
8.270000e-06	-3.420308e-09	-1.977765e-09	-2.790858e+01	-2.209404e+02
8.280000e-06	-3.438562e-09	-1.992918e-09	-2.805753e+01	-2.225225e+02
8.290000e-06	-3.456698e-09	-2.006986e-09	-2.820551e+01	-2.240888e+02
8.300000e-06	-3.474708e-09	-2.019547e-09	-2.835247e+01	-2.256403e+02
8.310000e-06	-3.492584e-09	-2.031128e-09	-2.849833e+01	-2.271774e+02
8.320000e-06	-3.510319e-09	-2.044467e-09	-2.864304e+01	-2.286996e+02
8.330000e-06	-3.527876e-09	-2.060692e-09	-2.878630e+01	-2.302055e+02
8.340000e-06	-3.545235e-09	-2.077663e-09	-2.892795e+01	-2.316931e+02
8.350000e-06	-3.562410e-09	-2.091476e-09	-2.906809e+01	-2.331600e+02
8.360000e-06	-3.579423e-09	-2.102632e-09	-2.920691e+01	-2.346038e+02
8.370000e-06	-3.596267e-09	-2.114149e-09	-2.934435e+01	-2.360226e+02
8.380000e-06	-3.612940e-09	-2.125459e-09	-2.948040e+01	-2.374157e+02
8.390000e-06	-3.629486e-09	-2.136257e-09	-2.961541e+01	-2.387834e+02
8.400000e-06	-3.645932e-09	-2.147880e-09	-2.974960e+01	-2.401279e+02
8.410000e-06	-3.662287e-09	-2.161305e-09	-2.988305e+01	-2.414527e+02
8.420000e-06	-3.678555e-09	-2.175834e-09	-3.001580e+01	-2.427629e+02
8.430000e-06	-3.694741e-09	-2.189197e-09	-3.014787e+01	-2.440643e+02
8.440000e-06	-3.710834e-09	-2.201454e-09	-3.027918e+01	-2.453631e+02
8.450000e-06	-3.726793e-09	-2.214082e-09	-3.040940e+01	-2.466652e+02
8.460000e-06	-3.742587e-09	-2.227182e-09	-3.053828e+01	-2.479752e+02
8.470000e-06	-3.758207e-09	-2.238523e-09	-3.066573e+01	-2.492957e+02
8.480000e-06	-3.773621e-09	-2.247196e-09	-3.079151e+01	-2.506270e+02
8.490000e-06	-3.788792e-09	-2.255797e-09	-3.091530e+01	-2.519668e+02
8.500000e-06	-3.803671e-09	-2.265434e-09	-3.103670e+01	-2.533099e+02
8.510000e-06	-3.818236e-09	-2.276253e-09	-3.115555e+01	-2.546490e+02
8.520000e-06	-3.832493e-09	-2.289056e-09	-3.127189e+01	-2.559748e+02
8.530000e-06	-3.846446e-09	-2.303526e-09	-3.138573e+01	-2.572775e+02
8.540000e-06	-3.860080e-09	-2.319416e-09	-3.149698e+01	-2.585471e+02
8.550000e-06	-3.873429e-09	-2.334917e-09	-3.160590e+01	-2.597749e+02
8.560000e-06	-3.886543e-09	-2.347382e-09	-3.171291e+01	-2.609539e+02
8.570000e-06	-3.899433e-09	-2.356927e-09	-3.181809e+01	-2.620801e+02
8.580000e-06	-3.912128e-09	-2.364350e-09	-3.192168e+01	-2.631522e+02
8.590000e-06	-3.924653e-09	-2.369486e-09	-3.202388e+01	-2.641720e+02
8.600000e-06	-3.937027e-09	-2.374080e-09	-3.212484e+01	-2.651438e+02
8.610000e-06	-3.949239e-09	-2.382512e-09	-3.222449e+01	-2.660739e+02
8.620000e-06	-3.961285e-09	-2.395495e-09	-3.232278e+01	-2.669699e+02
8.630000e-06	-3.973167e-09	-2.410211e-09	-3.241973e+01	-2.678391e+02
8.640000e-06	-3.984866e-09	-2.423056e-09	-3.251520e+01	-2.686882e+02
8.650000e-06	-3.996356e-09	-2.431458e-09	-3.260895e+01	-2.695221e+02
8.660000e-06	-4.007647e-09	-2.435641e-09	-3.270108e+01	-2.703435e+02
8.670000e-06	-4.018736e-09	-2.436778e-09	-3.279156e+01	-2.711528e+02
8.680000e-06	-4.029602e-09	-2.437721e-09	-3.288023e+01	-2.719482e+02
8.690000e-06	-4.040285e-09	-2.440509e-09	-3.296740e+01	-2.727263e+02
8.700000e-06	-4.050799e-09	-2.447043e-09	-3.305319e+01	-2.734826e+02
8.710000e-06	-4.061169e-09	-2.457410e-09	-3.313780e+01	-2.742131e+02
8.720000e-06	-4.071409e-09	-2.467951e-09	-3.322136e+01	-2.749143e+02
8.730000e-06	-4.081495e-09	-2.476196e-09	-3.330366e+01	-2.755850e+02
8.740000e-06	-4.091409e-09	-2.481408e-09	-3.338456e+01	-2.762260e+02
8.750000e-06	-4.101130e-09	-2.484819e-09	-3.346388e+01	-2.768409e+02
8.760000e-06	-4.110635e-09	-2.488317e-09	-3.354144e+01	-2.774356e+02
8.770000e-06	-4.119949e-09	-2.492628e-09	-3.361743e+01	-2.780179e+02
8.780000e-06	-4.129061e-09	-2.497522e-09	-3.369178e+01	-2.785964e+02
8.790000e-06	-4.137954e-09	-2.502464e-09	-3.376435e+01	-2.791799e+02
8.800000e-06	-4.146676e-09	-2.507397e-09	-3.383551e+01	-2.797758e+02
8.810000e-06	-4.155245e-09	-2.511058e-09	-3.390544e+01	-2.803892e+02
8.820000e-06	-4.163679e-09	-2.513465e-09	-3.397425e+01	-2.810224e+02
8.830000e-06	-4.172011e-09	-2.515430e-09	-3.404225e+01	-2.816741e+02
8.840000e-06	-4.180260e-09	-2.518270e-09	-3.410956e+01	-2.823399e+02
8.850000e-06	-4.188429e-09	-2.523356e-09	-3.417621e+01	-2.830121e+02
8.860000e-06	-4.196505e-09	-2.529593e-09	-3.424211e+01	-2.836813e+02
8.870000e-06	-4.204459e-09	-2.535626e-09	-3.430701e+01	-2.843368e+02
8.880000e-06	-4.212238e-09	-2.540723e-09	-3.437049e+01	-2.849682e+02
8.890000e-06	-4.219813e-09	-2.543864e-09	-3.443229e+01	-2.855668e+02
8.900000e-06	-4.227171e-09	-2.545442e-09	-3.449234e+01	-2.861261e+02
8.910000e-06	-4.234252e-09	-2.546804e-09	-3.455011e+01	-2.866429e+02
8.920000e-06	-4.241018e-09	-2.548157e-09	-3.460532e+01	-2.871174e+02
8.930000e-06	-4.247475e-09	-2.550513e-09	-3.465801e+01	-2.875531e+02
8.940000e-06	-4.253591e-09	-2.552695e-09	-3.470791e+01	-2.879562e+02
8.950000e-06	-4.259376e-09	-2.553135e-09	-3.475512e+01	-2.883347e+02
8.960000e-06	-4.264866e-09	-2.554151e-09	-3.479992e+01	-2.886973e+02
8.970000e-06	-4.270062e-09	-2.559776e-09	-3.484232e+01	-2.890520e+02
8.980000e-06	-4.274985e-09	-2.568805e-09	-3.488249e+01	-2.894053e+02
8.990000e-06	-4.279689e-09	-2.576360e-09	-3.492086e+01	-2.897611e+02
9.000000e-06	-4.284242e-09	-2.577929e-09	-3.495802e+01	-2.901208e+02
9.010000e-06	-4.288669e-09	-2.573736e-09	-3.499414e+01	-2.904825e+02
9.020000e-06	-4.292989e-09	-2.568567e-09	-3.502939e+01	-2.908419e+02
9.030000e-06	-4.297217e-09	-2.564382e-09	-3.506389e+01	-2.911929e+02
9.040000e-06	-4.301340e-09	-2.564842e-09	-3.509753e+01	-2.915286e+02
9.050000e-06	-4.305326e-09	-2.570858e-09	-3.513006e+01	-2.918420e+02
9.060000e-06	-4.309167e-09	-2.579598e-09	-3.516140e+01	-2.921277e+02
9.070000e-06	-4.312853e-09	-2.587126e-09	-3.519147e+01	-2.923821e+02
9.080000e-06	-4.316336e-09	-2.590010e-09	-3.521989e+01	-2.926042e+02
9.090000e-06	-4.319593e-09	-2.587406e-09	-3.524647e+01	-2.927956e+02
9.100000e-06	-4.322641e-09	-2.580686e-09	-3.527134e+01	-2.929601e+02
9.110000e-06	-4.325498e-09	-2.576515e-09	-3.529466e+01	-2.931037e+02
9.120000e-06	-4.328166e-09	-2.576765e-09	-3.531642e+01	-2.932328e+02
9.130000e-06	-4.330670e-09	-2.579195e-09	-3.533686e+01	-2.933540e+02
9.140000e-06	-4.333039e-09	-2.581550e-09	-3.535619e+01	-2.934728e+02
9.150000e-06	-4.335264e-09	-2.581766e-09	-3.537435e+01	-2.935932e+02
9.160000e-06	-4.337329e-09	-2.581250e-09	-3.539119e+01	-2.937165e+02
9.170000e-06	-4.339166e-09	-2.579814e-09	-3.540619e+01	-2.938419e+02
9.180000e-06	-4.340704e-09	-2.577512e-09	-3.541873e+01	-2.939662e+02
9.190000e-06	-4.342025e-09	-2.575154e-09	-3.542952e+01	-2.940847e+02
9.200000e-06	-4.343221e-09	-2.575679e-09	-3.543928e+01	-2.941916e+02
9.210000e-06	-4.344247e-09	-2.580396e-09	-3.544764e+01	-2.942812e+02
9.220000e-06	-4.345081e-09	-2.584702e-09	-3.545445e+01	-2.943487e+02
9.230000e-06	-4.345745e-09	-2.585735e-09	-3.545987e+01	-2.943909e+02
9.240000e-06	-4.346262e-09	-2.583011e-09	-3.546409e+01	-2.944068e+02
