# Temperatura_=_20.0
# Concentracion g/m^3_=_10770.0
# C_Vs_to_Am_M_A/Vsm_=_25649819763.59163
# pendiente_HvsI_1/m_=_3716.3
# ordenada_HvsI_A/m_=_1297.0
# frecuencia_Hz_=_108080.51561008907
# Promedio de 27 ciclos

Tiempo_(s)	Campo_(V.s)	Magnetizacion_(V.s)	Campo_(kA/m)	Magnetizacion_(A/m)
0.000000e+00	-3.637740e-09	-9.198357e-09	-3.098509e+01	-2.351280e+02
1.000000e-08	-3.637861e-09	-9.201221e-09	-3.098611e+01	-2.351389e+02
2.000000e-08	-3.637872e-09	-9.217839e-09	-3.098621e+01	-2.351249e+02
3.000000e-08	-3.637787e-09	-9.239994e-09	-3.098548e+01	-2.350891e+02
4.000000e-08	-3.637601e-09	-9.246141e-09	-3.098390e+01	-2.350356e+02
5.000000e-08	-3.637311e-09	-9.194761e-09	-3.098142e+01	-2.349696e+02
6.000000e-08	-3.636895e-09	-9.127466e-09	-3.097789e+01	-2.348964e+02
7.000000e-08	-3.636335e-09	-9.165390e-09	-3.097312e+01	-2.348212e+02
8.000000e-08	-3.635606e-09	-9.226923e-09	-3.096690e+01	-2.347482e+02
9.000000e-08	-3.634678e-09	-9.159039e-09	-3.095900e+01	-2.346805e+02
1.000000e-07	-3.633539e-09	-9.199728e-09	-3.094930e+01	-2.346196e+02
1.100000e-07	-3.632190e-09	-9.359398e-09	-3.093781e+01	-2.345656e+02
1.200000e-07	-3.630606e-09	-9.222166e-09	-3.092432e+01	-2.345169e+02
1.300000e-07	-3.628745e-09	-9.070160e-09	-3.090846e+01	-2.344711e+02
1.400000e-07	-3.626595e-09	-9.232990e-09	-3.089015e+01	-2.344249e+02
1.500000e-07	-3.624147e-09	-9.200972e-09	-3.086930e+01	-2.343749e+02
1.600000e-07	-3.621400e-09	-8.980093e-09	-3.084591e+01	-2.343177e+02
1.700000e-07	-3.618395e-09	-9.062890e-09	-3.082031e+01	-2.342509e+02
1.800000e-07	-3.615168e-09	-9.220317e-09	-3.079282e+01	-2.341723e+02
1.900000e-07	-3.611738e-09	-9.127988e-09	-3.076361e+01	-2.340813e+02
2.000000e-07	-3.608149e-09	-9.037804e-09	-3.073304e+01	-2.339778e+02
2.100000e-07	-3.604421e-09	-9.146941e-09	-3.070129e+01	-2.338625e+02
2.200000e-07	-3.600566e-09	-9.189116e-09	-3.066845e+01	-2.337366e+02
2.300000e-07	-3.596614e-09	-9.049330e-09	-3.063479e+01	-2.336016e+02
2.400000e-07	-3.592570e-09	-9.042877e-09	-3.060034e+01	-2.334588e+02
2.500000e-07	-3.588446e-09	-9.214580e-09	-3.056521e+01	-2.333092e+02
2.600000e-07	-3.584245e-09	-9.191744e-09	-3.052943e+01	-2.331532e+02
2.700000e-07	-3.579940e-09	-9.006508e-09	-3.049276e+01	-2.329908e+02
2.800000e-07	-3.575514e-09	-9.037186e-09	-3.045506e+01	-2.328217e+02
2.900000e-07	-3.570949e-09	-9.152837e-09	-3.041618e+01	-2.326454e+02
3.000000e-07	-3.566242e-09	-9.040532e-09	-3.037609e+01	-2.324614e+02
3.100000e-07	-3.561373e-09	-8.928199e-09	-3.033462e+01	-2.322694e+02
3.200000e-07	-3.556321e-09	-9.059499e-09	-3.029158e+01	-2.320698e+02
3.300000e-07	-3.551082e-09	-9.135626e-09	-3.024696e+01	-2.318634e+02
3.400000e-07	-3.545645e-09	-8.990395e-09	-3.020065e+01	-2.316518e+02
3.500000e-07	-3.540029e-09	-8.978186e-09	-3.015282e+01	-2.314371e+02
3.600000e-07	-3.534275e-09	-9.102226e-09	-3.010380e+01	-2.312215e+02
3.700000e-07	-3.528365e-09	-9.008130e-09	-3.005347e+01	-2.310074e+02
3.800000e-07	-3.522308e-09	-8.847072e-09	-3.000187e+01	-2.307965e+02
3.900000e-07	-3.516124e-09	-8.949874e-09	-2.994920e+01	-2.305901e+02
4.000000e-07	-3.509799e-09	-9.056556e-09	-2.989532e+01	-2.303880e+02
4.100000e-07	-3.503344e-09	-8.915524e-09	-2.984034e+01	-2.301893e+02
4.200000e-07	-3.496736e-09	-8.890632e-09	-2.978405e+01	-2.299914e+02
4.300000e-07	-3.489936e-09	-9.030066e-09	-2.972614e+01	-2.297908e+02
4.400000e-07	-3.482939e-09	-8.943795e-09	-2.966653e+01	-2.295829e+02
4.500000e-07	-3.475766e-09	-8.787533e-09	-2.960544e+01	-2.293628e+02
4.600000e-07	-3.468430e-09	-8.882541e-09	-2.954295e+01	-2.291254e+02
4.700000e-07	-3.460929e-09	-8.928637e-09	-2.947906e+01	-2.288660e+02
4.800000e-07	-3.453285e-09	-8.779190e-09	-2.941396e+01	-2.285806e+02
4.900000e-07	-3.445512e-09	-8.799012e-09	-2.934774e+01	-2.282662e+02
5.000000e-07	-3.437618e-09	-8.901560e-09	-2.928050e+01	-2.279214e+02
5.100000e-07	-3.429629e-09	-8.786200e-09	-2.921246e+01	-2.275457e+02
5.200000e-07	-3.421568e-09	-8.694885e-09	-2.914380e+01	-2.271399e+02
5.300000e-07	-3.413424e-09	-8.787690e-09	-2.907444e+01	-2.267057e+02
5.400000e-07	-3.405183e-09	-8.768706e-09	-2.900424e+01	-2.262456e+02
5.500000e-07	-3.396822e-09	-8.654533e-09	-2.893302e+01	-2.257619e+02
5.600000e-07	-3.388325e-09	-8.697889e-09	-2.886065e+01	-2.252573e+02
5.700000e-07	-3.379678e-09	-8.725678e-09	-2.878700e+01	-2.247336e+02
5.800000e-07	-3.370883e-09	-8.617577e-09	-2.871208e+01	-2.241923e+02
5.900000e-07	-3.361915e-09	-8.589055e-09	-2.863569e+01	-2.236341e+02
6.000000e-07	-3.352734e-09	-8.627452e-09	-2.855750e+01	-2.230593e+02
6.100000e-07	-3.343325e-09	-8.568664e-09	-2.847736e+01	-2.224675e+02
6.200000e-07	-3.333652e-09	-8.527245e-09	-2.839496e+01	-2.218583e+02
6.300000e-07	-3.323724e-09	-8.566648e-09	-2.831040e+01	-2.212314e+02
6.400000e-07	-3.313539e-09	-8.533394e-09	-2.822365e+01	-2.205867e+02
6.500000e-07	-3.303099e-09	-8.468722e-09	-2.813472e+01	-2.199247e+02
6.600000e-07	-3.292418e-09	-8.466935e-09	-2.804374e+01	-2.192465e+02
6.700000e-07	-3.281487e-09	-8.443235e-09	-2.795064e+01	-2.185539e+02
6.800000e-07	-3.270354e-09	-8.383980e-09	-2.785581e+01	-2.178490e+02
6.900000e-07	-3.259015e-09	-8.370170e-09	-2.775923e+01	-2.171344e+02
7.000000e-07	-3.247473e-09	-8.365568e-09	-2.766092e+01	-2.164126e+02
7.100000e-07	-3.235761e-09	-8.325768e-09	-2.756116e+01	-2.156859e+02
7.200000e-07	-3.223902e-09	-8.301628e-09	-2.746015e+01	-2.149560e+02
7.300000e-07	-3.211921e-09	-8.283915e-09	-2.735809e+01	-2.142240e+02
7.400000e-07	-3.199807e-09	-8.247237e-09	-2.725491e+01	-2.134900e+02
7.500000e-07	-3.187559e-09	-8.217118e-09	-2.715059e+01	-2.127534e+02
7.600000e-07	-3.175174e-09	-8.193735e-09	-2.704509e+01	-2.120128e+02
7.700000e-07	-3.162651e-09	-8.163001e-09	-2.693843e+01	-2.112663e+02
7.800000e-07	-3.149984e-09	-8.135616e-09	-2.683054e+01	-2.105118e+02
7.900000e-07	-3.137152e-09	-8.112187e-09	-2.672124e+01	-2.097471e+02
8.000000e-07	-3.124161e-09	-8.077920e-09	-2.661059e+01	-2.089705e+02
8.100000e-07	-3.111007e-09	-8.045340e-09	-2.649854e+01	-2.081806e+02
8.200000e-07	-3.097686e-09	-8.017172e-09	-2.638508e+01	-2.073771e+02
8.300000e-07	-3.084205e-09	-7.986750e-09	-2.627025e+01	-2.065599e+02
8.400000e-07	-3.070575e-09	-7.958894e-09	-2.615416e+01	-2.057300e+02
8.500000e-07	-3.056813e-09	-7.930531e-09	-2.603694e+01	-2.048887e+02
8.600000e-07	-3.042922e-09	-7.900776e-09	-2.591862e+01	-2.040378e+02
8.700000e-07	-3.028903e-09	-7.871710e-09	-2.579921e+01	-2.031789e+02
8.800000e-07	-3.014765e-09	-7.839652e-09	-2.567879e+01	-2.023136e+02
8.900000e-07	-3.000490e-09	-7.798594e-09	-2.555720e+01	-2.014431e+02
9.000000e-07	-2.986057e-09	-7.759733e-09	-2.543426e+01	-2.005682e+02
9.100000e-07	-2.971458e-09	-7.729012e-09	-2.530991e+01	-1.996889e+02
9.200000e-07	-2.956689e-09	-7.698641e-09	-2.518412e+01	-1.988048e+02
9.300000e-07	-2.941735e-09	-7.667597e-09	-2.505675e+01	-1.979152e+02
9.400000e-07	-2.926572e-09	-7.637934e-09	-2.492759e+01	-1.970190e+02
9.500000e-07	-2.911208e-09	-7.609153e-09	-2.479673e+01	-1.961150e+02
9.600000e-07	-2.895655e-09	-7.574003e-09	-2.466425e+01	-1.952022e+02
9.700000e-07	-2.879893e-09	-7.536610e-09	-2.453000e+01	-1.942798e+02
9.800000e-07	-2.863904e-09	-7.500994e-09	-2.439381e+01	-1.933475e+02
9.900000e-07	-2.847737e-09	-7.462658e-09	-2.425610e+01	-1.924053e+02
1.000000e-06	-2.831405e-09	-7.421162e-09	-2.411699e+01	-1.914537e+02
1.010000e-06	-2.814925e-09	-7.381120e-09	-2.397661e+01	-1.904934e+02
1.020000e-06	-2.798283e-09	-7.346584e-09	-2.383486e+01	-1.895254e+02
1.030000e-06	-2.781469e-09	-7.313471e-09	-2.369165e+01	-1.885507e+02
1.040000e-06	-2.764542e-09	-7.279969e-09	-2.354747e+01	-1.875700e+02
1.050000e-06	-2.747508e-09	-7.241845e-09	-2.340238e+01	-1.865842e+02
1.060000e-06	-2.730377e-09	-7.202335e-09	-2.325647e+01	-1.855934e+02
1.070000e-06	-2.713149e-09	-7.167381e-09	-2.310973e+01	-1.845977e+02
1.080000e-06	-2.695835e-09	-7.130064e-09	-2.296225e+01	-1.835968e+02
1.090000e-06	-2.678449e-09	-7.087006e-09	-2.281416e+01	-1.825901e+02
1.100000e-06	-2.660963e-09	-7.044144e-09	-2.266522e+01	-1.815770e+02
1.110000e-06	-2.643365e-09	-7.008437e-09	-2.251533e+01	-1.805567e+02
1.120000e-06	-2.625673e-09	-6.971660e-09	-2.236463e+01	-1.795285e+02
1.130000e-06	-2.607909e-09	-6.927330e-09	-2.221332e+01	-1.784919e+02
1.140000e-06	-2.590067e-09	-6.883700e-09	-2.206135e+01	-1.774466e+02
1.150000e-06	-2.572119e-09	-6.846892e-09	-2.190848e+01	-1.763925e+02
1.160000e-06	-2.554063e-09	-6.814165e-09	-2.175468e+01	-1.753297e+02
1.170000e-06	-2.535885e-09	-6.776735e-09	-2.159985e+01	-1.742583e+02
1.180000e-06	-2.517580e-09	-6.733021e-09	-2.144393e+01	-1.731787e+02
1.190000e-06	-2.499140e-09	-6.687614e-09	-2.128687e+01	-1.720910e+02
1.200000e-06	-2.480561e-09	-6.646510e-09	-2.112861e+01	-1.709956e+02
1.210000e-06	-2.461868e-09	-6.607515e-09	-2.096940e+01	-1.698925e+02
1.220000e-06	-2.443059e-09	-6.561242e-09	-2.080918e+01	-1.687819e+02
1.230000e-06	-2.424099e-09	-6.511550e-09	-2.064769e+01	-1.676637e+02
1.240000e-06	-2.404978e-09	-6.470699e-09	-2.048483e+01	-1.665380e+02
1.250000e-06	-2.385711e-09	-6.437978e-09	-2.032071e+01	-1.654049e+02
1.260000e-06	-2.366328e-09	-6.397800e-09	-2.015561e+01	-1.642644e+02
1.270000e-06	-2.346843e-09	-6.348839e-09	-1.998965e+01	-1.631169e+02
1.280000e-06	-2.327253e-09	-6.302059e-09	-1.982278e+01	-1.619629e+02
1.290000e-06	-2.307570e-09	-6.259285e-09	-1.965514e+01	-1.608028e+02
1.300000e-06	-2.287799e-09	-6.214761e-09	-1.948673e+01	-1.596374e+02
1.310000e-06	-2.267934e-09	-6.164176e-09	-1.931753e+01	-1.584672e+02
1.320000e-06	-2.248001e-09	-6.113902e-09	-1.914775e+01	-1.572929e+02
1.330000e-06	-2.228022e-09	-6.071847e-09	-1.897757e+01	-1.561148e+02
1.340000e-06	-2.207998e-09	-6.033441e-09	-1.880701e+01	-1.549331e+02
1.350000e-06	-2.187931e-09	-5.989799e-09	-1.863609e+01	-1.537479e+02
1.360000e-06	-2.167833e-09	-5.944742e-09	-1.846490e+01	-1.525588e+02
1.370000e-06	-2.147704e-09	-5.902011e-09	-1.829345e+01	-1.513654e+02
1.380000e-06	-2.127541e-09	-5.854310e-09	-1.812171e+01	-1.501673e+02
1.390000e-06	-2.107337e-09	-5.801836e-09	-1.794961e+01	-1.489638e+02
1.400000e-06	-2.087080e-09	-5.747708e-09	-1.777707e+01	-1.477545e+02
1.410000e-06	-2.066774e-09	-5.695298e-09	-1.760411e+01	-1.465391e+02
1.420000e-06	-2.046413e-09	-5.649928e-09	-1.743068e+01	-1.453178e+02
1.430000e-06	-2.025971e-09	-5.612260e-09	-1.725656e+01	-1.440907e+02
1.440000e-06	-2.005442e-09	-5.576820e-09	-1.708170e+01	-1.428583e+02
1.450000e-06	-1.984844e-09	-5.533584e-09	-1.690626e+01	-1.416215e+02
1.460000e-06	-1.964184e-09	-5.482003e-09	-1.673028e+01	-1.403809e+02
1.470000e-06	-1.943418e-09	-5.425535e-09	-1.655341e+01	-1.391373e+02
1.480000e-06	-1.922532e-09	-5.369610e-09	-1.637551e+01	-1.378913e+02
1.490000e-06	-1.901556e-09	-5.319381e-09	-1.619684e+01	-1.366431e+02
1.500000e-06	-1.880467e-09	-5.272294e-09	-1.601720e+01	-1.353928e+02
1.510000e-06	-1.859260e-09	-5.228920e-09	-1.583658e+01	-1.341397e+02
1.520000e-06	-1.837961e-09	-5.188263e-09	-1.565516e+01	-1.328834e+02
1.530000e-06	-1.816576e-09	-5.143058e-09	-1.547301e+01	-1.316226e+02
1.540000e-06	-1.795107e-09	-5.090191e-09	-1.529014e+01	-1.303565e+02
1.550000e-06	-1.773543e-09	-5.035214e-09	-1.510647e+01	-1.290838e+02
1.560000e-06	-1.751890e-09	-4.982846e-09	-1.492204e+01	-1.278038e+02
1.570000e-06	-1.730139e-09	-4.934313e-09	-1.473676e+01	-1.265159e+02
1.580000e-06	-1.708280e-09	-4.890292e-09	-1.455058e+01	-1.252200e+02
1.590000e-06	-1.686363e-09	-4.844121e-09	-1.436389e+01	-1.239162e+02
1.600000e-06	-1.664389e-09	-4.793276e-09	-1.417673e+01	-1.226054e+02
1.610000e-06	-1.642343e-09	-4.744151e-09	-1.398895e+01	-1.212884e+02
1.620000e-06	-1.620246e-09	-4.693497e-09	-1.380074e+01	-1.199663e+02
1.630000e-06	-1.598104e-09	-4.634939e-09	-1.361214e+01	-1.186402e+02
1.640000e-06	-1.575909e-09	-4.576278e-09	-1.342309e+01	-1.173110e+02
1.650000e-06	-1.553652e-09	-4.526152e-09	-1.323351e+01	-1.159794e+02
1.660000e-06	-1.531314e-09	-4.480136e-09	-1.304324e+01	-1.146457e+02
1.670000e-06	-1.508912e-09	-4.433009e-09	-1.285243e+01	-1.133096e+02
1.680000e-06	-1.486466e-09	-4.385126e-09	-1.266123e+01	-1.119706e+02
1.690000e-06	-1.463977e-09	-4.337754e-09	-1.246968e+01	-1.106279e+02
1.700000e-06	-1.441427e-09	-4.287709e-09	-1.227761e+01	-1.092807e+02
1.710000e-06	-1.418806e-09	-4.228877e-09	-1.208494e+01	-1.079281e+02
1.720000e-06	-1.396129e-09	-4.161146e-09	-1.189178e+01	-1.065694e+02
1.730000e-06	-1.373374e-09	-4.094808e-09	-1.169796e+01	-1.052043e+02
1.740000e-06	-1.350548e-09	-4.043320e-09	-1.150354e+01	-1.038331e+02
1.750000e-06	-1.327651e-09	-4.004730e-09	-1.130850e+01	-1.024563e+02
1.760000e-06	-1.304670e-09	-3.963230e-09	-1.111276e+01	-1.010751e+02
1.770000e-06	-1.281621e-09	-3.912075e-09	-1.091644e+01	-9.969055e+01
1.780000e-06	-1.258509e-09	-3.859226e-09	-1.071958e+01	-9.830424e+01
1.790000e-06	-1.235325e-09	-3.805270e-09	-1.052210e+01	-9.691744e+01
1.800000e-06	-1.212086e-09	-3.741439e-09	-1.032416e+01	-9.553116e+01
1.810000e-06	-1.188776e-09	-3.670492e-09	-1.012561e+01	-9.414595e+01
1.820000e-06	-1.165361e-09	-3.607545e-09	-9.926174e+00	-9.276181e+01
1.830000e-06	-1.141898e-09	-3.561167e-09	-9.726322e+00	-9.137812e+01
1.840000e-06	-1.118421e-09	-3.519732e-09	-9.526349e+00	-8.999373e+01
1.850000e-06	-1.094904e-09	-3.470716e-09	-9.326043e+00	-8.860703e+01
1.860000e-06	-1.071322e-09	-3.418685e-09	-9.125174e+00	-8.721625e+01
1.870000e-06	-1.047679e-09	-3.369083e-09	-8.923796e+00	-8.581955e+01
1.880000e-06	-1.024006e-09	-3.318327e-09	-8.722156e+00	-8.441538e+01
1.890000e-06	-1.000298e-09	-3.259626e-09	-8.520216e+00	-8.300263e+01
1.900000e-06	-9.765409e-10	-3.193120e-09	-8.317862e+00	-8.158077e+01
1.910000e-06	-9.527461e-10	-3.126871e-09	-8.115186e+00	-8.014997e+01
1.920000e-06	-9.289347e-10	-3.067518e-09	-7.912368e+00	-7.871109e+01
1.930000e-06	-9.051019e-10	-3.013474e-09	-7.709368e+00	-7.726557e+01
1.940000e-06	-8.812259e-10	-2.958486e-09	-7.506000e+00	-7.581524e+01
1.950000e-06	-8.573123e-10	-2.906591e-09	-7.302312e+00	-7.436217e+01
1.960000e-06	-8.333835e-10	-2.861502e-09	-7.098494e+00	-7.290837e+01
1.970000e-06	-8.094336e-10	-2.812094e-09	-6.894497e+00	-7.145556e+01
1.980000e-06	-7.854609e-10	-2.751585e-09	-6.690305e+00	-7.000499e+01
1.990000e-06	-7.614738e-10	-2.686258e-09	-6.485991e+00	-6.855731e+01
2.000000e-06	-7.374729e-10	-2.619589e-09	-6.281559e+00	-6.711250e+01
2.010000e-06	-7.134300e-10	-2.553804e-09	-6.076770e+00	-6.566991e+01
2.020000e-06	-6.893583e-10	-2.496055e-09	-5.871734e+00	-6.422833e+01
2.030000e-06	-6.652782e-10	-2.444832e-09	-5.666629e+00	-6.278620e+01
2.040000e-06	-6.411802e-10	-2.394656e-09	-5.461370e+00	-6.134177e+01
2.050000e-06	-6.170705e-10	-2.350747e-09	-5.256011e+00	-5.989330e+01
2.060000e-06	-5.929514e-10	-2.307728e-09	-5.050572e+00	-5.843930e+01
2.070000e-06	-5.688169e-10	-2.250412e-09	-4.845002e+00	-5.697861e+01
2.080000e-06	-5.446691e-10	-2.183200e-09	-4.639319e+00	-5.551056e+01
2.090000e-06	-5.205224e-10	-2.118308e-09	-4.433645e+00	-5.403494e+01
2.100000e-06	-4.963672e-10	-2.056277e-09	-4.227899e+00	-5.255202e+01
2.110000e-06	-4.721927e-10	-1.997243e-09	-4.021988e+00	-5.106242e+01
2.120000e-06	-4.480030e-10	-1.942141e-09	-3.815949e+00	-4.956703e+01
2.130000e-06	-4.238124e-10	-1.886521e-09	-3.609901e+00	-4.806683e+01
2.140000e-06	-3.996190e-10	-1.831526e-09	-3.403829e+00	-4.656283e+01
2.150000e-06	-3.754030e-10	-1.779783e-09	-3.197565e+00	-4.505589e+01
2.160000e-06	-3.511663e-10	-1.725016e-09	-2.991125e+00	-4.354667e+01
2.170000e-06	-3.269212e-10	-1.661417e-09	-2.784613e+00	-4.203562e+01
2.180000e-06	-3.026667e-10	-1.595076e-09	-2.578020e+00	-4.052295e+01
2.190000e-06	-2.784091e-10	-1.535246e-09	-2.371402e+00	-3.900869e+01
2.200000e-06	-2.541558e-10	-1.478896e-09	-2.164821e+00	-3.749273e+01
2.210000e-06	-2.298905e-10	-1.419498e-09	-1.958137e+00	-3.597492e+01
2.220000e-06	-2.055933e-10	-1.359042e-09	-1.751181e+00	-3.445510e+01
2.230000e-06	-1.812875e-10	-1.301845e-09	-1.544152e+00	-3.293314e+01
2.240000e-06	-1.569907e-10	-1.247613e-09	-1.337200e+00	-3.140899e+01
2.250000e-06	-1.326982e-10	-1.190691e-09	-1.130285e+00	-2.988269e+01
2.260000e-06	-1.084115e-10	-1.127678e-09	-9.234181e-01	-2.835428e+01
2.270000e-06	-8.411223e-11	-1.063656e-09	-7.164449e-01	-2.682384e+01
2.280000e-06	-5.979997e-11	-1.002537e-09	-5.093612e-01	-2.529142e+01
2.290000e-06	-3.548474e-11	-9.413602e-10	-3.022520e-01	-2.375700e+01
2.300000e-06	-1.118249e-11	-8.769924e-10	-9.525317e-02	-2.222048e+01
2.310000e-06	1.310639e-11	-8.142874e-10	1.116317e-01	-2.068168e+01
2.320000e-06	3.740505e-11	-7.601039e-10	3.185999e-01	-1.914035e+01
2.330000e-06	6.169434e-11	-7.090447e-10	5.254884e-01	-1.759624e+01
2.340000e-06	8.596322e-11	-6.493275e-10	7.322027e-01	-1.604912e+01
2.350000e-06	1.102485e-10	-5.790902e-10	9.390568e-01	-1.449888e+01
2.360000e-06	1.345432e-10	-5.096647e-10	1.145991e+00	-1.294550e+01
2.370000e-06	1.588084e-10	-4.487062e-10	1.352674e+00	-1.138915e+01
2.380000e-06	1.830544e-10	-3.923740e-10	1.559194e+00	-9.830163e+00
2.390000e-06	2.073136e-10	-3.351319e-10	1.765826e+00	-8.269012e+00
2.400000e-06	2.315757e-10	-2.785901e-10	1.972482e+00	-6.706256e+00
2.410000e-06	2.558303e-10	-2.233416e-10	2.179075e+00	-5.142473e+00
2.420000e-06	2.800769e-10	-1.601307e-10	2.385600e+00	-3.578180e+00
2.430000e-06	3.043157e-10	-8.614879e-11	2.592058e+00	-2.013751e+00
2.440000e-06	3.285478e-10	-1.359907e-11	2.798459e+00	-4.493534e-01
2.450000e-06	3.527726e-10	4.690972e-11	3.004797e+00	1.115094e+00
2.460000e-06	3.769961e-10	9.885730e-11	3.211126e+00	2.679934e+00
2.470000e-06	4.012052e-10	1.504724e-10	3.417331e+00	4.245742e+00
2.480000e-06	4.254041e-10	2.055567e-10	3.623449e+00	5.813276e+00
2.490000e-06	4.496013e-10	2.645449e-10	3.829553e+00	7.383395e+00
2.500000e-06	4.737875e-10	3.273330e-10	4.035563e+00	8.956963e+00
2.510000e-06	4.979551e-10	3.951975e-10	4.241415e+00	1.053475e+01
2.520000e-06	5.221081e-10	4.661160e-10	4.447142e+00	1.211737e+01
2.530000e-06	5.462459e-10	5.336471e-10	4.652740e+00	1.370515e+01
2.540000e-06	5.703699e-10	5.911888e-10	4.858221e+00	1.529819e+01
2.550000e-06	5.944726e-10	6.427047e-10	5.063520e+00	1.689627e+01
2.560000e-06	6.185531e-10	6.985534e-10	5.268630e+00	1.849894e+01
2.570000e-06	6.426266e-10	7.596213e-10	5.473680e+00	2.010554e+01
2.580000e-06	6.666960e-10	8.229465e-10	5.678696e+00	2.171527e+01
2.590000e-06	6.907469e-10	8.875455e-10	5.883554e+00	2.332731e+01
2.600000e-06	7.147624e-10	9.541349e-10	6.088110e+00	2.494085e+01
2.610000e-06	7.387556e-10	1.022377e-09	6.292476e+00	2.655520e+01
2.620000e-06	7.627352e-10	1.087205e-09	6.496727e+00	2.816979e+01
2.630000e-06	7.867060e-10	1.145421e-09	6.700903e+00	2.978425e+01
2.640000e-06	8.106635e-10	1.202321e-09	6.904965e+00	3.139835e+01
2.650000e-06	8.345877e-10	1.262424e-09	7.108743e+00	3.301205e+01
2.660000e-06	8.584852e-10	1.324445e-09	7.312294e+00	3.462540e+01
2.670000e-06	8.823704e-10	1.386564e-09	7.515741e+00	3.623855e+01
2.680000e-06	9.062230e-10	1.447759e-09	7.718910e+00	3.785169e+01
2.690000e-06	9.300200e-10	1.511292e-09	7.921605e+00	3.946499e+01
2.700000e-06	9.537833e-10	1.578690e-09	8.124013e+00	4.107859e+01
2.710000e-06	9.775244e-10	1.646689e-09	8.326233e+00	4.269259e+01
2.720000e-06	1.001217e-09	1.712784e-09	8.528041e+00	4.430701e+01
2.730000e-06	1.024853e-09	1.774634e-09	8.729364e+00	4.592179e+01
2.740000e-06	1.048443e-09	1.831536e-09	8.930295e+00	4.753682e+01
2.750000e-06	1.071989e-09	1.886609e-09	9.130848e+00	4.915188e+01
2.760000e-06	1.095485e-09	1.943951e-09	9.330980e+00	5.076673e+01
2.770000e-06	1.118929e-09	2.004766e-09	9.530670e+00	5.238106e+01
2.780000e-06	1.142310e-09	2.069457e-09	9.729822e+00	5.399450e+01
2.790000e-06	1.165630e-09	2.138798e-09	9.928457e+00	5.560666e+01
2.800000e-06	1.188893e-09	2.210540e-09	1.012660e+01	5.721710e+01
2.810000e-06	1.212071e-09	2.277429e-09	1.032402e+01	5.882541e+01
2.820000e-06	1.235186e-09	2.335985e-09	1.052091e+01	6.043118e+01
2.830000e-06	1.258254e-09	2.394622e-09	1.071739e+01	6.203405e+01
2.840000e-06	1.281262e-09	2.457200e-09	1.091337e+01	6.363375e+01
2.850000e-06	1.304195e-09	2.517789e-09	1.110871e+01	6.523012e+01
2.860000e-06	1.327027e-09	2.575469e-09	1.130318e+01	6.682315e+01
2.870000e-06	1.349802e-09	2.634925e-09	1.149717e+01	6.841296e+01
2.880000e-06	1.372546e-09	2.696866e-09	1.169090e+01	6.999982e+01
2.890000e-06	1.395218e-09	2.760314e-09	1.188401e+01	7.158408e+01
2.900000e-06	1.417808e-09	2.825677e-09	1.207642e+01	7.316618e+01
2.910000e-06	1.440327e-09	2.888866e-09	1.226824e+01	7.474653e+01
2.920000e-06	1.462785e-09	2.948509e-09	1.245952e+01	7.632544e+01
2.930000e-06	1.485182e-09	3.009626e-09	1.265030e+01	7.790310e+01
2.940000e-06	1.507512e-09	3.073587e-09	1.284049e+01	7.947943e+01
2.950000e-06	1.529778e-09	3.136089e-09	1.303015e+01	8.105413e+01
2.960000e-06	1.552000e-09	3.195210e-09	1.321943e+01	8.262661e+01
2.970000e-06	1.574179e-09	3.255363e-09	1.340834e+01	8.419604e+01
2.980000e-06	1.596307e-09	3.317182e-09	1.359682e+01	8.576143e+01
2.990000e-06	1.618373e-09	3.376224e-09	1.378477e+01	8.732168e+01
3.000000e-06	1.640376e-09	3.431726e-09	1.397219e+01	8.887574e+01
3.010000e-06	1.662330e-09	3.490035e-09	1.415919e+01	9.042269e+01
3.020000e-06	1.684201e-09	3.557651e-09	1.434547e+01	9.196188e+01
3.030000e-06	1.705989e-09	3.629706e-09	1.453106e+01	9.349296e+01
3.040000e-06	1.727719e-09	3.694302e-09	1.471615e+01	9.501598e+01
3.050000e-06	1.749383e-09	3.747088e-09	1.490067e+01	9.653135e+01
3.060000e-06	1.770965e-09	3.795235e-09	1.508450e+01	9.803975e+01
3.070000e-06	1.792453e-09	3.846635e-09	1.526752e+01	9.954210e+01
3.080000e-06	1.813832e-09	3.903616e-09	1.544963e+01	1.010394e+02
3.090000e-06	1.835112e-09	3.964412e-09	1.563088e+01	1.025325e+02
3.100000e-06	1.856322e-09	4.027897e-09	1.581154e+01	1.040222e+02
3.110000e-06	1.877430e-09	4.094902e-09	1.599133e+01	1.055088e+02
3.120000e-06	1.898422e-09	4.163546e-09	1.617014e+01	1.069925e+02
3.130000e-06	1.919315e-09	4.223964e-09	1.634810e+01	1.084727e+02
3.140000e-06	1.940104e-09	4.272869e-09	1.652517e+01	1.099489e+02
3.150000e-06	1.960800e-09	4.320709e-09	1.670146e+01	1.114202e+02
3.160000e-06	1.981412e-09	4.372889e-09	1.687702e+01	1.128854e+02
3.170000e-06	2.001936e-09	4.427794e-09	1.705183e+01	1.143437e+02
3.180000e-06	2.022388e-09	4.484356e-09	1.722604e+01	1.157943e+02
3.190000e-06	2.042782e-09	4.543176e-09	1.739975e+01	1.172366e+02
3.200000e-06	2.063109e-09	4.604119e-09	1.757289e+01	1.186707e+02
3.210000e-06	2.083380e-09	4.665340e-09	1.774555e+01	1.200969e+02
3.220000e-06	2.103614e-09	4.724310e-09	1.791789e+01	1.215156e+02
3.230000e-06	2.123801e-09	4.777992e-09	1.808984e+01	1.229279e+02
3.240000e-06	2.143941e-09	4.828524e-09	1.826139e+01	1.243345e+02
3.250000e-06	2.164043e-09	4.879849e-09	1.843261e+01	1.257362e+02
3.260000e-06	2.184107e-09	4.932216e-09	1.860351e+01	1.271336e+02
3.270000e-06	2.204135e-09	4.984098e-09	1.877410e+01	1.285267e+02
3.280000e-06	2.224122e-09	5.036178e-09	1.894434e+01	1.299152e+02
3.290000e-06	2.244059e-09	5.092313e-09	1.911416e+01	1.312983e+02
3.300000e-06	2.263937e-09	5.151058e-09	1.928348e+01	1.326748e+02
3.310000e-06	2.283731e-09	5.207261e-09	1.945207e+01	1.340435e+02
3.320000e-06	2.303436e-09	5.259352e-09	1.961992e+01	1.354029e+02
3.330000e-06	2.323052e-09	5.310420e-09	1.978700e+01	1.367519e+02
3.340000e-06	2.342567e-09	5.361957e-09	1.995322e+01	1.380898e+02
3.350000e-06	2.361984e-09	5.412300e-09	2.011861e+01	1.394162e+02
3.360000e-06	2.381288e-09	5.461510e-09	2.028303e+01	1.407318e+02
3.370000e-06	2.400459e-09	5.509083e-09	2.044633e+01	1.420375e+02
3.380000e-06	2.419485e-09	5.555974e-09	2.060839e+01	1.433349e+02
3.390000e-06	2.438375e-09	5.605369e-09	2.076928e+01	1.446259e+02
3.400000e-06	2.457116e-09	5.657392e-09	2.092891e+01	1.459127e+02
3.410000e-06	2.475685e-09	5.710724e-09	2.108708e+01	1.471970e+02
3.420000e-06	2.494112e-09	5.766330e-09	2.124403e+01	1.484802e+02
3.430000e-06	2.512402e-09	5.822228e-09	2.139982e+01	1.497630e+02
3.440000e-06	2.530557e-09	5.873225e-09	2.155446e+01	1.510455e+02
3.450000e-06	2.548587e-09	5.916944e-09	2.170804e+01	1.523266e+02
3.460000e-06	2.566514e-09	5.957907e-09	2.186073e+01	1.536046e+02
3.470000e-06	2.584351e-09	6.004213e-09	2.201266e+01	1.548775e+02
3.480000e-06	2.602063e-09	6.054351e-09	2.216353e+01	1.561425e+02
3.490000e-06	2.619690e-09	6.102209e-09	2.231367e+01	1.573972e+02
3.500000e-06	2.637252e-09	6.151242e-09	2.246325e+01	1.586394e+02
3.510000e-06	2.654717e-09	6.204822e-09	2.261202e+01	1.598675e+02
3.520000e-06	2.672100e-09	6.260494e-09	2.276008e+01	1.610809e+02
3.530000e-06	2.689374e-09	6.314345e-09	2.290721e+01	1.622797e+02
3.540000e-06	2.706535e-09	6.363370e-09	2.305338e+01	1.634650e+02
3.550000e-06	2.723601e-09	6.407719e-09	2.319874e+01	1.646390e+02
3.560000e-06	2.740573e-09	6.449052e-09	2.334331e+01	1.658038e+02
3.570000e-06	2.757445e-09	6.490822e-09	2.348702e+01	1.669624e+02
3.580000e-06	2.774188e-09	6.532712e-09	2.362962e+01	1.681172e+02
3.590000e-06	2.790809e-09	6.575352e-09	2.377120e+01	1.692703e+02
3.600000e-06	2.807293e-09	6.623022e-09	2.391160e+01	1.704232e+02
3.610000e-06	2.823593e-09	6.677518e-09	2.405045e+01	1.715762e+02
3.620000e-06	2.839718e-09	6.736013e-09	2.418779e+01	1.727290e+02
3.630000e-06	2.855684e-09	6.788831e-09	2.432378e+01	1.738801e+02
3.640000e-06	2.871471e-09	6.833262e-09	2.445825e+01	1.750275e+02
3.650000e-06	2.887076e-09	6.872784e-09	2.459117e+01	1.761687e+02
3.660000e-06	2.902487e-09	6.910540e-09	2.472244e+01	1.773011e+02
3.670000e-06	2.917693e-09	6.949568e-09	2.485196e+01	1.784222e+02
3.680000e-06	2.932709e-09	6.986842e-09	2.497986e+01	1.795300e+02
3.690000e-06	2.947566e-09	7.027146e-09	2.510641e+01	1.806234e+02
3.700000e-06	2.962273e-09	7.076204e-09	2.523167e+01	1.817017e+02
3.710000e-06	2.976825e-09	7.128708e-09	2.535562e+01	1.827653e+02
3.720000e-06	2.991241e-09	7.176876e-09	2.547841e+01	1.838153e+02
3.730000e-06	3.005536e-09	7.220035e-09	2.560017e+01	1.848531e+02
3.740000e-06	3.019708e-09	7.261307e-09	2.572088e+01	1.858805e+02
3.750000e-06	3.033735e-09	7.298100e-09	2.584036e+01	1.868993e+02
3.760000e-06	3.047618e-09	7.330778e-09	2.595861e+01	1.879109e+02
3.770000e-06	3.061369e-09	7.361827e-09	2.607574e+01	1.889165e+02
3.780000e-06	3.074994e-09	7.395697e-09	2.619180e+01	1.899167e+02
3.790000e-06	3.088477e-09	7.436380e-09	2.630664e+01	1.909114e+02
3.800000e-06	3.101792e-09	7.483433e-09	2.642005e+01	1.919000e+02
3.810000e-06	3.114952e-09	7.529658e-09	2.653214e+01	1.928818e+02
3.820000e-06	3.127945e-09	7.566906e-09	2.664281e+01	1.938556e+02
3.830000e-06	3.140780e-09	7.602126e-09	2.675214e+01	1.948203e+02
3.840000e-06	3.153497e-09	7.642409e-09	2.686046e+01	1.957749e+02
3.850000e-06	3.166061e-09	7.681839e-09	2.696747e+01	1.967187e+02
3.860000e-06	3.178471e-09	7.712142e-09	2.707318e+01	1.976515e+02
3.870000e-06	3.190776e-09	7.738459e-09	2.717799e+01	1.985733e+02
3.880000e-06	3.202974e-09	7.772663e-09	2.728189e+01	1.994845e+02
3.890000e-06	3.215045e-09	7.812962e-09	2.738471e+01	2.003857e+02
3.900000e-06	3.226986e-09	7.850523e-09	2.748641e+01	2.012773e+02
3.910000e-06	3.238795e-09	7.885698e-09	2.758700e+01	2.021600e+02
3.920000e-06	3.250460e-09	7.924126e-09	2.768636e+01	2.030341e+02
3.930000e-06	3.261948e-09	7.960684e-09	2.778421e+01	2.038996e+02
3.940000e-06	3.273227e-09	7.990677e-09	2.788028e+01	2.047562e+02
3.950000e-06	3.284297e-09	8.018635e-09	2.797457e+01	2.056034e+02
3.960000e-06	3.295162e-09	8.045482e-09	2.806712e+01	2.064405e+02
3.970000e-06	3.305786e-09	8.072752e-09	2.815761e+01	2.072668e+02
3.980000e-06	3.316128e-09	8.105912e-09	2.824569e+01	2.080814e+02
3.990000e-06	3.326195e-09	8.142031e-09	2.833144e+01	2.088838e+02
4.000000e-06	3.336000e-09	8.170714e-09	2.841496e+01	2.096737e+02
4.010000e-06	3.345544e-09	8.195312e-09	2.849625e+01	2.104509e+02
4.020000e-06	3.354847e-09	8.227504e-09	2.857549e+01	2.112156e+02
4.030000e-06	3.363917e-09	8.264118e-09	2.865275e+01	2.119682e+02
4.040000e-06	3.372792e-09	8.296580e-09	2.872834e+01	2.127092e+02
4.050000e-06	3.381504e-09	8.323773e-09	2.880254e+01	2.134388e+02
4.060000e-06	3.390055e-09	8.346181e-09	2.887538e+01	2.141575e+02
4.070000e-06	3.398473e-09	8.365301e-09	2.894708e+01	2.148652e+02
4.080000e-06	3.406787e-09	8.385218e-09	2.901789e+01	2.155619e+02
4.090000e-06	3.415013e-09	8.408454e-09	2.908796e+01	2.162472e+02
4.100000e-06	3.423159e-09	8.436574e-09	2.915735e+01	2.169205e+02
4.110000e-06	3.431219e-09	8.470400e-09	2.922600e+01	2.175813e+02
4.120000e-06	3.439178e-09	8.503690e-09	2.929379e+01	2.182291e+02
4.130000e-06	3.447037e-09	8.529852e-09	2.936073e+01	2.188637e+02
4.140000e-06	3.454782e-09	8.550911e-09	2.942670e+01	2.194852e+02
4.150000e-06	3.462388e-09	8.570251e-09	2.949149e+01	2.200938e+02
4.160000e-06	3.469852e-09	8.587164e-09	2.955506e+01	2.206904e+02
4.170000e-06	3.477161e-09	8.604941e-09	2.961732e+01	2.212758e+02
4.180000e-06	3.484334e-09	8.627093e-09	2.967842e+01	2.218511e+02
4.190000e-06	3.491349e-09	8.649674e-09	2.973817e+01	2.224172e+02
4.200000e-06	3.498158e-09	8.671759e-09	2.979617e+01	2.229748e+02
4.210000e-06	3.504781e-09	8.696751e-09	2.985258e+01	2.235243e+02
4.220000e-06	3.511245e-09	8.722462e-09	2.990764e+01	2.240654e+02
4.230000e-06	3.517571e-09	8.744549e-09	2.996152e+01	2.245975e+02
4.240000e-06	3.523780e-09	8.764202e-09	3.001441e+01	2.251192e+02
4.250000e-06	3.529852e-09	8.785122e-09	3.006612e+01	2.256291e+02
4.260000e-06	3.535781e-09	8.804086e-09	3.011662e+01	2.261255e+02
4.270000e-06	3.541567e-09	8.814902e-09	3.016591e+01	2.266069e+02
4.280000e-06	3.547186e-09	8.822398e-09	3.021377e+01	2.270721e+02
4.290000e-06	3.552622e-09	8.835775e-09	3.026008e+01	2.275205e+02
4.300000e-06	3.557865e-09	8.853990e-09	3.030473e+01	2.279521e+02
4.310000e-06	3.562939e-09	8.872287e-09	3.034795e+01	2.283680e+02
4.320000e-06	3.567873e-09	8.894364e-09	3.038998e+01	2.287694e+02
4.330000e-06	3.572642e-09	8.921903e-09	3.043060e+01	2.291584e+02
4.340000e-06	3.577235e-09	8.947008e-09	3.046972e+01	2.295371e+02
4.350000e-06	3.581697e-09	8.960789e-09	3.050773e+01	2.299075e+02
4.360000e-06	3.586052e-09	8.962016e-09	3.054482e+01	2.302711e+02
4.370000e-06	3.590299e-09	8.960321e-09	3.058099e+01	2.306286e+02
4.380000e-06	3.594464e-09	8.962784e-09	3.061647e+01	2.309800e+02
4.390000e-06	3.598565e-09	8.970778e-09	3.065140e+01	2.313239e+02
4.400000e-06	3.602591e-09	8.986869e-09	3.068569e+01	2.316584e+02
4.410000e-06	3.606520e-09	9.009725e-09	3.071916e+01	2.319807e+02
4.420000e-06	3.610335e-09	9.032881e-09	3.075165e+01	2.322876e+02
4.430000e-06	3.614020e-09	9.048876e-09	3.078304e+01	2.325763e+02
4.440000e-06	3.617527e-09	9.053861e-09	3.081291e+01	2.328443e+02
4.450000e-06	3.620846e-09	9.049793e-09	3.084119e+01	2.330899e+02
4.460000e-06	3.623970e-09	9.043497e-09	3.086779e+01	2.333128e+02
4.470000e-06	3.626874e-09	9.042709e-09	3.089253e+01	2.335139e+02
4.480000e-06	3.629522e-09	9.050293e-09	3.091508e+01	2.336955e+02
4.490000e-06	3.631906e-09	9.064097e-09	3.093539e+01	2.338609e+02
4.500000e-06	3.634033e-09	9.081228e-09	3.095351e+01	2.340140e+02
4.510000e-06	3.635879e-09	9.094524e-09	3.096923e+01	2.341590e+02
4.520000e-06	3.637426e-09	9.096810e-09	3.098241e+01	2.342997e+02
4.530000e-06	3.638705e-09	9.092776e-09	3.099330e+01	2.344391e+02
4.540000e-06	3.639764e-09	9.088435e-09	3.100232e+01	2.345790e+02
4.550000e-06	3.640610e-09	9.082502e-09	3.100952e+01	2.347195e+02
4.560000e-06	3.641264e-09	9.080430e-09	3.101509e+01	2.348592e+02
4.570000e-06	3.641762e-09	9.088873e-09	3.101934e+01	2.349953e+02
4.580000e-06	3.642138e-09	9.099398e-09	3.102254e+01	2.351236e+02
4.590000e-06	3.642412e-09	9.103583e-09	3.102488e+01	2.352396e+02
4.600000e-06	3.642598e-09	9.107238e-09	3.102645e+01	2.353386e+02
4.610000e-06	3.642687e-09	9.108932e-09	3.102722e+01	2.354162e+02
4.620000e-06	3.642676e-09	9.103946e-09	3.102713e+01	2.354696e+02
4.630000e-06	3.642570e-09	9.100506e-09	3.102622e+01	2.354969e+02
4.640000e-06	3.642353e-09	9.096124e-09	3.102437e+01	2.354985e+02
4.650000e-06	3.641987e-09	9.083560e-09	3.102126e+01	2.354761e+02
4.660000e-06	3.641470e-09	9.090187e-09	3.101685e+01	2.354332e+02
4.670000e-06	3.640778e-09	9.167864e-09	3.101096e+01	2.353745e+02
4.680000e-06	3.639885e-09	9.230194e-09	3.100335e+01	2.353052e+02
4.690000e-06	3.638826e-09	9.145746e-09	3.099433e+01	2.352308e+02
4.700000e-06	3.637587e-09	9.061559e-09	3.098378e+01	2.351560e+02
4.710000e-06	3.636140e-09	9.074766e-09	3.097145e+01	2.350848e+02
4.720000e-06	3.634512e-09	8.954753e-09	3.095758e+01	2.350196e+02
4.730000e-06	3.632749e-09	8.849523e-09	3.094257e+01	2.349615e+02
4.740000e-06	3.630861e-09	9.039713e-09	3.092649e+01	2.349098e+02
4.750000e-06	3.628844e-09	9.159214e-09	3.090931e+01	2.348627e+02
4.760000e-06	3.626693e-09	9.051046e-09	3.089098e+01	2.348173e+02
4.770000e-06	3.624407e-09	9.114710e-09	3.087151e+01	2.347703e+02
4.780000e-06	3.621986e-09	9.243842e-09	3.085089e+01	2.347181e+02
4.790000e-06	3.619407e-09	9.100517e-09	3.082892e+01	2.346578e+02
4.800000e-06	3.616663e-09	8.976886e-09	3.080555e+01	2.345868e+02
4.810000e-06	3.613738e-09	9.084913e-09	3.078064e+01	2.345038e+02
4.820000e-06	3.610635e-09	9.126880e-09	3.075421e+01	2.344081e+02
4.830000e-06	3.607374e-09	8.995141e-09	3.072643e+01	2.343000e+02
4.840000e-06	3.603972e-09	8.972371e-09	3.069745e+01	2.341806e+02
4.850000e-06	3.600458e-09	9.117015e-09	3.066752e+01	2.340511e+02
4.860000e-06	3.596829e-09	9.109404e-09	3.063662e+01	2.339131e+02
4.870000e-06	3.593103e-09	8.928632e-09	3.060488e+01	2.337676e+02
4.880000e-06	3.589290e-09	8.941025e-09	3.057240e+01	2.336156e+02
4.890000e-06	3.585391e-09	9.131115e-09	3.053919e+01	2.334573e+02
4.900000e-06	3.581418e-09	9.116969e-09	3.050535e+01	2.332926e+02
4.910000e-06	3.577348e-09	8.958766e-09	3.047068e+01	2.331210e+02
4.920000e-06	3.573143e-09	9.017387e-09	3.043486e+01	2.329420e+02
4.930000e-06	3.568775e-09	9.168569e-09	3.039766e+01	2.327552e+02
4.940000e-06	3.564215e-09	9.051020e-09	3.035882e+01	2.325605e+02
4.950000e-06	3.559420e-09	8.879917e-09	3.031798e+01	2.323584e+02
4.960000e-06	3.554364e-09	8.977870e-09	3.027491e+01	2.321500e+02
4.970000e-06	3.549053e-09	9.038996e-09	3.022967e+01	2.319371e+02
4.980000e-06	3.543490e-09	8.892994e-09	3.018229e+01	2.317218e+02
4.990000e-06	3.537656e-09	8.918008e-09	3.013260e+01	2.315065e+02
5.000000e-06	3.531539e-09	9.120215e-09	3.008050e+01	2.312934e+02
5.010000e-06	3.525140e-09	9.053678e-09	3.002599e+01	2.310840e+02
5.020000e-06	3.518471e-09	8.858560e-09	2.996919e+01	2.308792e+02
5.030000e-06	3.511569e-09	8.949503e-09	2.991040e+01	2.306785e+02
5.040000e-06	3.504475e-09	9.040842e-09	2.984998e+01	2.304804e+02
5.050000e-06	3.497226e-09	8.894655e-09	2.978823e+01	2.302820e+02
5.060000e-06	3.489824e-09	8.904566e-09	2.972518e+01	2.300793e+02
5.070000e-06	3.482269e-09	9.098012e-09	2.966083e+01	2.298676e+02
5.080000e-06	3.474604e-09	9.025877e-09	2.959555e+01	2.296419e+02
5.090000e-06	3.466851e-09	8.850225e-09	2.952950e+01	2.293970e+02
5.100000e-06	3.459008e-09	8.957105e-09	2.946270e+01	2.291286e+02
5.110000e-06	3.451076e-09	9.017668e-09	2.939514e+01	2.288329e+02
5.120000e-06	3.443046e-09	8.860999e-09	2.932675e+01	2.285076e+02
5.130000e-06	3.434914e-09	8.913310e-09	2.925748e+01	2.281515e+02
5.140000e-06	3.426662e-09	9.078516e-09	2.918719e+01	2.277647e+02
5.150000e-06	3.418265e-09	8.956476e-09	2.911567e+01	2.273483e+02
5.160000e-06	3.409710e-09	8.849785e-09	2.904280e+01	2.269044e+02
5.170000e-06	3.401001e-09	8.964662e-09	2.896862e+01	2.264354e+02
5.180000e-06	3.392130e-09	8.914861e-09	2.889306e+01	2.259438e+02
5.190000e-06	3.383073e-09	8.768251e-09	2.881591e+01	2.254320e+02
5.200000e-06	3.373837e-09	8.846522e-09	2.873724e+01	2.249018e+02
5.210000e-06	3.364450e-09	8.896648e-09	2.865729e+01	2.243542e+02
5.220000e-06	3.354932e-09	8.776806e-09	2.857622e+01	2.237900e+02
5.230000e-06	3.345278e-09	8.775105e-09	2.849398e+01	2.232091e+02
5.240000e-06	3.335489e-09	8.818997e-09	2.841061e+01	2.226111e+02
5.250000e-06	3.325590e-09	8.718031e-09	2.832629e+01	2.219955e+02
5.260000e-06	3.315572e-09	8.664579e-09	2.824096e+01	2.213621e+02
5.270000e-06	3.305430e-09	8.697644e-09	2.815458e+01	2.207111e+02
5.280000e-06	3.295158e-09	8.655011e-09	2.806708e+01	2.200431e+02
5.290000e-06	3.284724e-09	8.609465e-09	2.797821e+01	2.193594e+02
5.300000e-06	3.274131e-09	8.624872e-09	2.788798e+01	2.186621e+02
5.310000e-06	3.263380e-09	8.589353e-09	2.779641e+01	2.179534e+02
5.320000e-06	3.252459e-09	8.530103e-09	2.770339e+01	2.172359e+02
5.330000e-06	3.241372e-09	8.512251e-09	2.760895e+01	2.165120e+02
5.340000e-06	3.230103e-09	8.476522e-09	2.751297e+01	2.157840e+02
5.350000e-06	3.218660e-09	8.441416e-09	2.741550e+01	2.150533e+02
5.360000e-06	3.207084e-09	8.433121e-09	2.731689e+01	2.143206e+02
5.370000e-06	3.195372e-09	8.404665e-09	2.721714e+01	2.135858e+02
5.380000e-06	3.183522e-09	8.368413e-09	2.711620e+01	2.128480e+02
5.390000e-06	3.171545e-09	8.347166e-09	2.701419e+01	2.121055e+02
5.400000e-06	3.159445e-09	8.308607e-09	2.691112e+01	2.113564e+02
5.410000e-06	3.147179e-09	8.264182e-09	2.680665e+01	2.105984e+02
5.420000e-06	3.134735e-09	8.237130e-09	2.670065e+01	2.098296e+02
5.430000e-06	3.122123e-09	8.201773e-09	2.659323e+01	2.090483e+02
5.440000e-06	3.109339e-09	8.174549e-09	2.648434e+01	2.082535e+02
5.450000e-06	3.096366e-09	8.163900e-09	2.637384e+01	2.074450e+02
5.460000e-06	3.083163e-09	8.132790e-09	2.626138e+01	2.066231e+02
5.470000e-06	3.069728e-09	8.090506e-09	2.614694e+01	2.057889e+02
5.480000e-06	3.056059e-09	8.056366e-09	2.603051e+01	2.049439e+02
5.490000e-06	3.042130e-09	8.013864e-09	2.591188e+01	2.040899e+02
5.500000e-06	3.027939e-09	7.966139e-09	2.579100e+01	2.032285e+02
5.510000e-06	3.013499e-09	7.930782e-09	2.566800e+01	2.023613e+02
5.520000e-06	2.998838e-09	7.901980e-09	2.554313e+01	2.014891e+02
5.530000e-06	2.983959e-09	7.876924e-09	2.541639e+01	2.006127e+02
5.540000e-06	2.968877e-09	7.852377e-09	2.528793e+01	1.997317e+02
5.550000e-06	2.953616e-09	7.820958e-09	2.515794e+01	1.988458e+02
5.560000e-06	2.938218e-09	7.783943e-09	2.502678e+01	1.979540e+02
5.570000e-06	2.922717e-09	7.742799e-09	2.489476e+01	1.970551e+02
5.580000e-06	2.907114e-09	7.702566e-09	2.476185e+01	1.961480e+02
5.590000e-06	2.891413e-09	7.659583e-09	2.462811e+01	1.952318e+02
5.600000e-06	2.875631e-09	7.609726e-09	2.449369e+01	1.943059e+02
5.610000e-06	2.859784e-09	7.567554e-09	2.435871e+01	1.933700e+02
5.620000e-06	2.843881e-09	7.540081e-09	2.422326e+01	1.924243e+02
5.630000e-06	2.827914e-09	7.511325e-09	2.408725e+01	1.914695e+02
5.640000e-06	2.811872e-09	7.477766e-09	2.395061e+01	1.905063e+02
5.650000e-06	2.795742e-09	7.446846e-09	2.381322e+01	1.895357e+02
5.660000e-06	2.779514e-09	7.412947e-09	2.367499e+01	1.885588e+02
5.670000e-06	2.763181e-09	7.372459e-09	2.353588e+01	1.875762e+02
5.680000e-06	2.746723e-09	7.322919e-09	2.339569e+01	1.865885e+02
5.690000e-06	2.730127e-09	7.266584e-09	2.325434e+01	1.855960e+02
5.700000e-06	2.713385e-09	7.214719e-09	2.311173e+01	1.845986e+02
5.710000e-06	2.696509e-09	7.175738e-09	2.296799e+01	1.835957e+02
5.720000e-06	2.679499e-09	7.147786e-09	2.282310e+01	1.825868e+02
5.730000e-06	2.662348e-09	7.120648e-09	2.267701e+01	1.815712e+02
5.740000e-06	2.645054e-09	7.091377e-09	2.252971e+01	1.805481e+02
5.750000e-06	2.627635e-09	7.057527e-09	2.238134e+01	1.795169e+02
5.760000e-06	2.610117e-09	7.013453e-09	2.223213e+01	1.784772e+02
5.770000e-06	2.592494e-09	6.958148e-09	2.208203e+01	1.774287e+02
5.780000e-06	2.574773e-09	6.895747e-09	2.193108e+01	1.763715e+02
5.790000e-06	2.556959e-09	6.838785e-09	2.177935e+01	1.753055e+02
5.800000e-06	2.539059e-09	6.798883e-09	2.162688e+01	1.742311e+02
5.810000e-06	2.521075e-09	6.774456e-09	2.147370e+01	1.731485e+02
5.820000e-06	2.503007e-09	6.751825e-09	2.131980e+01	1.720580e+02
5.830000e-06	2.484837e-09	6.720070e-09	2.116503e+01	1.709598e+02
5.840000e-06	2.466553e-09	6.676699e-09	2.100930e+01	1.698540e+02
5.850000e-06	2.448164e-09	6.622839e-09	2.085267e+01	1.687407e+02
5.860000e-06	2.429676e-09	6.561430e-09	2.069519e+01	1.676198e+02
5.870000e-06	2.411068e-09	6.499891e-09	2.053670e+01	1.664914e+02
5.880000e-06	2.392324e-09	6.448941e-09	2.037704e+01	1.653556e+02
5.890000e-06	2.373468e-09	6.412156e-09	2.021643e+01	1.642126e+02
5.900000e-06	2.354505e-09	6.383072e-09	2.005491e+01	1.630627e+02
5.910000e-06	2.335398e-09	6.350230e-09	1.989216e+01	1.619064e+02
5.920000e-06	2.316173e-09	6.306808e-09	1.972841e+01	1.607444e+02
5.930000e-06	2.296865e-09	6.254550e-09	1.956395e+01	1.595772e+02
5.940000e-06	2.277464e-09	6.200330e-09	1.939870e+01	1.584055e+02
5.950000e-06	2.257969e-09	6.147775e-09	1.923264e+01	1.572297e+02
5.960000e-06	2.238385e-09	6.097784e-09	1.906583e+01	1.560504e+02
5.970000e-06	2.218729e-09	6.053070e-09	1.889841e+01	1.548674e+02
5.980000e-06	2.199025e-09	6.011961e-09	1.873058e+01	1.536809e+02
5.990000e-06	2.179280e-09	5.971175e-09	1.856239e+01	1.524903e+02
6.000000e-06	2.159486e-09	5.926786e-09	1.839380e+01	1.512953e+02
6.010000e-06	2.139657e-09	5.876672e-09	1.822490e+01	1.500953e+02
6.020000e-06	2.119789e-09	5.823438e-09	1.805568e+01	1.488898e+02
6.030000e-06	2.099875e-09	5.770561e-09	1.788605e+01	1.476783e+02
6.040000e-06	2.079924e-09	5.721817e-09	1.771612e+01	1.464608e+02
6.050000e-06	2.059946e-09	5.676548e-09	1.754595e+01	1.452374e+02
6.060000e-06	2.039930e-09	5.630335e-09	1.737546e+01	1.440083e+02
6.070000e-06	2.019870e-09	5.583792e-09	1.720460e+01	1.427743e+02
6.080000e-06	1.999758e-09	5.539361e-09	1.703329e+01	1.415360e+02
6.090000e-06	1.979580e-09	5.492811e-09	1.686141e+01	1.402943e+02
6.100000e-06	1.959314e-09	5.441165e-09	1.668879e+01	1.390498e+02
6.110000e-06	1.938936e-09	5.386318e-09	1.651522e+01	1.378031e+02
6.120000e-06	1.918470e-09	5.331102e-09	1.634090e+01	1.365541e+02
6.130000e-06	1.897927e-09	5.280969e-09	1.616593e+01	1.353029e+02
6.140000e-06	1.877247e-09	5.235966e-09	1.598978e+01	1.340488e+02
6.150000e-06	1.856413e-09	5.189665e-09	1.581232e+01	1.327911e+02
6.160000e-06	1.835442e-09	5.139033e-09	1.563370e+01	1.315285e+02
6.170000e-06	1.814321e-09	5.088767e-09	1.545379e+01	1.302602e+02
6.180000e-06	1.793036e-09	5.040924e-09	1.527250e+01	1.289850e+02
6.190000e-06	1.771604e-09	4.989788e-09	1.508994e+01	1.277022e+02
6.200000e-06	1.750010e-09	4.931949e-09	1.490602e+01	1.264114e+02
6.210000e-06	1.728234e-09	4.871928e-09	1.472053e+01	1.251126e+02
6.220000e-06	1.706332e-09	4.819117e-09	1.453398e+01	1.238062e+02
6.230000e-06	1.684318e-09	4.775946e-09	1.434647e+01	1.224930e+02
6.240000e-06	1.662143e-09	4.732880e-09	1.415760e+01	1.211740e+02
6.250000e-06	1.639805e-09	4.683690e-09	1.396732e+01	1.198503e+02
6.260000e-06	1.617361e-09	4.633467e-09	1.377616e+01	1.185230e+02
6.270000e-06	1.594829e-09	4.579464e-09	1.358424e+01	1.171930e+02
6.280000e-06	1.572166e-09	4.518359e-09	1.339120e+01	1.158606e+02
6.290000e-06	1.549390e-09	4.459066e-09	1.319720e+01	1.145261e+02
6.300000e-06	1.526516e-09	4.404014e-09	1.300237e+01	1.131890e+02
6.310000e-06	1.503515e-09	4.351531e-09	1.280646e+01	1.118489e+02
6.320000e-06	1.480401e-09	4.303402e-09	1.260958e+01	1.105047e+02
6.330000e-06	1.457202e-09	4.258925e-09	1.241198e+01	1.091556e+02
6.340000e-06	1.433928e-09	4.213455e-09	1.221374e+01	1.078009e+02
6.350000e-06	1.410597e-09	4.162674e-09	1.201501e+01	1.064399e+02
6.360000e-06	1.387204e-09	4.105388e-09	1.181576e+01	1.050726e+02
6.370000e-06	1.363745e-09	4.045284e-09	1.161594e+01	1.036994e+02
6.380000e-06	1.340221e-09	3.987021e-09	1.141557e+01	1.023208e+02
6.390000e-06	1.316643e-09	3.930619e-09	1.121474e+01	1.009383e+02
6.400000e-06	1.293039e-09	3.877999e-09	1.101369e+01	9.955298e+01
6.410000e-06	1.269394e-09	3.827569e-09	1.081229e+01	9.816639e+01
6.420000e-06	1.245705e-09	3.775610e-09	1.061051e+01	9.677971e+01
6.430000e-06	1.221995e-09	3.724063e-09	1.040856e+01	9.539382e+01
6.440000e-06	1.198262e-09	3.672775e-09	1.020640e+01	9.400907e+01
6.450000e-06	1.174499e-09	3.618874e-09	1.000400e+01	9.262523e+01
6.460000e-06	1.150703e-09	3.562586e-09	9.801312e+00	9.124147e+01
6.470000e-06	1.126888e-09	3.506551e-09	9.598464e+00	8.985647e+01
6.480000e-06	1.103051e-09	3.451486e-09	9.395432e+00	8.846854e+01
6.490000e-06	1.079196e-09	3.396908e-09	9.192246e+00	8.707583e+01
6.500000e-06	1.055328e-09	3.341437e-09	8.988941e+00	8.567661e+01
6.510000e-06	1.031440e-09	3.284622e-09	8.785474e+00	8.426945e+01
6.520000e-06	1.007532e-09	3.228460e-09	8.581831e+00	8.285343e+01
6.530000e-06	9.835965e-10	3.173546e-09	8.377956e+00	8.142828e+01
6.540000e-06	9.596422e-10	3.119361e-09	8.173921e+00	7.999444e+01
6.550000e-06	9.356859e-10	3.065628e-09	7.969869e+00	7.855298e+01
6.560000e-06	9.117163e-10	3.011842e-09	7.765703e+00	7.710550e+01
6.570000e-06	8.877204e-10	2.956628e-09	7.561314e+00	7.565398e+01
6.580000e-06	8.636974e-10	2.900042e-09	7.356694e+00	7.420046e+01
6.590000e-06	8.396399e-10	2.843208e-09	7.151780e+00	7.274689e+01
6.600000e-06	8.155594e-10	2.785817e-09	6.946670e+00	7.129484e+01
6.610000e-06	7.914593e-10	2.726667e-09	6.741393e+00	6.984534e+01
6.620000e-06	7.673227e-10	2.667253e-09	6.535805e+00	6.839882e+01
6.630000e-06	7.431482e-10	2.612073e-09	6.329895e+00	6.695499e+01
6.640000e-06	7.189658e-10	2.559678e-09	6.123917e+00	6.551300e+01
6.650000e-06	6.947759e-10	2.503442e-09	5.917875e+00	6.407149e+01
6.660000e-06	6.705705e-10	2.443678e-09	5.711702e+00	6.262878e+01
6.670000e-06	6.463446e-10	2.386571e-09	5.505353e+00	6.118312e+01
6.680000e-06	6.220724e-10	2.331477e-09	5.298611e+00	5.973284e+01
6.690000e-06	5.977603e-10	2.273254e-09	5.091529e+00	5.827655e+01
6.700000e-06	5.734201e-10	2.213720e-09	4.884207e+00	5.681326e+01
6.710000e-06	5.490590e-10	2.156562e-09	4.676708e+00	5.534247e+01
6.720000e-06	5.246940e-10	2.099813e-09	4.469174e+00	5.386415e+01
6.730000e-06	5.003350e-10	2.044670e-09	4.261693e+00	5.237872e+01
6.740000e-06	4.759388e-10	1.991856e-09	4.053894e+00	5.088691e+01
6.750000e-06	4.514869e-10	1.935544e-09	3.845622e+00	4.938967e+01
6.760000e-06	4.270185e-10	1.875448e-09	3.637208e+00	4.788801e+01
6.770000e-06	4.025584e-10	1.813354e-09	3.428865e+00	4.638288e+01
6.780000e-06	3.781086e-10	1.746649e-09	3.220610e+00	4.487509e+01
6.790000e-06	3.536290e-10	1.677138e-09	3.012101e+00	4.336521e+01
6.800000e-06	3.291040e-10	1.615950e-09	2.803205e+00	4.185362e+01
6.810000e-06	3.045647e-10	1.567122e-09	2.594187e+00	4.034043e+01
6.820000e-06	2.800105e-10	1.519627e-09	2.385042e+00	3.882563e+01
6.830000e-06	2.554270e-10	1.465223e-09	2.175649e+00	3.730908e+01
6.840000e-06	2.308412e-10	1.404951e-09	1.966234e+00	3.579062e+01
6.850000e-06	2.062420e-10	1.342428e-09	1.756707e+00	3.427007e+01
6.860000e-06	1.816201e-10	1.277358e-09	1.546985e+00	3.274736e+01
6.870000e-06	1.570079e-10	1.209409e-09	1.337346e+00	3.122246e+01
6.880000e-06	1.324025e-10	1.143244e-09	1.127766e+00	2.969541e+01
6.890000e-06	1.077968e-10	1.085032e-09	9.181829e-01	2.816628e+01
6.900000e-06	8.317168e-11	1.035361e-09	7.084344e-01	2.663513e+01
6.910000e-06	5.854220e-11	9.841822e-10	4.986487e-01	2.510201e+01
6.920000e-06	3.392740e-11	9.245481e-10	2.889880e-01	2.356686e+01
6.930000e-06	9.313743e-12	8.611184e-10	7.933710e-02	2.202955e+01
6.940000e-06	-1.528981e-11	8.008700e-10	-1.302276e-01	2.048988e+01
6.950000e-06	-3.988864e-11	7.411888e-10	-3.397523e-01	1.894760e+01
6.960000e-06	-6.448857e-11	6.767720e-10	-5.492866e-01	1.740246e+01
6.970000e-06	-8.909042e-11	6.152587e-10	-7.588370e-01	1.585426e+01
6.980000e-06	-1.136914e-10	5.631552e-10	-9.683795e-01	1.430291e+01
6.990000e-06	-1.382928e-10	5.106845e-10	-1.177927e+00	1.274847e+01
7.000000e-06	-1.628798e-10	4.474067e-10	-1.387351e+00	1.119117e+01
7.010000e-06	-1.874587e-10	3.790973e-10	-1.596706e+00	9.631389e+00
7.020000e-06	-2.120491e-10	3.150458e-10	-1.806159e+00	8.069636e+00
7.030000e-06	-2.366185e-10	2.537039e-10	-2.015433e+00	6.506487e+00
7.040000e-06	-2.611444e-10	1.916740e-10	-2.224336e+00	4.942508e+00
7.050000e-06	-2.856569e-10	1.320627e-10	-2.433126e+00	3.378171e+00
7.060000e-06	-3.101764e-10	7.521507e-11	-2.641975e+00	1.813783e+00
7.070000e-06	-3.346791e-10	1.797580e-11	-2.850681e+00	2.494238e-01
7.080000e-06	-3.591591e-10	-3.988049e-11	-3.059194e+00	-1.315082e+00
7.090000e-06	-3.836195e-10	-1.014630e-10	-3.267540e+00	-2.880166e+00
7.100000e-06	-4.080577e-10	-1.696825e-10	-3.475696e+00	-4.446477e+00
7.110000e-06	-4.324735e-10	-2.386165e-10	-3.683663e+00	-6.014819e+00
7.120000e-06	-4.568722e-10	-3.002206e-10	-3.891483e+00	-7.586064e+00
7.130000e-06	-4.812568e-10	-3.567478e-10	-4.099183e+00	-9.161054e+00
7.140000e-06	-5.056044e-10	-4.154168e-10	-4.306568e+00	-1.074051e+01
7.150000e-06	-5.299292e-10	-4.741023e-10	-4.513759e+00	-1.232494e+01
7.160000e-06	-5.542406e-10	-5.303548e-10	-4.720835e+00	-1.391461e+01
7.170000e-06	-5.785241e-10	-5.914173e-10	-4.927674e+00	-1.550948e+01
7.180000e-06	-6.027799e-10	-6.588507e-10	-5.134277e+00	-1.710927e+01
7.190000e-06	-6.270122e-10	-7.269849e-10	-5.340680e+00	-1.871341e+01
7.200000e-06	-6.512234e-10	-7.932058e-10	-5.546903e+00	-2.032121e+01
7.210000e-06	-6.754070e-10	-8.571542e-10	-5.752891e+00	-2.193184e+01
7.220000e-06	-6.995727e-10	-9.198128e-10	-5.958726e+00	-2.354448e+01
7.230000e-06	-7.237160e-10	-9.821976e-10	-6.164371e+00	-2.515835e+01
7.240000e-06	-7.478304e-10	-1.045377e-09	-6.369771e+00	-2.677281e+01
7.250000e-06	-7.719164e-10	-1.105529e-09	-6.574927e+00	-2.838735e+01
7.260000e-06	-7.959749e-10	-1.161615e-09	-6.779850e+00	-3.000165e+01
7.270000e-06	-8.200042e-10	-1.221422e-09	-6.984524e+00	-3.161557e+01
7.280000e-06	-8.439995e-10	-1.287104e-09	-7.188908e+00	-3.322909e+01
7.290000e-06	-8.679899e-10	-1.357144e-09	-7.393250e+00	-3.484231e+01
7.300000e-06	-8.919880e-10	-1.431094e-09	-7.597658e+00	-3.645539e+01
7.310000e-06	-9.159723e-10	-1.503876e-09	-7.801949e+00	-3.806851e+01
7.320000e-06	-9.399270e-10	-1.566873e-09	-8.005987e+00	-3.968186e+01
7.330000e-06	-9.638444e-10	-1.621574e-09	-8.209708e+00	-4.129556e+01
7.340000e-06	-9.877373e-10	-1.674976e-09	-8.413220e+00	-4.290966e+01
7.350000e-06	-1.011622e-09	-1.728015e-09	-8.616660e+00	-4.452418e+01
7.360000e-06	-1.035495e-09	-1.784985e-09	-8.820009e+00	-4.613901e+01
7.370000e-06	-1.059357e-09	-1.850795e-09	-9.023256e+00	-4.775403e+01
7.380000e-06	-1.083200e-09	-1.925187e-09	-9.226344e+00	-4.936899e+01
7.390000e-06	-1.107020e-09	-2.001455e-09	-9.429235e+00	-5.098364e+01
7.400000e-06	-1.130815e-09	-2.070074e-09	-9.631911e+00	-5.259764e+01
7.410000e-06	-1.154584e-09	-2.127517e-09	-9.834367e+00	-5.421060e+01
7.420000e-06	-1.178325e-09	-2.180289e-09	-1.003659e+01	-5.582213e+01
7.430000e-06	-1.202040e-09	-2.237765e-09	-1.023858e+01	-5.743180e+01
7.440000e-06	-1.225725e-09	-2.299792e-09	-1.044032e+01	-5.903917e+01
7.450000e-06	-1.249372e-09	-2.363605e-09	-1.064174e+01	-6.064386e+01
7.460000e-06	-1.272986e-09	-2.427668e-09	-1.084288e+01	-6.224555e+01
7.470000e-06	-1.296549e-09	-2.491831e-09	-1.104358e+01	-6.384400e+01
7.480000e-06	-1.320073e-09	-2.558288e-09	-1.124395e+01	-6.543910e+01
7.490000e-06	-1.343554e-09	-2.623143e-09	-1.144396e+01	-6.703089e+01
7.500000e-06	-1.366966e-09	-2.681584e-09	-1.164337e+01	-6.861954e+01
7.510000e-06	-1.390325e-09	-2.739002e-09	-1.184233e+01	-7.020536e+01
7.520000e-06	-1.413633e-09	-2.804087e-09	-1.204087e+01	-7.178875e+01
7.530000e-06	-1.436864e-09	-2.870840e-09	-1.223874e+01	-7.337013e+01
7.540000e-06	-1.460009e-09	-2.928797e-09	-1.243588e+01	-7.494989e+01
7.550000e-06	-1.483057e-09	-2.982597e-09	-1.263220e+01	-7.652830e+01
7.560000e-06	-1.505990e-09	-3.040346e-09	-1.282753e+01	-7.810546e+01
7.570000e-06	-1.528838e-09	-3.101537e-09	-1.302215e+01	-7.968121e+01
7.580000e-06	-1.551600e-09	-3.163897e-09	-1.321602e+01	-8.125514e+01
7.590000e-06	-1.574252e-09	-3.226276e-09	-1.340896e+01	-8.282658e+01
7.600000e-06	-1.596794e-09	-3.288960e-09	-1.360097e+01	-8.439461e+01
7.610000e-06	-1.619204e-09	-3.357203e-09	-1.379185e+01	-8.595821e+01
7.620000e-06	-1.641467e-09	-3.427905e-09	-1.398148e+01	-8.751626e+01
7.630000e-06	-1.663584e-09	-3.488026e-09	-1.416986e+01	-8.906777e+01
7.640000e-06	-1.685554e-09	-3.537632e-09	-1.435699e+01	-9.061189e+01
7.650000e-06	-1.707363e-09	-3.588909e-09	-1.454276e+01	-9.214808e+01
7.660000e-06	-1.729045e-09	-3.645109e-09	-1.472744e+01	-9.367613e+01
7.670000e-06	-1.750610e-09	-3.702164e-09	-1.491112e+01	-9.519623e+01
7.680000e-06	-1.772036e-09	-3.760516e-09	-1.509362e+01	-9.670890e+01
7.690000e-06	-1.793316e-09	-3.823761e-09	-1.527487e+01	-9.821492e+01
7.700000e-06	-1.814427e-09	-3.892010e-09	-1.545469e+01	-9.971525e+01
7.710000e-06	-1.835405e-09	-3.959438e-09	-1.563337e+01	-1.012109e+02
7.720000e-06	-1.856266e-09	-4.017878e-09	-1.581106e+01	-1.027026e+02
7.730000e-06	-1.876990e-09	-4.066468e-09	-1.598758e+01	-1.041911e+02
7.740000e-06	-1.897581e-09	-4.114369e-09	-1.616297e+01	-1.056766e+02
7.750000e-06	-1.918052e-09	-4.169839e-09	-1.633733e+01	-1.071590e+02
7.760000e-06	-1.938426e-09	-4.228940e-09	-1.651087e+01	-1.086379e+02
7.770000e-06	-1.958709e-09	-4.285630e-09	-1.668364e+01	-1.101124e+02
7.780000e-06	-1.978910e-09	-4.343558e-09	-1.685570e+01	-1.115815e+02
7.790000e-06	-1.999050e-09	-4.407545e-09	-1.702725e+01	-1.130443e+02
7.800000e-06	-2.019124e-09	-4.474544e-09	-1.719823e+01	-1.144998e+02
7.810000e-06	-2.039133e-09	-4.536112e-09	-1.736866e+01	-1.159473e+02
7.820000e-06	-2.059099e-09	-4.589097e-09	-1.753872e+01	-1.173866e+02
7.830000e-06	-2.079030e-09	-4.638688e-09	-1.770849e+01	-1.188177e+02
7.840000e-06	-2.098925e-09	-4.691396e-09	-1.787796e+01	-1.202410e+02
7.850000e-06	-2.118782e-09	-4.744315e-09	-1.804709e+01	-1.216572e+02
7.860000e-06	-2.138606e-09	-4.791891e-09	-1.821594e+01	-1.230672e+02
7.870000e-06	-2.158386e-09	-4.842255e-09	-1.838442e+01	-1.244719e+02
7.880000e-06	-2.178121e-09	-4.904610e-09	-1.855252e+01	-1.258719e+02
7.890000e-06	-2.197817e-09	-4.972460e-09	-1.872028e+01	-1.272677e+02
7.900000e-06	-2.217454e-09	-5.035487e-09	-1.888755e+01	-1.286591e+02
7.910000e-06	-2.237015e-09	-5.091752e-09	-1.905416e+01	-1.300457e+02
7.920000e-06	-2.256506e-09	-5.141222e-09	-1.922018e+01	-1.314265e+02
7.930000e-06	-2.275909e-09	-5.185675e-09	-1.938545e+01	-1.328003e+02
7.940000e-06	-2.295198e-09	-5.233198e-09	-1.954975e+01	-1.341657e+02
7.950000e-06	-2.314386e-09	-5.284468e-09	-1.971318e+01	-1.355214e+02
7.960000e-06	-2.333481e-09	-5.333970e-09	-1.987582e+01	-1.368664e+02
7.970000e-06	-2.352451e-09	-5.387434e-09	-2.003741e+01	-1.382000e+02
7.980000e-06	-2.371276e-09	-5.451692e-09	-2.019775e+01	-1.395223e+02
7.990000e-06	-2.389970e-09	-5.517068e-09	-2.035698e+01	-1.408341e+02
8.000000e-06	-2.408531e-09	-5.568561e-09	-2.051508e+01	-1.421364e+02
8.010000e-06	-2.426959e-09	-5.609593e-09	-2.067204e+01	-1.434313e+02
8.020000e-06	-2.445267e-09	-5.651817e-09	-2.082798e+01	-1.447205e+02
8.030000e-06	-2.463469e-09	-5.697892e-09	-2.098302e+01	-1.460061e+02
8.040000e-06	-2.481587e-09	-5.745311e-09	-2.113734e+01	-1.472898e+02
8.050000e-06	-2.499617e-09	-5.791288e-09	-2.129092e+01	-1.485728e+02
8.060000e-06	-2.517556e-09	-5.841024e-09	-2.144372e+01	-1.498555e+02
8.070000e-06	-2.535422e-09	-5.901438e-09	-2.159589e+01	-1.511375e+02
8.080000e-06	-2.553219e-09	-5.968741e-09	-2.174748e+01	-1.524176e+02
8.090000e-06	-2.570922e-09	-6.029556e-09	-2.189827e+01	-1.536940e+02
8.100000e-06	-2.588527e-09	-6.074741e-09	-2.204823e+01	-1.549642e+02
8.110000e-06	-2.606050e-09	-6.111758e-09	-2.219748e+01	-1.562257e+02
8.120000e-06	-2.623464e-09	-6.147855e-09	-2.234581e+01	-1.574760e+02
8.130000e-06	-2.640737e-09	-6.184052e-09	-2.249293e+01	-1.587131e+02
8.140000e-06	-2.657859e-09	-6.223161e-09	-2.263878e+01	-1.599358e+02
8.150000e-06	-2.674859e-09	-6.268911e-09	-2.278358e+01	-1.611438e+02
8.160000e-06	-2.691730e-09	-6.328217e-09	-2.292727e+01	-1.623374e+02
8.170000e-06	-2.708433e-09	-6.396050e-09	-2.306955e+01	-1.635183e+02
8.180000e-06	-2.724998e-09	-6.457475e-09	-2.321064e+01	-1.646886e+02
8.190000e-06	-2.741442e-09	-6.503124e-09	-2.335071e+01	-1.658509e+02
8.200000e-06	-2.757759e-09	-6.534506e-09	-2.348969e+01	-1.670078e+02
8.210000e-06	-2.773978e-09	-6.560785e-09	-2.362784e+01	-1.681617e+02
8.220000e-06	-2.790114e-09	-6.590005e-09	-2.376528e+01	-1.693146e+02
8.230000e-06	-2.806166e-09	-6.629551e-09	-2.390200e+01	-1.704675e+02
8.240000e-06	-2.822147e-09	-6.678912e-09	-2.403812e+01	-1.716205e+02
8.250000e-06	-2.838068e-09	-6.735784e-09	-2.417373e+01	-1.727728e+02
8.260000e-06	-2.853926e-09	-6.797955e-09	-2.430881e+01	-1.739228e+02
8.270000e-06	-2.869708e-09	-6.853967e-09	-2.444323e+01	-1.750682e+02
8.280000e-06	-2.885426e-09	-6.892341e-09	-2.457712e+01	-1.762064e+02
8.290000e-06	-2.901082e-09	-6.916636e-09	-2.471047e+01	-1.773349e+02
8.300000e-06	-2.916623e-09	-6.943947e-09	-2.484284e+01	-1.784512e+02
8.310000e-06	-2.931992e-09	-6.983261e-09	-2.497375e+01	-1.795538e+02
8.320000e-06	-2.947208e-09	-7.033173e-09	-2.510336e+01	-1.806416e+02
8.330000e-06	-2.962251e-09	-7.084985e-09	-2.523149e+01	-1.817144e+02
8.340000e-06	-2.977075e-09	-7.131364e-09	-2.535775e+01	-1.827728e+02
8.350000e-06	-2.991700e-09	-7.174181e-09	-2.548233e+01	-1.838181e+02
8.360000e-06	-3.006099e-09	-7.216596e-09	-2.560497e+01	-1.848519e+02
8.370000e-06	-3.020234e-09	-7.256185e-09	-2.572537e+01	-1.858759e+02
8.380000e-06	-3.034116e-09	-7.289386e-09	-2.584361e+01	-1.868919e+02
8.390000e-06	-3.047747e-09	-7.323148e-09	-2.595971e+01	-1.879012e+02
8.400000e-06	-3.061138e-09	-7.363149e-09	-2.607377e+01	-1.889048e+02
8.410000e-06	-3.074309e-09	-7.407586e-09	-2.618596e+01	-1.899029e+02
8.420000e-06	-3.087274e-09	-7.450298e-09	-2.629639e+01	-1.908955e+02
8.430000e-06	-3.100041e-09	-7.485058e-09	-2.640513e+01	-1.918817e+02
8.440000e-06	-3.112612e-09	-7.515379e-09	-2.651221e+01	-1.928607e+02
8.450000e-06	-3.125033e-09	-7.548886e-09	-2.661801e+01	-1.938312e+02
8.460000e-06	-3.137327e-09	-7.586345e-09	-2.672272e+01	-1.947922e+02
8.470000e-06	-3.149496e-09	-7.624058e-09	-2.682637e+01	-1.957429e+02
8.480000e-06	-3.161533e-09	-7.662746e-09	-2.692890e+01	-1.966827e+02
8.490000e-06	-3.173428e-09	-7.704329e-09	-2.703022e+01	-1.976114e+02
8.500000e-06	-3.185201e-09	-7.745795e-09	-2.713050e+01	-1.985292e+02
8.510000e-06	-3.196850e-09	-7.780985e-09	-2.722972e+01	-1.994366e+02
8.520000e-06	-3.208359e-09	-7.808671e-09	-2.732775e+01	-2.003342e+02
8.530000e-06	-3.219724e-09	-7.838180e-09	-2.742456e+01	-2.012225e+02
8.540000e-06	-3.230939e-09	-7.869503e-09	-2.752008e+01	-2.021020e+02
8.550000e-06	-3.241980e-09	-7.897589e-09	-2.761413e+01	-2.029729e+02
8.560000e-06	-3.252850e-09	-7.929433e-09	-2.770671e+01	-2.038351e+02
8.570000e-06	-3.263559e-09	-7.971036e-09	-2.779792e+01	-2.046883e+02
8.580000e-06	-3.274106e-09	-8.017317e-09	-2.788776e+01	-2.055319e+02
8.590000e-06	-3.284505e-09	-8.058484e-09	-2.797634e+01	-2.063651e+02
8.600000e-06	-3.294762e-09	-8.091901e-09	-2.806371e+01	-2.071871e+02
8.610000e-06	-3.304886e-09	-8.116167e-09	-2.814994e+01	-2.079973e+02
8.620000e-06	-3.314892e-09	-8.134889e-09	-2.823517e+01	-2.087951e+02
8.630000e-06	-3.324775e-09	-8.157928e-09	-2.831934e+01	-2.095802e+02
8.640000e-06	-3.334536e-09	-8.185168e-09	-2.840249e+01	-2.103528e+02
8.650000e-06	-3.344185e-09	-8.218303e-09	-2.848468e+01	-2.111130e+02
8.660000e-06	-3.353696e-09	-8.259840e-09	-2.856569e+01	-2.118612e+02
8.670000e-06	-3.363049e-09	-8.302977e-09	-2.864535e+01	-2.125979e+02
8.680000e-06	-3.372241e-09	-8.337146e-09	-2.872364e+01	-2.133235e+02
8.690000e-06	-3.381276e-09	-8.359311e-09	-2.880061e+01	-2.140381e+02
8.700000e-06	-3.390130e-09	-8.376122e-09	-2.887602e+01	-2.147418e+02
8.710000e-06	-3.398808e-09	-8.392764e-09	-2.894993e+01	-2.154343e+02
8.720000e-06	-3.407338e-09	-8.413841e-09	-2.902259e+01	-2.161152e+02
8.730000e-06	-3.415705e-09	-8.439619e-09	-2.909385e+01	-2.167840e+02
8.740000e-06	-3.423925e-09	-8.470994e-09	-2.916387e+01	-2.174401e+02
8.750000e-06	-3.432042e-09	-8.508700e-09	-2.923301e+01	-2.180831e+02
8.760000e-06	-3.440074e-09	-8.544146e-09	-2.930143e+01	-2.187128e+02
8.770000e-06	-3.448040e-09	-8.568125e-09	-2.936928e+01	-2.193295e+02
8.780000e-06	-3.455937e-09	-8.581781e-09	-2.943654e+01	-2.199335e+02
8.790000e-06	-3.463738e-09	-8.594814e-09	-2.950299e+01	-2.205258e+02
8.800000e-06	-3.471451e-09	-8.612036e-09	-2.956868e+01	-2.211073e+02
8.810000e-06	-3.479077e-09	-8.633054e-09	-2.963364e+01	-2.216791e+02
8.820000e-06	-3.486576e-09	-8.658809e-09	-2.969751e+01	-2.222420e+02
8.830000e-06	-3.493917e-09	-8.688752e-09	-2.976004e+01	-2.227966e+02
8.840000e-06	-3.501084e-09	-8.716992e-09	-2.982108e+01	-2.233430e+02
8.850000e-06	-3.508058e-09	-8.738243e-09	-2.988049e+01	-2.238809e+02
8.860000e-06	-3.514813e-09	-8.754178e-09	-2.993803e+01	-2.244093e+02
8.870000e-06	-3.521326e-09	-8.768988e-09	-2.999350e+01	-2.249269e+02
8.880000e-06	-3.527600e-09	-8.786460e-09	-3.004694e+01	-2.254321e+02
8.890000e-06	-3.533623e-09	-8.806701e-09	-3.009825e+01	-2.259232e+02
8.900000e-06	-3.539373e-09	-8.828372e-09	-3.014722e+01	-2.263987e+02
8.910000e-06	-3.544820e-09	-8.851147e-09	-3.019362e+01	-2.268577e+02
8.920000e-06	-3.549980e-09	-8.871252e-09	-3.023757e+01	-2.272999e+02
8.930000e-06	-3.554889e-09	-8.884693e-09	-3.027938e+01	-2.277256e+02
8.940000e-06	-3.559582e-09	-8.895762e-09	-3.031936e+01	-2.281358e+02
8.950000e-06	-3.564084e-09	-8.911361e-09	-3.035770e+01	-2.285324e+02
8.960000e-06	-3.568412e-09	-8.928848e-09	-3.039457e+01	-2.289173e+02
8.970000e-06	-3.572602e-09	-8.944684e-09	-3.043025e+01	-2.292926e+02
8.980000e-06	-3.576685e-09	-8.959387e-09	-3.046503e+01	-2.296603e+02
8.990000e-06	-3.580671e-09	-8.975089e-09	-3.049899e+01	-2.300216e+02
9.000000e-06	-3.584575e-09	-8.993253e-09	-3.053224e+01	-2.303769e+02
9.010000e-06	-3.588406e-09	-9.008435e-09	-3.056487e+01	-2.307257e+02
9.020000e-06	-3.592157e-09	-9.018735e-09	-3.059682e+01	-2.310664e+02
9.030000e-06	-3.595814e-09	-9.029939e-09	-3.062797e+01	-2.313968e+02
9.040000e-06	-3.599351e-09	-9.044048e-09	-3.065809e+01	-2.317138e+02
9.050000e-06	-3.602748e-09	-9.058104e-09	-3.068703e+01	-2.320145e+02
9.060000e-06	-3.605993e-09	-9.068756e-09	-3.071467e+01	-2.322958e+02
9.070000e-06	-3.609067e-09	-9.075673e-09	-3.074085e+01	-2.325557e+02
9.080000e-06	-3.611966e-09	-9.084743e-09	-3.076554e+01	-2.327930e+02
9.090000e-06	-3.614702e-09	-9.098911e-09	-3.078885e+01	-2.330077e+02
9.100000e-06	-3.617253e-09	-9.110663e-09	-3.081058e+01	-2.332013e+02
9.110000e-06	-3.619626e-09	-9.117432e-09	-3.083079e+01	-2.333765e+02
9.120000e-06	-3.621853e-09	-9.126680e-09	-3.084976e+01	-2.335367e+02
9.130000e-06	-3.623956e-09	-9.139857e-09	-3.086768e+01	-2.336863e+02
9.140000e-06	-3.625947e-09	-9.149936e-09	-3.088463e+01	-2.338292e+02
9.150000e-06	-3.627814e-09	-9.153197e-09	-3.090053e+01	-2.339691e+02
9.160000e-06	-3.629556e-09	-9.154569e-09	-3.091538e+01	-2.341085e+02
9.170000e-06	-3.631138e-09	-9.159065e-09	-3.092884e+01	-2.342486e+02
9.180000e-06	-3.632485e-09	-9.166790e-09	-3.094032e+01	-2.343890e+02
9.190000e-06	-3.633633e-09	-9.173756e-09	-3.095010e+01	-2.345278e+02
9.200000e-06	-3.634662e-09	-9.181026e-09	-3.095886e+01	-2.346616e+02
9.210000e-06	-3.635545e-09	-9.193039e-09	-3.096639e+01	-2.347860e+02
9.220000e-06	-3.636268e-09	-9.203505e-09	-3.097254e+01	-2.348963e+02
9.230000e-06	-3.636840e-09	-9.204349e-09	-3.097741e+01	-2.349878e+02
9.240000e-06	-3.637261e-09	-9.200128e-09	-3.098100e+01	-2.350569e+02
9.250000e-06	-3.637542e-09	-9.199537e-09	-3.098340e+01	-2.351007e+02
