# Temperatura_=_20.0
# Concentracion g/m^3_=_10770.0
# C_Vs_to_Am_M_A/Vsm_=_25649819763.59163
# pendiente_HvsI_1/m_=_3716.3
# ordenada_HvsI_A/m_=_1297.0
# frecuencia_Hz_=_311801.5138366964
# Promedio de 33 ciclos

Tiempo_(s)	Campo_(V.s)	Magnetizacion_(V.s)	Campo_(kA/m)	Magnetizacion_(A/m)
0.000000e+00	-3.559740e-09	-6.364264e-09	-3.097359e+01	-1.812225e+02
1.000000e-08	-3.558343e-09	-6.349124e-09	-3.096155e+01	-1.813436e+02
2.000000e-08	-3.555451e-09	-6.341162e-09	-3.093653e+01	-1.812793e+02
3.000000e-08	-3.551384e-09	-6.343408e-09	-3.090131e+01	-1.808594e+02
4.000000e-08	-3.546256e-09	-6.331647e-09	-3.085686e+01	-1.802079e+02
5.000000e-08	-3.539907e-09	-6.315904e-09	-3.080180e+01	-1.796672e+02
6.000000e-08	-3.532440e-09	-6.322570e-09	-3.073697e+01	-1.794494e+02
7.000000e-08	-3.523879e-09	-6.344072e-09	-3.066259e+01	-1.793633e+02
8.000000e-08	-3.513777e-09	-6.315435e-09	-3.057487e+01	-1.789394e+02
9.000000e-08	-3.501761e-09	-6.149812e-09	-3.047056e+01	-1.778807e+02
1.000000e-07	-3.487622e-09	-5.967921e-09	-3.034784e+01	-1.764051e+02
1.100000e-07	-3.471413e-09	-6.015495e-09	-3.020706e+01	-1.751081e+02
1.200000e-07	-3.453834e-09	-6.197629e-09	-3.005419e+01	-1.744468e+02
1.300000e-07	-3.435505e-09	-6.296149e-09	-2.989474e+01	-1.743412e+02
1.400000e-07	-3.416410e-09	-6.215383e-09	-2.972871e+01	-1.742938e+02
1.500000e-07	-3.396206e-09	-5.998967e-09	-2.955309e+01	-1.739112e+02
1.600000e-07	-3.374868e-09	-6.001478e-09	-2.936757e+01	-1.732992e+02
1.700000e-07	-3.352510e-09	-6.183695e-09	-2.917316e+01	-1.729310e+02
1.800000e-07	-3.328828e-09	-6.073969e-09	-2.896723e+01	-1.731295e+02
1.900000e-07	-3.303807e-09	-5.892165e-09	-2.874961e+01	-1.737010e+02
2.000000e-07	-3.277692e-09	-6.067677e-09	-2.852251e+01	-1.740992e+02
2.100000e-07	-3.250248e-09	-6.176803e-09	-2.828391e+01	-1.739457e+02
2.200000e-07	-3.221361e-09	-5.960197e-09	-2.803279e+01	-1.733714e+02
2.300000e-07	-3.191350e-09	-5.943816e-09	-2.777183e+01	-1.728383e+02
2.400000e-07	-3.160275e-09	-6.077679e-09	-2.750153e+01	-1.726461e+02
2.500000e-07	-3.128126e-09	-5.918544e-09	-2.722186e+01	-1.726443e+02
2.600000e-07	-3.094940e-09	-5.830909e-09	-2.693321e+01	-1.724428e+02
2.700000e-07	-3.060398e-09	-5.973236e-09	-2.663286e+01	-1.718792e+02
2.800000e-07	-3.024402e-09	-5.843000e-09	-2.631985e+01	-1.712398e+02
2.900000e-07	-2.987255e-09	-5.701645e-09	-2.599672e+01	-1.709881e+02
3.000000e-07	-2.949031e-09	-5.853843e-09	-2.566419e+01	-1.712710e+02
3.100000e-07	-2.909735e-09	-5.767633e-09	-2.532237e+01	-1.716985e+02
3.200000e-07	-2.869459e-09	-5.615979e-09	-2.497203e+01	-1.716230e+02
3.300000e-07	-2.827953e-09	-5.769537e-09	-2.461100e+01	-1.706528e+02
3.400000e-07	-2.785079e-09	-5.701076e-09	-2.423809e+01	-1.689308e+02
3.500000e-07	-2.741106e-09	-5.467251e-09	-2.385554e+01	-1.669561e+02
3.600000e-07	-2.696110e-09	-5.543764e-09	-2.346406e+01	-1.651561e+02
3.700000e-07	-2.650073e-09	-5.559403e-09	-2.306358e+01	-1.636082e+02
3.800000e-07	-2.603067e-09	-5.353387e-09	-2.265472e+01	-1.621100e+02
3.900000e-07	-2.555098e-09	-5.249805e-09	-2.223748e+01	-1.604570e+02
4.000000e-07	-2.505997e-09	-5.209718e-09	-2.181036e+01	-1.586353e+02
4.100000e-07	-2.455595e-09	-5.131172e-09	-2.137194e+01	-1.567812e+02
4.200000e-07	-2.404013e-09	-5.024222e-09	-2.092321e+01	-1.550055e+02
4.300000e-07	-2.351409e-09	-4.962411e-09	-2.046560e+01	-1.532751e+02
4.400000e-07	-2.297822e-09	-4.980584e-09	-1.999946e+01	-1.514440e+02
4.500000e-07	-2.243324e-09	-4.882588e-09	-1.952534e+01	-1.493687e+02
4.600000e-07	-2.188064e-09	-4.696988e-09	-1.904454e+01	-1.469928e+02
4.700000e-07	-2.132188e-09	-4.659233e-09	-1.855839e+01	-1.443540e+02
4.800000e-07	-2.075536e-09	-4.609200e-09	-1.806553e+01	-1.415439e+02
4.900000e-07	-2.017769e-09	-4.419159e-09	-1.756303e+01	-1.386669e+02
5.000000e-07	-1.958926e-09	-4.353638e-09	-1.705116e+01	-1.358045e+02
5.100000e-07	-1.899364e-09	-4.360029e-09	-1.653301e+01	-1.329800e+02
5.200000e-07	-1.839275e-09	-4.202177e-09	-1.601027e+01	-1.301395e+02
5.300000e-07	-1.778560e-09	-4.048431e-09	-1.548203e+01	-1.271787e+02
5.400000e-07	-1.717144e-09	-3.993670e-09	-1.494772e+01	-1.240152e+02
5.500000e-07	-1.655108e-09	-3.876737e-09	-1.440806e+01	-1.206550e+02
5.600000e-07	-1.592488e-09	-3.719212e-09	-1.386332e+01	-1.171980e+02
5.700000e-07	-1.529305e-09	-3.631927e-09	-1.331366e+01	-1.137735e+02
5.800000e-07	-1.465630e-09	-3.559354e-09	-1.275973e+01	-1.104586e+02
5.900000e-07	-1.401463e-09	-3.448632e-09	-1.220154e+01	-1.072413e+02
6.000000e-07	-1.336739e-09	-3.336646e-09	-1.163846e+01	-1.040433e+02
6.100000e-07	-1.271407e-09	-3.223729e-09	-1.106998e+01	-1.007737e+02
6.200000e-07	-1.205399e-09	-3.084833e-09	-1.049559e+01	-9.737355e+01
6.300000e-07	-1.138746e-09	-2.954468e-09	-9.915626e+00	-9.383797e+01
6.400000e-07	-1.071608e-09	-2.861356e-09	-9.331410e+00	-9.021757e+01
6.500000e-07	-1.004122e-09	-2.760932e-09	-8.744220e+00	-8.660012e+01
6.600000e-07	-9.363798e-10	-2.632454e-09	-8.154839e+00	-8.306756e+01
6.700000e-07	-8.684090e-10	-2.519778e-09	-7.563474e+00	-7.964258e+01
6.800000e-07	-8.001925e-10	-2.427385e-09	-6.969960e+00	-7.626275e+01
6.900000e-07	-7.316836e-10	-2.295969e-09	-6.373884e+00	-7.281403e+01
7.000000e-07	-6.628605e-10	-2.142355e-09	-5.775080e+00	-6.920995e+01
7.100000e-07	-5.937587e-10	-2.028996e-09	-5.173822e+00	-6.545716e+01
7.200000e-07	-5.244243e-10	-1.929198e-09	-4.570489e+00	-6.165162e+01
7.300000e-07	-4.549006e-10	-1.806489e-09	-3.965537e+00	-5.790605e+01
7.400000e-07	-3.852132e-10	-1.682995e-09	-3.359221e+00	-5.426765e+01
7.500000e-07	-3.153800e-10	-1.565181e-09	-2.751628e+00	-5.069105e+01
7.600000e-07	-2.453984e-10	-1.435913e-09	-2.142715e+00	-4.708155e+01
7.700000e-07	-1.753283e-10	-1.309915e-09	-1.533023e+00	-4.336693e+01
7.800000e-07	-1.052600e-10	-1.189587e-09	-9.233896e-01	-3.954160e+01
7.900000e-07	-3.517683e-11	-1.053406e-09	-3.137026e-01	-3.565802e+01
8.000000e-07	3.494116e-11	-9.217627e-10	2.962898e-01	-3.178330e+01
8.100000e-07	1.050747e-10	-8.169945e-10	9.065019e-01	-2.795632e+01
8.200000e-07	1.752007e-10	-7.039356e-10	1.516689e+00	-2.417007e+01
8.300000e-07	2.452677e-10	-5.596529e-10	2.126288e+00	-2.038291e+01
8.400000e-07	3.152192e-10	-4.162905e-10	2.734894e+00	-1.654719e+01
8.500000e-07	3.850702e-10	-2.901781e-10	3.342727e+00	-1.263813e+01
8.600000e-07	4.548178e-10	-1.654417e-10	3.949669e+00	-8.666387e+00
8.700000e-07	5.243475e-10	-3.917017e-11	4.554620e+00	-4.667277e+00
8.800000e-07	5.935640e-10	8.640852e-11	5.156801e+00	-6.746210e-01
8.900000e-07	6.624649e-10	2.202760e-10	5.756277e+00	3.300393e+00
9.000000e-07	7.310928e-10	3.556867e-10	6.353389e+00	7.269804e+00
9.100000e-07	7.994604e-10	4.840727e-10	6.948214e+00	1.125229e+01
9.200000e-07	8.675715e-10	6.212700e-10	7.540796e+00	1.525788e+01
9.300000e-07	9.354600e-10	7.687122e-10	8.131442e+00	1.928735e+01
9.400000e-07	1.003128e-09	9.033903e-10	8.720201e+00	2.334105e+01
9.500000e-07	1.070539e-09	1.023077e-09	9.306765e+00	2.742122e+01
9.600000e-07	1.137585e-09	1.149303e-09	9.890094e+00	3.152272e+01
9.700000e-07	1.204098e-09	1.286020e-09	1.046869e+01	3.562459e+01
9.800000e-07	1.269918e-09	1.424332e-09	1.104132e+01	3.969722e+01
9.900000e-07	1.334995e-09	1.561766e-09	1.160759e+01	4.372161e+01
1.000000e-06	1.399429e-09	1.696035e-09	1.216827e+01	4.770097e+01
1.010000e-06	1.463375e-09	1.828234e-09	1.272469e+01	5.165161e+01
1.020000e-06	1.526911e-09	1.960539e-09	1.327754e+01	5.558300e+01
1.030000e-06	1.589976e-09	2.087030e-09	1.382630e+01	5.948934e+01
1.040000e-06	1.652467e-09	2.202828e-09	1.437007e+01	6.336049e+01
1.050000e-06	1.714356e-09	2.321559e-09	1.490858e+01	6.719631e+01
1.060000e-06	1.775654e-09	2.454984e-09	1.544193e+01	7.100415e+01
1.070000e-06	1.836334e-09	2.589796e-09	1.596994e+01	7.478072e+01
1.080000e-06	1.896438e-09	2.711343e-09	1.649296e+01	7.850132e+01
1.090000e-06	1.956015e-09	2.824959e-09	1.701141e+01	8.213373e+01
1.100000e-06	2.014844e-09	2.940393e-09	1.752332e+01	8.566630e+01
1.110000e-06	2.072579e-09	3.055737e-09	1.802567e+01	8.912148e+01
1.120000e-06	2.129213e-09	3.167581e-09	1.851849e+01	9.253982e+01
1.130000e-06	2.185053e-09	3.275761e-09	1.900441e+01	9.594915e+01
1.140000e-06	2.240214e-09	3.384329e-09	1.948441e+01	9.934716e+01
1.150000e-06	2.294582e-09	3.499152e-09	1.995749e+01	1.027088e+02
1.160000e-06	2.348091e-09	3.614891e-09	2.042307e+01	1.060054e+02
1.170000e-06	2.400710e-09	3.719023e-09	2.088097e+01	1.092178e+02
1.180000e-06	2.452345e-09	3.811405e-09	2.133035e+01	1.123397e+02
1.190000e-06	2.502754e-09	3.904410e-09	2.176912e+01	1.153796e+02
1.200000e-06	2.551802e-09	4.006069e-09	2.219601e+01	1.183613e+02
1.210000e-06	2.599710e-09	4.109858e-09	2.261290e+01	1.213140e+02
1.220000e-06	2.646687e-09	4.205266e-09	2.302172e+01	1.242486e+02
1.230000e-06	2.692721e-09	4.296047e-09	2.342239e+01	1.271420e+02
1.240000e-06	2.737772e-09	4.389128e-09	2.381455e+01	1.299507e+02
1.250000e-06	2.781921e-09	4.480130e-09	2.419880e+01	1.326494e+02
1.260000e-06	2.825174e-09	4.563495e-09	2.457524e+01	1.352592e+02
1.270000e-06	2.867197e-09	4.641377e-09	2.494107e+01	1.378292e+02
1.280000e-06	2.907849e-09	4.719682e-09	2.529498e+01	1.403867e+02
1.290000e-06	2.947395e-09	4.803886e-09	2.563921e+01	1.429062e+02
1.300000e-06	2.985921e-09	4.889599e-09	2.597458e+01	1.453339e+02
1.310000e-06	3.023358e-09	4.966797e-09	2.630048e+01	1.476433e+02
1.320000e-06	3.059769e-09	5.036186e-09	2.661744e+01	1.498621e+02
1.330000e-06	3.095184e-09	5.106068e-09	2.692574e+01	1.520401e+02
1.340000e-06	3.129316e-09	5.177083e-09	2.722291e+01	1.541934e+02
1.350000e-06	3.162010e-09	5.242392e-09	2.750755e+01	1.562909e+02
1.360000e-06	3.193508e-09	5.302350e-09	2.778174e+01	1.582946e+02
1.370000e-06	3.223901e-09	5.361519e-09	2.804634e+01	1.602058e+02
1.380000e-06	3.253143e-09	5.422220e-09	2.830092e+01	1.620573e+02
1.390000e-06	3.281296e-09	5.483184e-09	2.854600e+01	1.638611e+02
1.400000e-06	3.308268e-09	5.538966e-09	2.878087e+01	1.655778e+02
1.410000e-06	3.333755e-09	5.586995e-09	2.900288e+01	1.671540e+02
1.420000e-06	3.357780e-09	5.631338e-09	2.921211e+01	1.685891e+02
1.430000e-06	3.380550e-09	5.676507e-09	2.941036e+01	1.699500e+02
1.440000e-06	3.402106e-09	5.720437e-09	2.959806e+01	1.713067e+02
1.450000e-06	3.422538e-09	5.758888e-09	2.977596e+01	1.726556e+02
1.460000e-06	3.441867e-09	5.792273e-09	2.994425e+01	1.739204e+02
1.470000e-06	3.459850e-09	5.826005e-09	3.010085e+01	1.750340e+02
1.480000e-06	3.476404e-09	5.861600e-09	3.024505e+01	1.760090e+02
1.490000e-06	3.491599e-09	5.891911e-09	3.037741e+01	1.769148e+02
1.500000e-06	3.505429e-09	5.912444e-09	3.049792e+01	1.777872e+02
1.510000e-06	3.517901e-09	5.928848e-09	3.060666e+01	1.785818e+02
1.520000e-06	3.528862e-09	5.948387e-09	3.070229e+01	1.792339e+02
1.530000e-06	3.538155e-09	5.970505e-09	3.078341e+01	1.797531e+02
1.540000e-06	3.546009e-09	5.988247e-09	3.085196e+01	1.802286e+02
1.550000e-06	3.552616e-09	5.996920e-09	3.090965e+01	1.807239e+02
1.560000e-06	3.557912e-09	6.000015e-09	3.095592e+01	1.811802e+02
1.570000e-06	3.562003e-09	6.005147e-09	3.099166e+01	1.814629e+02
1.580000e-06	3.564803e-09	6.009535e-09	3.101618e+01	1.815195e+02
1.590000e-06	3.566044e-09	6.003617e-09	3.102717e+01	1.814684e+02
1.600000e-06	3.565875e-09	5.994873e-09	3.102588e+01	1.814899e+02
1.610000e-06	3.564513e-09	6.001581e-09	3.101418e+01	1.816135e+02
1.620000e-06	3.561962e-09	6.012911e-09	3.099212e+01	1.816455e+02
1.630000e-06	3.558344e-09	5.998956e-09	3.096072e+01	1.813566e+02
1.640000e-06	3.553674e-09	5.974896e-09	3.092020e+01	1.807546e+02
1.650000e-06	3.547614e-09	5.962290e-09	3.086768e+01	1.801348e+02
1.660000e-06	3.540138e-09	5.934360e-09	3.080275e+01	1.798002e+02
1.670000e-06	3.531572e-09	5.872055e-09	3.072830e+01	1.797140e+02
1.680000e-06	3.521956e-09	5.853763e-09	3.064476e+01	1.794649e+02
1.690000e-06	3.510945e-09	5.980843e-09	3.054913e+01	1.786385e+02
1.700000e-06	3.497733e-09	6.096396e-09	3.043447e+01	1.772553e+02
1.710000e-06	3.481981e-09	5.966688e-09	3.029768e+01	1.758228e+02
1.720000e-06	3.464503e-09	5.723660e-09	3.014571e+01	1.749117e+02
1.730000e-06	3.446453e-09	5.593027e-09	2.998867e+01	1.746510e+02
1.740000e-06	3.428260e-09	5.701606e-09	2.983039e+01	1.746455e+02
1.750000e-06	3.409079e-09	5.845098e-09	2.966365e+01	1.744002e+02
1.760000e-06	3.388094e-09	5.684469e-09	2.948132e+01	1.738265e+02
1.770000e-06	3.365853e-09	5.578269e-09	2.928805e+01	1.733146e+02
1.780000e-06	3.342521e-09	5.809318e-09	2.908528e+01	1.733032e+02
1.790000e-06	3.317530e-09	5.916776e-09	2.886805e+01	1.737949e+02
1.800000e-06	3.291386e-09	5.694473e-09	2.864067e+01	1.743189e+02
1.810000e-06	3.264424e-09	5.666741e-09	2.840622e+01	1.743765e+02
1.820000e-06	3.236008e-09	5.868150e-09	2.815925e+01	1.739081e+02
1.830000e-06	3.206229e-09	5.753549e-09	2.790039e+01	1.733074e+02
1.840000e-06	3.175371e-09	5.627498e-09	2.763210e+01	1.729864e+02
1.850000e-06	3.143048e-09	5.814003e-09	2.735101e+01	1.729582e+02
1.860000e-06	3.109461e-09	5.815423e-09	2.705887e+01	1.728680e+02
1.870000e-06	3.074931e-09	5.686828e-09	2.675854e+01	1.724239e+02
1.880000e-06	3.039344e-09	5.841909e-09	2.644901e+01	1.717576e+02
1.890000e-06	3.002794e-09	5.876833e-09	2.613112e+01	1.713247e+02
1.900000e-06	2.964922e-09	5.735104e-09	2.580187e+01	1.714340e+02
1.910000e-06	2.925527e-09	5.906825e-09	2.545933e+01	1.718811e+02
1.920000e-06	2.885152e-09	5.996338e-09	2.510815e+01	1.720541e+02
1.930000e-06	2.843699e-09	5.825616e-09	2.474766e+01	1.714166e+02
1.940000e-06	2.800925e-09	5.835996e-09	2.437565e+01	1.699172e+02
1.950000e-06	2.757272e-09	5.793184e-09	2.399589e+01	1.679717e+02
1.960000e-06	2.712848e-09	5.630591e-09	2.360946e+01	1.660805e+02
1.970000e-06	2.667372e-09	5.563504e-09	2.321391e+01	1.644562e+02
1.980000e-06	2.620821e-09	5.555562e-09	2.280897e+01	1.629697e+02
1.990000e-06	2.573182e-09	5.596883e-09	2.239461e+01	1.613854e+02
2.000000e-06	2.524464e-09	5.516453e-09	2.197091e+01	1.596133e+02
2.010000e-06	2.474793e-09	5.428163e-09	2.153889e+01	1.577533e+02
2.020000e-06	2.424197e-09	5.491303e-09	2.109880e+01	1.559452e+02
2.030000e-06	2.372668e-09	5.395361e-09	2.065061e+01	1.542116e+02
2.040000e-06	2.320092e-09	5.213523e-09	2.019342e+01	1.524357e+02
2.050000e-06	2.266319e-09	5.254752e-09	1.972583e+01	1.504598e+02
2.060000e-06	2.211431e-09	5.252587e-09	1.924848e+01	1.481918e+02
2.070000e-06	2.155654e-09	5.052343e-09	1.876331e+01	1.456388e+02
2.080000e-06	2.099091e-09	4.990795e-09	1.827127e+01	1.428782e+02
2.090000e-06	2.041682e-09	5.016181e-09	1.777189e+01	1.400141e+02
2.100000e-06	1.983455e-09	4.799729e-09	1.726536e+01	1.371402e+02
2.110000e-06	1.924534e-09	4.616703e-09	1.675276e+01	1.343044e+02
2.120000e-06	1.865000e-09	4.647147e-09	1.623477e+01	1.314803e+02
2.130000e-06	1.804910e-09	4.541531e-09	1.571198e+01	1.285751e+02
2.140000e-06	1.744154e-09	4.363641e-09	1.518353e+01	1.254892e+02
2.150000e-06	1.682526e-09	4.309497e-09	1.464761e+01	1.221923e+02
2.160000e-06	1.620020e-09	4.228688e-09	1.410396e+01	1.187551e+02
2.170000e-06	1.556786e-09	4.068775e-09	1.355378e+01	1.153061e+02
2.180000e-06	1.493002e-09	3.912504e-09	1.299877e+01	1.119488e+02
2.190000e-06	1.428791e-09	3.811043e-09	1.244005e+01	1.087032e+02
2.200000e-06	1.364130e-09	3.710893e-09	1.187748e+01	1.055094e+02
2.210000e-06	1.298965e-09	3.582229e-09	1.131054e+01	1.022748e+02
2.220000e-06	1.233284e-09	3.496914e-09	1.073912e+01	9.892522e+01
2.230000e-06	1.167113e-09	3.398024e-09	1.016342e+01	9.543526e+01
2.240000e-06	1.100487e-09	3.239244e-09	9.583756e+00	9.183658e+01
2.250000e-06	1.033418e-09	3.110838e-09	9.000168e+00	8.820736e+01
2.260000e-06	9.659577e-10	3.000545e-09	8.413125e+00	8.463785e+01
2.270000e-06	8.982298e-10	2.853144e-09	7.823763e+00	8.117732e+01
2.280000e-06	8.303047e-10	2.717805e-09	7.232688e+00	7.779336e+01
2.290000e-06	7.621694e-10	2.635799e-09	6.639834e+00	7.438274e+01
2.300000e-06	6.938004e-10	2.537567e-09	6.044998e+00	7.083935e+01
2.310000e-06	6.251775e-10	2.385148e-09	5.448009e+00	6.713260e+01
2.320000e-06	5.562771e-10	2.244766e-09	4.848673e+00	6.333205e+01
2.330000e-06	4.871298e-10	2.117254e-09	4.247182e+00	5.955498e+01
2.340000e-06	4.177844e-10	1.976288e-09	3.644013e+00	5.587904e+01
2.350000e-06	3.481369e-10	1.852362e-09	3.038309e+00	5.229029e+01
2.360000e-06	2.781354e-10	1.741911e-09	2.429458e+00	4.870364e+01
2.370000e-06	2.079633e-10	1.614857e-09	1.819010e+00	4.503133e+01
2.380000e-06	1.377170e-10	1.480390e-09	1.207914e+00	4.124215e+01
2.390000e-06	6.734493e-11	1.355758e-09	5.957031e-01	3.737165e+01
2.400000e-06	-3.105165e-12	1.218452e-09	-1.729982e-02	3.348733e+01
2.410000e-06	-7.353158e-11	1.062054e-09	-6.300832e-01	2.964178e+01
2.420000e-06	-1.438761e-10	9.271360e-10	-1.242019e+00	2.584453e+01
2.430000e-06	-2.140849e-10	8.121144e-10	-1.852694e+00	2.206367e+01
2.440000e-06	-2.841050e-10	6.838172e-10	-2.461748e+00	1.825006e+01
2.450000e-06	-3.539268e-10	5.511949e-10	-3.069104e+00	1.436813e+01
2.460000e-06	-4.235549e-10	4.180035e-10	-3.674774e+00	1.041584e+01
2.470000e-06	-4.929107e-10	2.713517e-10	-4.278158e+00	6.422184e+00
2.480000e-06	-5.619404e-10	1.228903e-10	-4.878738e+00	2.424663e+00
2.490000e-06	-6.306880e-10	-1.497088e-11	-5.476873e+00	-1.556122e+00
2.500000e-06	-6.991810e-10	-1.513460e-10	-6.072874e+00	-5.525181e+00
2.510000e-06	-7.674236e-10	-2.909446e-10	-6.666745e+00	-9.501052e+00
2.520000e-06	-8.354359e-10	-4.203262e-10	-7.258640e+00	-1.349777e+01
2.530000e-06	-9.032286e-10	-5.464193e-10	-7.848626e+00	-1.751858e+01
2.540000e-06	-9.707567e-10	-6.914813e-10	-8.436314e+00	-2.156311e+01
2.550000e-06	-1.037941e-09	-8.463439e-10	-9.021006e+00	-2.563352e+01
2.560000e-06	-1.104731e-09	-9.915138e-10	-9.602235e+00	-2.972875e+01
2.570000e-06	-1.171106e-09	-1.132223e-09	-1.017989e+01	-3.383365e+01
2.580000e-06	-1.237063e-09	-1.274750e-09	-1.075392e+01	-3.791978e+01
2.590000e-06	-1.302560e-09	-1.412862e-09	-1.132393e+01	-4.196210e+01
2.600000e-06	-1.367540e-09	-1.546477e-09	-1.188943e+01	-4.595579e+01
2.610000e-06	-1.432019e-09	-1.681430e-09	-1.245060e+01	-4.991467e+01
2.620000e-06	-1.496073e-09	-1.817332e-09	-1.300805e+01	-5.385269e+01
2.630000e-06	-1.559709e-09	-1.957272e-09	-1.356189e+01	-5.776917e+01
2.640000e-06	-1.622782e-09	-2.104203e-09	-1.411090e+01	-6.165350e+01
2.650000e-06	-1.685060e-09	-2.242952e-09	-1.465298e+01	-6.550106e+01
2.660000e-06	-1.746420e-09	-2.367687e-09	-1.518704e+01	-6.931813e+01
2.670000e-06	-1.806981e-09	-2.492102e-09	-1.571413e+01	-7.310743e+01
2.680000e-06	-1.866940e-09	-2.622438e-09	-1.623600e+01	-7.685175e+01
2.690000e-06	-1.926305e-09	-2.751701e-09	-1.675269e+01	-8.051854e+01
2.700000e-06	-1.984953e-09	-2.875325e-09	-1.726316e+01	-8.408587e+01
2.710000e-06	-2.042832e-09	-3.000107e-09	-1.776694e+01	-8.756429e+01
2.720000e-06	-2.099933e-09	-3.127225e-09	-1.826392e+01	-9.099120e+01
2.730000e-06	-2.156313e-09	-3.248202e-09	-1.875462e+01	-9.440220e+01
2.740000e-06	-2.212012e-09	-3.362614e-09	-1.923942e+01	-9.780615e+01
2.750000e-06	-2.266767e-09	-3.476074e-09	-1.971602e+01	-1.011841e+02
2.760000e-06	-2.320299e-09	-3.590145e-09	-2.018194e+01	-1.045066e+02
2.770000e-06	-2.372719e-09	-3.705953e-09	-2.063818e+01	-1.077504e+02
2.780000e-06	-2.424200e-09	-3.820664e-09	-2.108628e+01	-1.109044e+02
2.790000e-06	-2.474731e-09	-3.929107e-09	-2.152615e+01	-1.139715e+02
2.800000e-06	-2.524191e-09	-4.034280e-09	-2.195666e+01	-1.169706e+02
2.810000e-06	-2.572376e-09	-4.140683e-09	-2.237602e+01	-1.199307e+02
2.820000e-06	-2.619362e-09	-4.245008e-09	-2.278492e+01	-1.228723e+02
2.830000e-06	-2.665387e-09	-4.341609e-09	-2.318553e+01	-1.257849e+02
2.840000e-06	-2.710476e-09	-4.436610e-09	-2.357805e+01	-1.286284e+02
2.850000e-06	-2.754708e-09	-4.536043e-09	-2.396311e+01	-1.313665e+02
2.860000e-06	-2.798139e-09	-4.633507e-09	-2.434121e+01	-1.340030e+02
2.870000e-06	-2.840619e-09	-4.727609e-09	-2.471103e+01	-1.365817e+02
2.880000e-06	-2.882052e-09	-4.821129e-09	-2.507170e+01	-1.391436e+02
2.890000e-06	-2.922514e-09	-4.909473e-09	-2.542393e+01	-1.416823e+02
2.900000e-06	-2.962034e-09	-4.991605e-09	-2.576795e+01	-1.441483e+02
2.910000e-06	-3.000269e-09	-5.072690e-09	-2.610080e+01	-1.464994e+02
2.920000e-06	-3.037089e-09	-5.152707e-09	-2.642141e+01	-1.487448e+02
2.930000e-06	-3.072814e-09	-5.229622e-09	-2.673246e+01	-1.509326e+02
2.940000e-06	-3.107487e-09	-5.306396e-09	-2.703432e+01	-1.530961e+02
2.950000e-06	-3.140968e-09	-5.383779e-09	-2.732584e+01	-1.552187e+02
2.960000e-06	-3.173338e-09	-5.458737e-09	-2.760769e+01	-1.572582e+02
2.970000e-06	-3.204555e-09	-5.530304e-09	-2.787947e+01	-1.591994e+02
2.980000e-06	-3.234325e-09	-5.597281e-09	-2.813871e+01	-1.610685e+02
2.990000e-06	-3.262737e-09	-5.660570e-09	-2.838606e+01	-1.628911e+02
3.000000e-06	-3.290010e-09	-5.721931e-09	-2.862345e+01	-1.646457e+02
3.010000e-06	-3.316030e-09	-5.781242e-09	-2.884996e+01	-1.662760e+02
3.020000e-06	-3.340805e-09	-5.835482e-09	-2.906568e+01	-1.677566e+02
3.030000e-06	-3.364477e-09	-5.884706e-09	-2.927180e+01	-1.691341e+02
3.040000e-06	-3.386794e-09	-5.936088e-09	-2.946610e+01	-1.704876e+02
3.050000e-06	-3.407607e-09	-5.987990e-09	-2.964738e+01	-1.718452e+02
3.060000e-06	-3.427178e-09	-6.033176e-09	-2.981784e+01	-1.731504e+02
3.070000e-06	-3.445551e-09	-6.074353e-09	-2.997785e+01	-1.743214e+02
3.080000e-06	-3.462678e-09	-6.114992e-09	-3.012705e+01	-1.753392e+02
3.090000e-06	-3.478630e-09	-6.153131e-09	-3.026597e+01	-1.762618e+02
3.100000e-06	-3.493138e-09	-6.187102e-09	-3.039234e+01	-1.771470e+02
3.110000e-06	-3.505961e-09	-6.216443e-09	-3.050407e+01	-1.779778e+02
3.120000e-06	-3.517273e-09	-6.242059e-09	-3.060263e+01	-1.786850e+02
3.130000e-06	-3.527220e-09	-6.265524e-09	-3.068933e+01	-1.792442e+02
3.140000e-06	-3.535926e-09	-6.287832e-09	-3.076524e+01	-1.797238e+02
3.150000e-06	-3.543423e-09	-6.308247e-09	-3.083062e+01	-1.802114e+02
3.160000e-06	-3.549427e-09	-6.326151e-09	-3.088304e+01	-1.806958e+02
3.170000e-06	-3.553930e-09	-6.341218e-09	-3.092238e+01	-1.810543e+02
3.180000e-06	-3.557193e-09	-6.352684e-09	-3.095090e+01	-1.811869e+02
3.190000e-06	-3.559199e-09	-6.361892e-09	-3.096852e+01	-1.811523e+02
3.200000e-06	-3.559958e-09	-6.367939e-09	-3.097532e+01	-1.811323e+02
