# Temperatura_=_20.0
# Concentracion g/m^3_=_10770.0
# C_Vs_to_Am_M_A/Vsm_=_116720831517.84952
# pendiente_HvsI_1/m_=_3716.3
# ordenada_HvsI_A/m_=_1297.0
# frecuencia_Hz_=_311910.6794338462
# Promedio de 24 ciclos

Tiempo_(s)	Campo_(V.s)	Magnetizacion_(V.s)	Campo_(kA/m)	Magnetizacion_(A/m)
0.000000e+00	-4.377833e-09	-3.018298e-09	-3.762465e+01	-3.504226e+02
1.000000e-08	-4.376596e-09	-3.020707e-09	-3.761401e+01	-3.503059e+02
2.000000e-08	-4.373644e-09	-3.021279e-09	-3.758865e+01	-3.499136e+02
3.000000e-08	-4.369211e-09	-3.019650e-09	-3.755055e+01	-3.495333e+02
4.000000e-08	-4.363425e-09	-3.018345e-09	-3.750082e+01	-3.493682e+02
5.000000e-08	-4.356242e-09	-3.013364e-09	-3.743908e+01	-3.492343e+02
6.000000e-08	-4.347624e-09	-3.004949e-09	-3.736502e+01	-3.486553e+02
7.000000e-08	-4.337280e-09	-2.990988e-09	-3.727612e+01	-3.473407e+02
8.000000e-08	-4.325128e-09	-2.974767e-09	-3.717169e+01	-3.455787e+02
9.000000e-08	-4.311024e-09	-2.993796e-09	-3.705047e+01	-3.440867e+02
1.000000e-07	-4.294496e-09	-3.026359e-09	-3.690842e+01	-3.433880e+02
1.100000e-07	-4.275790e-09	-3.005295e-09	-3.674766e+01	-3.432924e+02
1.200000e-07	-4.255502e-09	-2.979880e-09	-3.657329e+01	-3.430183e+02
1.300000e-07	-4.233934e-09	-2.951042e-09	-3.638793e+01	-3.418832e+02
1.400000e-07	-4.211370e-09	-2.867631e-09	-3.619400e+01	-3.399229e+02
1.500000e-07	-4.187649e-09	-2.883209e-09	-3.599014e+01	-3.378532e+02
1.600000e-07	-4.162122e-09	-2.930669e-09	-3.577075e+01	-3.364176e+02
1.700000e-07	-4.134914e-09	-2.836035e-09	-3.553691e+01	-3.357472e+02
1.800000e-07	-4.106441e-09	-2.846794e-09	-3.529221e+01	-3.353077e+02
1.900000e-07	-4.076406e-09	-2.908826e-09	-3.503408e+01	-3.344214e+02
2.000000e-07	-4.045013e-09	-2.812070e-09	-3.476428e+01	-3.328220e+02
2.100000e-07	-4.012438e-09	-2.804316e-09	-3.448432e+01	-3.307499e+02
2.200000e-07	-3.978110e-09	-2.836409e-09	-3.418929e+01	-3.286012e+02
2.300000e-07	-3.942128e-09	-2.736994e-09	-3.388004e+01	-3.265604e+02
2.400000e-07	-3.904710e-09	-2.742442e-09	-3.355846e+01	-3.245593e+02
2.500000e-07	-3.865719e-09	-2.773640e-09	-3.322336e+01	-3.224963e+02
2.600000e-07	-3.825461e-09	-2.702237e-09	-3.287737e+01	-3.203869e+02
2.700000e-07	-3.783777e-09	-2.713996e-09	-3.251912e+01	-3.182681e+02
2.800000e-07	-3.740322e-09	-2.705069e-09	-3.214565e+01	-3.160214e+02
2.900000e-07	-3.695316e-09	-2.635055e-09	-3.175886e+01	-3.133861e+02
3.000000e-07	-3.648874e-09	-2.624991e-09	-3.135972e+01	-3.102044e+02
3.100000e-07	-3.601042e-09	-2.581865e-09	-3.094863e+01	-3.066401e+02
3.200000e-07	-3.551640e-09	-2.543226e-09	-3.052405e+01	-3.031081e+02
3.300000e-07	-3.500357e-09	-2.561730e-09	-3.008331e+01	-2.999484e+02
3.400000e-07	-3.447410e-09	-2.531477e-09	-2.962826e+01	-2.971493e+02
3.500000e-07	-3.393170e-09	-2.484411e-09	-2.916211e+01	-2.943772e+02
3.600000e-07	-3.337801e-09	-2.469055e-09	-2.868624e+01	-2.912667e+02
3.700000e-07	-3.281290e-09	-2.431591e-09	-2.820057e+01	-2.876905e+02
3.800000e-07	-3.223375e-09	-2.380314e-09	-2.770283e+01	-2.837873e+02
3.900000e-07	-3.163993e-09	-2.357891e-09	-2.719248e+01	-2.797881e+02
4.000000e-07	-3.103410e-09	-2.334372e-09	-2.667181e+01	-2.758435e+02
4.100000e-07	-3.041765e-09	-2.297154e-09	-2.614201e+01	-2.719877e+02
4.200000e-07	-2.979085e-09	-2.279489e-09	-2.560332e+01	-2.681956e+02
4.300000e-07	-2.915430e-09	-2.249873e-09	-2.505624e+01	-2.644163e+02
4.400000e-07	-2.850684e-09	-2.198822e-09	-2.449979e+01	-2.605573e+02
4.500000e-07	-2.784524e-09	-2.163630e-09	-2.393119e+01	-2.564935e+02
4.600000e-07	-2.717071e-09	-2.124519e-09	-2.335147e+01	-2.521510e+02
4.700000e-07	-2.648744e-09	-2.085909e-09	-2.276424e+01	-2.475992e+02
4.800000e-07	-2.579533e-09	-2.057287e-09	-2.216942e+01	-2.430345e+02
4.900000e-07	-2.509274e-09	-2.020392e-09	-2.156559e+01	-2.386381e+02
5.000000e-07	-2.438086e-09	-1.986616e-09	-2.095378e+01	-2.344284e+02
5.100000e-07	-2.366079e-09	-1.952646e-09	-2.033492e+01	-2.302454e+02
5.200000e-07	-2.293151e-09	-1.910067e-09	-1.970815e+01	-2.258813e+02
5.300000e-07	-2.219105e-09	-1.867607e-09	-1.907178e+01	-2.212318e+02
5.400000e-07	-2.143948e-09	-1.823805e-09	-1.842585e+01	-2.163430e+02
5.500000e-07	-2.067895e-09	-1.778840e-09	-1.777222e+01	-2.113429e+02
5.600000e-07	-1.991044e-09	-1.739799e-09	-1.711174e+01	-2.063497e+02
5.700000e-07	-1.913366e-09	-1.703435e-09	-1.644415e+01	-2.014295e+02
5.800000e-07	-1.834841e-09	-1.661030e-09	-1.576928e+01	-1.965953e+02
5.900000e-07	-1.755489e-09	-1.616920e-09	-1.508730e+01	-1.918015e+02
6.000000e-07	-1.675331e-09	-1.576086e-09	-1.439839e+01	-1.869364e+02
6.100000e-07	-1.594462e-09	-1.530951e-09	-1.370337e+01	-1.818616e+02
6.200000e-07	-1.513041e-09	-1.483677e-09	-1.300362e+01	-1.765105e+02
6.300000e-07	-1.431131e-09	-1.439223e-09	-1.229965e+01	-1.709691e+02
6.400000e-07	-1.348728e-09	-1.395453e-09	-1.159145e+01	-1.654402e+02
6.500000e-07	-1.265806e-09	-1.351153e-09	-1.087879e+01	-1.600904e+02
6.600000e-07	-1.182380e-09	-1.305521e-09	-1.016179e+01	-1.549045e+02
6.700000e-07	-1.098587e-09	-1.257852e-09	-9.441644e+00	-1.496901e+02
6.800000e-07	-1.014542e-09	-1.209337e-09	-8.719330e+00	-1.442391e+02
6.900000e-07	-9.302594e-10	-1.161936e-09	-7.994978e+00	-1.385042e+02
7.000000e-07	-8.457232e-10	-1.114554e-09	-7.268443e+00	-1.326316e+02
7.100000e-07	-7.609121e-10	-1.065571e-09	-6.539546e+00	-1.268278e+02
7.200000e-07	-6.758381e-10	-1.017053e-09	-5.808390e+00	-1.211873e+02
7.300000e-07	-5.905438e-10	-9.711517e-10	-5.075340e+00	-1.156325e+02
7.400000e-07	-5.050505e-10	-9.240918e-10	-4.340581e+00	-1.099954e+02
7.500000e-07	-4.193569e-10	-8.722897e-10	-3.604099e+00	-1.041503e+02
7.600000e-07	-3.334704e-10	-8.166496e-10	-2.865961e+00	-9.808328e+01
7.700000e-07	-2.474319e-10	-7.614803e-10	-2.126515e+00	-9.186847e+01
7.800000e-07	-1.613054e-10	-7.098712e-10	-1.386313e+00	-8.560179e+01
7.900000e-07	-7.513712e-11	-6.584024e-10	-6.457522e-01	-7.935161e+01
8.000000e-07	1.105732e-11	-6.055687e-10	9.503337e-02	-7.314036e+01
8.100000e-07	9.727514e-11	-5.534627e-10	8.360197e-01	-6.694068e+01
8.200000e-07	1.834874e-10	-5.005468e-10	1.576959e+00	-6.068040e+01
8.300000e-07	2.696291e-10	-4.461913e-10	2.317291e+00	-5.426946e+01
8.400000e-07	3.556326e-10	-3.887556e-10	3.056435e+00	-4.764949e+01
8.500000e-07	4.414866e-10	-3.276947e-10	3.794295e+00	-4.083461e+01
8.600000e-07	5.271865e-10	-2.684594e-10	4.530831e+00	-3.390607e+01
8.700000e-07	6.126792e-10	-2.119267e-10	5.265586e+00	-2.695877e+01
8.800000e-07	6.979228e-10	-1.540068e-10	5.998199e+00	-2.004109e+01
8.900000e-07	7.828828e-10	-9.346681e-11	6.728376e+00	-1.313298e+01
9.000000e-07	8.675620e-10	-3.309821e-11	7.456139e+00	-6.170368e+00
9.100000e-07	9.519758e-10	2.677830e-11	8.181621e+00	9.126727e-01
9.200000e-07	1.036100e-09	8.907874e-11	8.904614e+00	8.154484e+00
9.300000e-07	1.119906e-09	1.538094e-10	9.624874e+00	1.555568e+01
9.400000e-07	1.203367e-09	2.192301e-10	1.034217e+01	2.307981e+01
9.500000e-07	1.286428e-09	2.827938e-10	1.105602e+01	3.066245e+01
9.600000e-07	1.369010e-09	3.451682e-10	1.176577e+01	3.823443e+01
9.700000e-07	1.451043e-09	4.086033e-10	1.247079e+01	4.575511e+01
9.800000e-07	1.532497e-09	4.733928e-10	1.317082e+01	5.323376e+01
9.900000e-07	1.613371e-09	5.387971e-10	1.386589e+01	6.071870e+01
1.000000e-06	1.693633e-09	6.030470e-10	1.455569e+01	6.826007e+01
1.010000e-06	1.773205e-09	6.672630e-10	1.523956e+01	7.587584e+01
1.020000e-06	1.852039e-09	7.339118e-10	1.591709e+01	8.354584e+01
1.030000e-06	1.930132e-09	8.022825e-10	1.658824e+01	9.123063e+01
1.040000e-06	2.007477e-09	8.689277e-10	1.725298e+01	9.889357e+01
1.050000e-06	2.084073e-09	9.337760e-10	1.791127e+01	1.065120e+02
1.060000e-06	2.159874e-09	9.980273e-10	1.856273e+01	1.140800e+02
1.070000e-06	2.234742e-09	1.062265e-09	1.920617e+01	1.216087e+02
1.080000e-06	2.308480e-09	1.127100e-09	1.983990e+01	1.291172e+02
1.090000e-06	2.381093e-09	1.190230e-09	2.046396e+01	1.366128e+02
1.100000e-06	2.452764e-09	1.251587e-09	2.107993e+01	1.440737e+02
1.110000e-06	2.523563e-09	1.313486e-09	2.168840e+01	1.514624e+02
1.120000e-06	2.593434e-09	1.377784e-09	2.228890e+01	1.587693e+02
1.130000e-06	2.662354e-09	1.442262e-09	2.288122e+01	1.660443e+02
1.140000e-06	2.730406e-09	1.505481e-09	2.346609e+01	1.733712e+02
1.150000e-06	2.797534e-09	1.568452e-09	2.404301e+01	1.807876e+02
1.160000e-06	2.863429e-09	1.630965e-09	2.460933e+01	1.882249e+02
1.170000e-06	2.928012e-09	1.692352e-09	2.516438e+01	1.955341e+02
1.180000e-06	2.991517e-09	1.750810e-09	2.571016e+01	2.025913e+02
1.190000e-06	3.054018e-09	1.808014e-09	2.624732e+01	2.093887e+02
1.200000e-06	3.115436e-09	1.866298e-09	2.677517e+01	2.160291e+02
1.210000e-06	3.175818e-09	1.925420e-09	2.729411e+01	2.226311e+02
1.220000e-06	3.235169e-09	1.983971e-09	2.780419e+01	2.292390e+02
1.230000e-06	3.293155e-09	2.040092e-09	2.830255e+01	2.358143e+02
1.240000e-06	3.349632e-09	2.093721e-09	2.878793e+01	2.422948e+02
1.250000e-06	3.404812e-09	2.145494e-09	2.926217e+01	2.486412e+02
1.260000e-06	3.458758e-09	2.195708e-09	2.972580e+01	2.548278e+02
1.270000e-06	3.511367e-09	2.244575e-09	3.017793e+01	2.608139e+02
1.280000e-06	3.562405e-09	2.293213e-09	3.061657e+01	2.665563e+02
1.290000e-06	3.611696e-09	2.342583e-09	3.104020e+01	2.720598e+02
1.300000e-06	3.659430e-09	2.391213e-09	3.145044e+01	2.773945e+02
1.310000e-06	3.705818e-09	2.437379e-09	3.184912e+01	2.826358e+02
1.320000e-06	3.750898e-09	2.479633e-09	3.223655e+01	2.877771e+02
1.330000e-06	3.794729e-09	2.517557e-09	3.261325e+01	2.927184e+02
1.340000e-06	3.837069e-09	2.553215e-09	3.297713e+01	2.973581e+02
1.350000e-06	3.877741e-09	2.589301e-09	3.332668e+01	3.016965e+02
1.360000e-06	3.916960e-09	2.625766e-09	3.366375e+01	3.058311e+02
1.370000e-06	3.954775e-09	2.660974e-09	3.398874e+01	3.098412e+02
1.380000e-06	3.991226e-09	2.693933e-09	3.430201e+01	3.136909e+02
1.390000e-06	4.026256e-09	2.724833e-09	3.460308e+01	3.172675e+02
1.400000e-06	4.059579e-09	2.753453e-09	3.488946e+01	3.205207e+02
1.410000e-06	4.091274e-09	2.779801e-09	3.516186e+01	3.235428e+02
1.420000e-06	4.121519e-09	2.803853e-09	3.542179e+01	3.264864e+02
1.430000e-06	4.150327e-09	2.826924e-09	3.566938e+01	3.294007e+02
1.440000e-06	4.177664e-09	2.850556e-09	3.590433e+01	3.321713e+02
1.450000e-06	4.203213e-09	2.873373e-09	3.612390e+01	3.346383e+02
1.460000e-06	4.226965e-09	2.892786e-09	3.632804e+01	3.367696e+02
1.470000e-06	4.249171e-09	2.909020e-09	3.651888e+01	3.386965e+02
1.480000e-06	4.269923e-09	2.924415e-09	3.669723e+01	3.405709e+02
1.490000e-06	4.289270e-09	2.940284e-09	3.686351e+01	3.424065e+02
1.500000e-06	4.307003e-09	2.956228e-09	3.701591e+01	3.440812e+02
1.510000e-06	4.322966e-09	2.970108e-09	3.715310e+01	3.454910e+02
1.520000e-06	4.337211e-09	2.981175e-09	3.727553e+01	3.466669e+02
1.530000e-06	4.349753e-09	2.990742e-09	3.738332e+01	3.477188e+02
1.540000e-06	4.360435e-09	2.999119e-09	3.747512e+01	3.486805e+02
1.550000e-06	4.369191e-09	3.005025e-09	3.755037e+01	3.494596e+02
1.560000e-06	4.376248e-09	3.009267e-09	3.761103e+01	3.499648e+02
1.570000e-06	4.381739e-09	3.013748e-09	3.765822e+01	3.502578e+02
1.580000e-06	4.385729e-09	3.018865e-09	3.769251e+01	3.505211e+02
1.590000e-06	4.388033e-09	3.024406e-09	3.771231e+01	3.508533e+02
1.600000e-06	4.388526e-09	3.027206e-09	3.771655e+01	3.511302e+02
1.610000e-06	4.387443e-09	3.024145e-09	3.770724e+01	3.511280e+02
1.620000e-06	4.384911e-09	3.019896e-09	3.768548e+01	3.508006e+02
1.630000e-06	4.381050e-09	3.018033e-09	3.765230e+01	3.503823e+02
1.640000e-06	4.375694e-09	3.014037e-09	3.760626e+01	3.501472e+02
1.650000e-06	4.368626e-09	3.008218e-09	3.754552e+01	3.500489e+02
1.660000e-06	4.360116e-09	3.005221e-09	3.747238e+01	3.496652e+02
1.670000e-06	4.350293e-09	3.008955e-09	3.738795e+01	3.485871e+02
1.680000e-06	4.339040e-09	3.009826e-09	3.729125e+01	3.469018e+02
1.690000e-06	4.326008e-09	2.952358e-09	3.717924e+01	3.452426e+02
1.700000e-06	4.310533e-09	2.905501e-09	3.704624e+01	3.442711e+02
1.710000e-06	4.292428e-09	2.914889e-09	3.689064e+01	3.440495e+02
1.720000e-06	4.272200e-09	2.915760e-09	3.671680e+01	3.439288e+02
1.730000e-06	4.250384e-09	2.977757e-09	3.652931e+01	3.431082e+02
1.740000e-06	4.227749e-09	2.996284e-09	3.633477e+01	3.413589e+02
1.750000e-06	4.204469e-09	2.893210e-09	3.613469e+01	3.392288e+02
1.760000e-06	4.179443e-09	2.924124e-09	3.591961e+01	3.375382e+02
1.770000e-06	4.152608e-09	2.958550e-09	3.568899e+01	3.366554e+02
1.780000e-06	4.124754e-09	2.836416e-09	3.544960e+01	3.362228e+02
1.790000e-06	4.095226e-09	2.854438e-09	3.519582e+01	3.355366e+02
1.800000e-06	4.063745e-09	2.913219e-09	3.492526e+01	3.341608e+02
1.810000e-06	4.031036e-09	2.816904e-09	3.464415e+01	3.321960e+02
1.820000e-06	3.996827e-09	2.834284e-09	3.435014e+01	3.300376e+02
1.830000e-06	3.961152e-09	2.872925e-09	3.404354e+01	3.279610e+02
1.840000e-06	3.924401e-09	2.773541e-09	3.372769e+01	3.259621e+02
1.850000e-06	3.885875e-09	2.800069e-09	3.339658e+01	3.239238e+02
1.860000e-06	3.845467e-09	2.787078e-09	3.304930e+01	3.218226e+02
1.870000e-06	3.803722e-09	2.692842e-09	3.269053e+01	3.197103e+02
1.880000e-06	3.760599e-09	2.743498e-09	3.231991e+01	3.175302e+02
1.890000e-06	3.716242e-09	2.700503e-09	3.193870e+01	3.150485e+02
1.900000e-06	3.670528e-09	2.657149e-09	3.154582e+01	3.120423e+02
1.910000e-06	3.623089e-09	2.706102e-09	3.113811e+01	3.085631e+02
1.920000e-06	3.574271e-09	2.606781e-09	3.071855e+01	3.049730e+02
1.930000e-06	3.524099e-09	2.561150e-09	3.028735e+01	3.016757e+02
1.940000e-06	3.472323e-09	2.577581e-09	2.984237e+01	2.987864e+02
1.950000e-06	3.418979e-09	2.510615e-09	2.938391e+01	2.960513e+02
1.960000e-06	3.364044e-09	2.502151e-09	2.891178e+01	2.930786e+02
1.970000e-06	3.307771e-09	2.495213e-09	2.842815e+01	2.896478e+02
1.980000e-06	3.250326e-09	2.455532e-09	2.793445e+01	2.858250e+02
1.990000e-06	3.191653e-09	2.424445e-09	2.743019e+01	2.818347e+02
2.000000e-06	3.131903e-09	2.382344e-09	2.691668e+01	2.778644e+02
2.010000e-06	3.071029e-09	2.349812e-09	2.639350e+01	2.739816e+02
2.020000e-06	3.008810e-09	2.291405e-09	2.585877e+01	2.701738e+02
2.030000e-06	2.945284e-09	2.260800e-09	2.531280e+01	2.663985e+02
2.040000e-06	2.880599e-09	2.250396e-09	2.475689e+01	2.625786e+02
2.050000e-06	2.814849e-09	2.206704e-09	2.419180e+01	2.585939e+02
2.060000e-06	2.748100e-09	2.182378e-09	2.361814e+01	2.543418e+02
2.070000e-06	2.680472e-09	2.136962e-09	2.303692e+01	2.498405e+02
2.080000e-06	2.611802e-09	2.090005e-09	2.244674e+01	2.452562e+02
2.090000e-06	2.541762e-09	2.060682e-09	2.184479e+01	2.407944e+02
2.100000e-06	2.470519e-09	2.005701e-09	2.123251e+01	2.365355e+02
2.110000e-06	2.398398e-09	1.973659e-09	2.061268e+01	2.323683e+02
2.120000e-06	2.325507e-09	1.941868e-09	1.998623e+01	2.280814e+02
2.130000e-06	2.251788e-09	1.901230e-09	1.935266e+01	2.235258e+02
2.140000e-06	2.177190e-09	1.873301e-09	1.871153e+01	2.187023e+02
2.150000e-06	2.101754e-09	1.825471e-09	1.806321e+01	2.137235e+02
2.160000e-06	2.025417e-09	1.776333e-09	1.740714e+01	2.087186e+02
2.170000e-06	1.948132e-09	1.732537e-09	1.674293e+01	2.037715e+02
2.180000e-06	1.869876e-09	1.691475e-09	1.607037e+01	1.989120e+02
2.190000e-06	1.790710e-09	1.651000e-09	1.538999e+01	1.941148e+02
2.200000e-06	1.710843e-09	1.606759e-09	1.470359e+01	1.892884e+02
2.210000e-06	1.630406e-09	1.568732e-09	1.401228e+01	1.842944e+02
2.220000e-06	1.549451e-09	1.523937e-09	1.331652e+01	1.790312e+02
2.230000e-06	1.467919e-09	1.472864e-09	1.261581e+01	1.735326e+02
2.240000e-06	1.385812e-09	1.422181e-09	1.191015e+01	1.679765e+02
2.250000e-06	1.303223e-09	1.371013e-09	1.120035e+01	1.625608e+02
2.260000e-06	1.220206e-09	1.328373e-09	1.048687e+01	1.573373e+02
2.270000e-06	1.136864e-09	1.287868e-09	9.770601e+00	1.521587e+02
2.280000e-06	1.053217e-09	1.243085e-09	9.051712e+00	1.467995e+02
2.290000e-06	9.692513e-10	1.195427e-09	8.330075e+00	1.411481e+02
2.300000e-06	8.849407e-10	1.143750e-09	7.605480e+00	1.352968e+02
2.310000e-06	8.002896e-10	1.092401e-09	6.877958e+00	1.294529e+02
2.320000e-06	7.153618e-10	1.041276e-09	6.148059e+00	1.237611e+02
2.330000e-06	6.301473e-10	9.887158e-10	5.415698e+00	1.181959e+02
2.340000e-06	5.446231e-10	9.409390e-10	4.680675e+00	1.126037e+02
2.350000e-06	4.587802e-10	8.949849e-10	3.942913e+00	1.068332e+02
2.360000e-06	3.725944e-10	8.457974e-10	3.202203e+00	1.008328e+02
2.370000e-06	2.861490e-10	7.955746e-10	2.459262e+00	9.465521e+01
2.380000e-06	1.995740e-10	7.418016e-10	1.715206e+00	8.839625e+01
2.390000e-06	1.129491e-10	6.872973e-10	9.707220e-01	8.213642e+01
2.400000e-06	2.636890e-11	6.323762e-10	2.266219e-01	7.591367e+01
2.410000e-06	-6.021460e-11	5.765315e-10	-5.175066e-01	6.971670e+01
2.420000e-06	-1.468708e-10	5.220604e-10	-1.262260e+00	6.348615e+01
2.430000e-06	-2.334854e-10	4.662119e-10	-2.006656e+00	5.713306e+01
2.440000e-06	-3.199468e-10	4.116383e-10	-2.749734e+00	5.058309e+01
2.450000e-06	-4.061794e-10	3.564182e-10	-3.490847e+00	4.382493e+01
2.460000e-06	-4.921991e-10	2.976811e-10	-4.230128e+00	3.692229e+01
2.470000e-06	-5.780065e-10	2.367872e-10	-4.967586e+00	2.997301e+01
2.480000e-06	-6.634693e-10	1.742395e-10	-5.702082e+00	2.304529e+01
2.490000e-06	-7.485302e-10	1.148403e-10	-6.433124e+00	1.614025e+01
2.500000e-06	-8.331922e-10	5.675089e-11	-7.160739e+00	9.203493e+00
2.510000e-06	-9.174956e-10	-1.755222e-12	-7.885273e+00	2.165466e+00
2.520000e-06	-1.001487e-09	-6.191527e-11	-8.607122e+00	-5.022943e+00
2.530000e-06	-1.085159e-09	-1.258947e-10	-9.326235e+00	-1.237475e+01
2.540000e-06	-1.168491e-09	-1.897948e-10	-1.004242e+01	-1.986492e+01
2.550000e-06	-1.251427e-09	-2.558261e-10	-1.075520e+01	-2.743627e+01
2.560000e-06	-1.333939e-09	-3.243058e-10	-1.146434e+01	-3.501770e+01
2.570000e-06	-1.415958e-09	-3.909709e-10	-1.216924e+01	-4.255594e+01
2.580000e-06	-1.497417e-09	-4.540180e-10	-1.286932e+01	-5.004367e+01
2.590000e-06	-1.578361e-09	-5.147668e-10	-1.356499e+01	-5.751991e+01
2.600000e-06	-1.658822e-09	-5.778680e-10	-1.425650e+01	-6.503876e+01
2.610000e-06	-1.738790e-09	-6.442992e-10	-1.494378e+01	-7.263077e+01
2.620000e-06	-1.818172e-09	-7.096998e-10	-1.562601e+01	-8.028678e+01
2.630000e-06	-1.896755e-09	-7.748944e-10	-1.630138e+01	-8.797086e+01
2.640000e-06	-1.974374e-09	-8.415369e-10	-1.696847e+01	-9.564363e+01
2.650000e-06	-2.050957e-09	-9.099429e-10	-1.762665e+01	-1.032774e+02
2.660000e-06	-2.126548e-09	-9.765505e-10	-1.827631e+01	-1.108607e+02
2.670000e-06	-2.201254e-09	-1.037913e-09	-1.891835e+01	-1.183996e+02
2.680000e-06	-2.275097e-09	-1.099135e-09	-1.955298e+01	-1.259123e+02
2.690000e-06	-2.348092e-09	-1.163037e-09	-2.018033e+01	-1.334125e+02
2.700000e-06	-2.420290e-09	-1.229997e-09	-2.080082e+01	-1.408881e+02
2.710000e-06	-2.491674e-09	-1.295254e-09	-2.141432e+01	-1.483030e+02
2.720000e-06	-2.562017e-09	-1.356558e-09	-2.201887e+01	-1.556333e+02
2.730000e-06	-2.631144e-09	-1.419012e-09	-2.261298e+01	-1.629093e+02
2.740000e-06	-2.699189e-09	-1.482722e-09	-2.319779e+01	-1.702110e+02
2.750000e-06	-2.766278e-09	-1.546989e-09	-2.377437e+01	-1.776001e+02
2.760000e-06	-2.832389e-09	-1.611395e-09	-2.434256e+01	-1.850443e+02
2.770000e-06	-2.897497e-09	-1.674692e-09	-2.490212e+01	-1.924114e+02
2.780000e-06	-2.961651e-09	-1.737674e-09	-2.545347e+01	-1.995565e+02
2.790000e-06	-3.024754e-09	-1.797257e-09	-2.599580e+01	-2.064297e+02
2.800000e-06	-3.086465e-09	-1.853905e-09	-2.652617e+01	-2.131057e+02
2.810000e-06	-3.146825e-09	-1.909255e-09	-2.704493e+01	-2.197101e+02
2.820000e-06	-3.206108e-09	-1.963495e-09	-2.755442e+01	-2.263167e+02
2.830000e-06	-3.264235e-09	-2.019508e-09	-2.805399e+01	-2.329091e+02
2.840000e-06	-3.321103e-09	-2.076620e-09	-2.854273e+01	-2.394254e+02
2.850000e-06	-3.376795e-09	-2.134714e-09	-2.902137e+01	-2.458172e+02
2.860000e-06	-3.431101e-09	-2.192449e-09	-2.948809e+01	-2.520581e+02
2.870000e-06	-3.483743e-09	-2.246290e-09	-2.994052e+01	-2.581137e+02
2.880000e-06	-3.534847e-09	-2.295589e-09	-3.037973e+01	-2.639368e+02
2.890000e-06	-3.584453e-09	-2.340753e-09	-3.080605e+01	-2.695117e+02
2.900000e-06	-3.632341e-09	-2.383775e-09	-3.121762e+01	-2.748903e+02
2.910000e-06	-3.678689e-09	-2.427245e-09	-3.161596e+01	-2.801566e+02
2.920000e-06	-3.723814e-09	-2.472881e-09	-3.200378e+01	-2.853371e+02
2.930000e-06	-3.767762e-09	-2.519336e-09	-3.238148e+01	-2.903558e+02
2.940000e-06	-3.810504e-09	-2.563624e-09	-3.274882e+01	-2.950981e+02
2.950000e-06	-3.851910e-09	-2.603461e-09	-3.310468e+01	-2.995254e+02
2.960000e-06	-3.891993e-09	-2.640047e-09	-3.344917e+01	-3.037127e+02
2.970000e-06	-3.930627e-09	-2.674229e-09	-3.378120e+01	-3.077600e+02
2.980000e-06	-3.967558e-09	-2.705644e-09	-3.409860e+01	-3.116719e+02
2.990000e-06	-4.002942e-09	-2.734718e-09	-3.440270e+01	-3.153471e+02
3.000000e-06	-4.036901e-09	-2.762154e-09	-3.469455e+01	-3.187006e+02
3.010000e-06	-4.069402e-09	-2.789824e-09	-3.497388e+01	-3.217795e+02
3.020000e-06	-4.100341e-09	-2.818321e-09	-3.523978e+01	-3.247346e+02
3.030000e-06	-4.129537e-09	-2.845744e-09	-3.549070e+01	-3.276634e+02
3.040000e-06	-4.157148e-09	-2.869399e-09	-3.572800e+01	-3.304989e+02
3.050000e-06	-4.183254e-09	-2.889050e-09	-3.595237e+01	-3.330753e+02
3.060000e-06	-4.207822e-09	-2.907072e-09	-3.616351e+01	-3.353060e+02
3.070000e-06	-4.230835e-09	-2.924184e-09	-3.636129e+01	-3.372786e+02
3.080000e-06	-4.252100e-09	-2.939342e-09	-3.654405e+01	-3.391594e+02
3.090000e-06	-4.271729e-09	-2.952839e-09	-3.671275e+01	-3.410161e+02
3.100000e-06	-4.289875e-09	-2.966148e-09	-3.686870e+01	-3.427579e+02
3.110000e-06	-4.306507e-09	-2.980314e-09	-3.701165e+01	-3.442561e+02
3.120000e-06	-4.321449e-09	-2.991797e-09	-3.714006e+01	-3.454956e+02
3.130000e-06	-4.334416e-09	-3.000018e-09	-3.725151e+01	-3.465768e+02
3.140000e-06	-4.345522e-09	-3.006440e-09	-3.734696e+01	-3.475722e+02
3.150000e-06	-4.354999e-09	-3.012224e-09	-3.742841e+01	-3.484234e+02
3.160000e-06	-4.362925e-09	-3.017047e-09	-3.749653e+01	-3.490185e+02
3.170000e-06	-4.369131e-09	-3.019226e-09	-3.754986e+01	-3.493620e+02
3.180000e-06	-4.373562e-09	-3.019869e-09	-3.758794e+01	-3.496149e+02
3.190000e-06	-4.376431e-09	-3.020165e-09	-3.761260e+01	-3.499271e+02
3.200000e-06	-4.377752e-09	-3.019737e-09	-3.762395e+01	-3.502463e+02
