# Temperatura_=_20.0
# Concentracion g/m^3_=_10770.0
# C_Vs_to_Am_M_A/Vsm_=_116720831517.84952
# pendiente_HvsI_1/m_=_3716.3
# ordenada_HvsI_A/m_=_1297.0
# frecuencia_Hz_=_108131.99207886719
# Promedio de 28 ciclos

Tiempo_(s)	Campo_(V.s)	Magnetizacion_(V.s)	Campo_(kA/m)	Magnetizacion_(A/m)
0.000000e+00	-4.150050e-09	-2.023111e-09	-3.324720e+01	-2.334567e+02
1.000000e-08	-4.150317e-09	-2.019314e-09	-3.324934e+01	-2.334698e+02
2.000000e-08	-4.150486e-09	-2.018160e-09	-3.325069e+01	-2.334527e+02
3.000000e-08	-4.150546e-09	-2.019903e-09	-3.325117e+01	-2.334041e+02
4.000000e-08	-4.150501e-09	-2.023756e-09	-3.325082e+01	-2.333258e+02
5.000000e-08	-4.150322e-09	-2.031682e-09	-3.324938e+01	-2.332229e+02
6.000000e-08	-4.149942e-09	-2.038881e-09	-3.324633e+01	-2.331031e+02
7.000000e-08	-4.149333e-09	-2.024135e-09	-3.324146e+01	-2.329760e+02
8.000000e-08	-4.148462e-09	-1.982701e-09	-3.323448e+01	-2.328519e+02
9.000000e-08	-4.147282e-09	-1.971027e-09	-3.322502e+01	-2.327406e+02
1.000000e-07	-4.145812e-09	-1.994715e-09	-3.321325e+01	-2.326500e+02
1.100000e-07	-4.144048e-09	-2.005555e-09	-3.319912e+01	-2.325849e+02
1.200000e-07	-4.141971e-09	-2.006847e-09	-3.318247e+01	-2.325468e+02
1.300000e-07	-4.139596e-09	-2.030366e-09	-3.316345e+01	-2.325326e+02
1.400000e-07	-4.136937e-09	-2.075179e-09	-3.314215e+01	-2.325359e+02
1.500000e-07	-4.133999e-09	-2.064091e-09	-3.311861e+01	-2.325465e+02
1.600000e-07	-4.130812e-09	-2.022705e-09	-3.309307e+01	-2.325523e+02
1.700000e-07	-4.127439e-09	-2.013510e-09	-3.306606e+01	-2.325401e+02
1.800000e-07	-4.123910e-09	-2.004454e-09	-3.303778e+01	-2.324973e+02
1.900000e-07	-4.120238e-09	-1.989783e-09	-3.300836e+01	-2.324130e+02
2.000000e-07	-4.116467e-09	-2.003718e-09	-3.297815e+01	-2.322798e+02
2.100000e-07	-4.112617e-09	-2.039904e-09	-3.294731e+01	-2.320938e+02
2.200000e-07	-4.108667e-09	-2.034139e-09	-3.291567e+01	-2.318555e+02
2.300000e-07	-4.104610e-09	-2.013448e-09	-3.288316e+01	-2.315699e+02
2.400000e-07	-4.100428e-09	-2.006505e-09	-3.284966e+01	-2.312451e+02
2.500000e-07	-4.096104e-09	-2.001464e-09	-3.281502e+01	-2.308920e+02
2.600000e-07	-4.091613e-09	-1.976356e-09	-3.277904e+01	-2.305230e+02
2.700000e-07	-4.086920e-09	-1.970721e-09	-3.274145e+01	-2.301501e+02
2.800000e-07	-4.082024e-09	-2.010578e-09	-3.270222e+01	-2.297842e+02
2.900000e-07	-4.076926e-09	-2.020923e-09	-3.266138e+01	-2.294337e+02
3.000000e-07	-4.071620e-09	-1.999448e-09	-3.261887e+01	-2.291040e+02
3.100000e-07	-4.066102e-09	-1.983438e-09	-3.257466e+01	-2.287965e+02
3.200000e-07	-4.060402e-09	-1.990345e-09	-3.252900e+01	-2.285095e+02
3.300000e-07	-4.054518e-09	-1.970616e-09	-3.248186e+01	-2.282382e+02
3.400000e-07	-4.048449e-09	-1.954436e-09	-3.243324e+01	-2.279757e+02
3.500000e-07	-4.042199e-09	-1.976414e-09	-3.238317e+01	-2.277136e+02
3.600000e-07	-4.035755e-09	-1.990344e-09	-3.233154e+01	-2.274439e+02
3.700000e-07	-4.029103e-09	-1.985267e-09	-3.227825e+01	-2.271590e+02
3.800000e-07	-4.022239e-09	-1.976734e-09	-3.222326e+01	-2.268533e+02
3.900000e-07	-4.015170e-09	-1.976720e-09	-3.216663e+01	-2.265235e+02
4.000000e-07	-4.007900e-09	-1.953579e-09	-3.210839e+01	-2.261686e+02
4.100000e-07	-4.000460e-09	-1.942759e-09	-3.204878e+01	-2.257900e+02
4.200000e-07	-3.992897e-09	-1.957134e-09	-3.198819e+01	-2.253912e+02
4.300000e-07	-3.985240e-09	-1.959649e-09	-3.192685e+01	-2.249769e+02
4.400000e-07	-3.977489e-09	-1.951636e-09	-3.186475e+01	-2.245525e+02
4.500000e-07	-3.969636e-09	-1.951843e-09	-3.180184e+01	-2.241233e+02
4.600000e-07	-3.961694e-09	-1.956193e-09	-3.173822e+01	-2.236938e+02
4.700000e-07	-3.953666e-09	-1.936918e-09	-3.167391e+01	-2.232672e+02
4.800000e-07	-3.945497e-09	-1.924053e-09	-3.160846e+01	-2.228454e+02
4.900000e-07	-3.937137e-09	-1.928373e-09	-3.154148e+01	-2.224285e+02
5.000000e-07	-3.928578e-09	-1.928576e-09	-3.147291e+01	-2.220152e+02
5.100000e-07	-3.919776e-09	-1.925893e-09	-3.140240e+01	-2.216031e+02
5.200000e-07	-3.910673e-09	-1.924649e-09	-3.132947e+01	-2.211891e+02
5.300000e-07	-3.901271e-09	-1.919415e-09	-3.125415e+01	-2.207699e+02
5.400000e-07	-3.891570e-09	-1.900453e-09	-3.117643e+01	-2.203424e+02
5.500000e-07	-3.881519e-09	-1.890255e-09	-3.109591e+01	-2.199039e+02
5.600000e-07	-3.871125e-09	-1.888187e-09	-3.101264e+01	-2.194525e+02
5.700000e-07	-3.860456e-09	-1.884642e-09	-3.092717e+01	-2.189873e+02
5.800000e-07	-3.849539e-09	-1.886094e-09	-3.083970e+01	-2.185079e+02
5.900000e-07	-3.838398e-09	-1.890730e-09	-3.075045e+01	-2.180146e+02
6.000000e-07	-3.827072e-09	-1.892482e-09	-3.065971e+01	-2.175081e+02
6.100000e-07	-3.815550e-09	-1.883847e-09	-3.056741e+01	-2.169895e+02
6.200000e-07	-3.803849e-09	-1.875560e-09	-3.047367e+01	-2.164594e+02
6.300000e-07	-3.792018e-09	-1.866655e-09	-3.037889e+01	-2.159187e+02
6.400000e-07	-3.780061e-09	-1.857475e-09	-3.028310e+01	-2.153677e+02
6.500000e-07	-3.767964e-09	-1.852537e-09	-3.018619e+01	-2.148066e+02
6.600000e-07	-3.755698e-09	-1.852076e-09	-3.008792e+01	-2.142353e+02
6.700000e-07	-3.743251e-09	-1.851129e-09	-2.998820e+01	-2.136536e+02
6.800000e-07	-3.730638e-09	-1.842434e-09	-2.988716e+01	-2.130612e+02
6.900000e-07	-3.717830e-09	-1.832707e-09	-2.978455e+01	-2.124581e+02
7.000000e-07	-3.704797e-09	-1.824412e-09	-2.968014e+01	-2.118443e+02
7.100000e-07	-3.691572e-09	-1.821857e-09	-2.957419e+01	-2.112199e+02
7.200000e-07	-3.678179e-09	-1.820620e-09	-2.946690e+01	-2.105853e+02
7.300000e-07	-3.664632e-09	-1.817400e-09	-2.935836e+01	-2.099411e+02
7.400000e-07	-3.650920e-09	-1.812263e-09	-2.924852e+01	-2.092878e+02
7.500000e-07	-3.637036e-09	-1.805845e-09	-2.913729e+01	-2.086257e+02
7.600000e-07	-3.622969e-09	-1.800650e-09	-2.902459e+01	-2.079551e+02
7.700000e-07	-3.608705e-09	-1.792917e-09	-2.891032e+01	-2.072763e+02
7.800000e-07	-3.594251e-09	-1.786445e-09	-2.879452e+01	-2.065891e+02
7.900000e-07	-3.579555e-09	-1.782560e-09	-2.867679e+01	-2.058933e+02
8.000000e-07	-3.564627e-09	-1.783023e-09	-2.855720e+01	-2.051887e+02
8.100000e-07	-3.549475e-09	-1.781238e-09	-2.843581e+01	-2.044752e+02
8.200000e-07	-3.534067e-09	-1.771499e-09	-2.831237e+01	-2.037526e+02
8.300000e-07	-3.518417e-09	-1.757658e-09	-2.818700e+01	-2.030213e+02
8.400000e-07	-3.502516e-09	-1.742705e-09	-2.805961e+01	-2.022815e+02
8.500000e-07	-3.486412e-09	-1.733658e-09	-2.793059e+01	-2.015339e+02
8.600000e-07	-3.470136e-09	-1.728697e-09	-2.780020e+01	-2.007795e+02
8.700000e-07	-3.453687e-09	-1.725984e-09	-2.766843e+01	-2.000193e+02
8.800000e-07	-3.437068e-09	-1.724131e-09	-2.753529e+01	-1.992541e+02
8.900000e-07	-3.420305e-09	-1.723096e-09	-2.740099e+01	-1.984849e+02
9.000000e-07	-3.403431e-09	-1.719905e-09	-2.726581e+01	-1.977124e+02
9.100000e-07	-3.386440e-09	-1.708300e-09	-2.712969e+01	-1.969374e+02
9.200000e-07	-3.369325e-09	-1.692650e-09	-2.699258e+01	-1.961600e+02
9.300000e-07	-3.352082e-09	-1.677551e-09	-2.685444e+01	-1.953807e+02
9.400000e-07	-3.334729e-09	-1.667053e-09	-2.671542e+01	-1.945997e+02
9.500000e-07	-3.317274e-09	-1.659621e-09	-2.657558e+01	-1.938173e+02
9.600000e-07	-3.299694e-09	-1.653490e-09	-2.643475e+01	-1.930339e+02
9.700000e-07	-3.281968e-09	-1.650128e-09	-2.629273e+01	-1.922502e+02
9.800000e-07	-3.264104e-09	-1.649965e-09	-2.614962e+01	-1.914670e+02
9.900000e-07	-3.246107e-09	-1.650190e-09	-2.600544e+01	-1.906853e+02
1.000000e-06	-3.227939e-09	-1.644696e-09	-2.585990e+01	-1.899058e+02
1.010000e-06	-3.209589e-09	-1.634367e-09	-2.571289e+01	-1.891291e+02
1.020000e-06	-3.191062e-09	-1.622116e-09	-2.556446e+01	-1.883554e+02
1.030000e-06	-3.172362e-09	-1.610702e-09	-2.541465e+01	-1.875841e+02
1.040000e-06	-3.153495e-09	-1.600474e-09	-2.526350e+01	-1.868139e+02
1.050000e-06	-3.134464e-09	-1.590938e-09	-2.511104e+01	-1.860427e+02
1.060000e-06	-3.115283e-09	-1.584653e-09	-2.495737e+01	-1.852676e+02
1.070000e-06	-3.095954e-09	-1.582263e-09	-2.480253e+01	-1.844851e+02
1.080000e-06	-3.076499e-09	-1.580376e-09	-2.464667e+01	-1.836915e+02
1.090000e-06	-3.056944e-09	-1.572972e-09	-2.449000e+01	-1.828832e+02
1.100000e-06	-3.037294e-09	-1.559556e-09	-2.433258e+01	-1.820571e+02
1.110000e-06	-3.017581e-09	-1.543295e-09	-2.417466e+01	-1.812113e+02
1.120000e-06	-2.997816e-09	-1.528825e-09	-2.401631e+01	-1.803449e+02
1.130000e-06	-2.977989e-09	-1.519145e-09	-2.385747e+01	-1.794584e+02
1.140000e-06	-2.958109e-09	-1.513459e-09	-2.369821e+01	-1.785542e+02
1.150000e-06	-2.938172e-09	-1.509200e-09	-2.353848e+01	-1.776355e+02
1.160000e-06	-2.918162e-09	-1.504167e-09	-2.337818e+01	-1.767068e+02
1.170000e-06	-2.898063e-09	-1.497995e-09	-2.321717e+01	-1.757730e+02
1.180000e-06	-2.877863e-09	-1.489043e-09	-2.305533e+01	-1.748388e+02
1.190000e-06	-2.857544e-09	-1.477241e-09	-2.289255e+01	-1.739084e+02
1.200000e-06	-2.837087e-09	-1.464632e-09	-2.272867e+01	-1.729847e+02
1.210000e-06	-2.816508e-09	-1.454010e-09	-2.256380e+01	-1.720691e+02
1.220000e-06	-2.795793e-09	-1.444702e-09	-2.239785e+01	-1.711612e+02
1.230000e-06	-2.774917e-09	-1.434314e-09	-2.223061e+01	-1.702590e+02
1.240000e-06	-2.753890e-09	-1.423634e-09	-2.206215e+01	-1.693589e+02
1.250000e-06	-2.732727e-09	-1.412813e-09	-2.189261e+01	-1.684562e+02
1.260000e-06	-2.711435e-09	-1.403198e-09	-2.172204e+01	-1.675459e+02
1.270000e-06	-2.690026e-09	-1.395737e-09	-2.155052e+01	-1.666231e+02
1.280000e-06	-2.668515e-09	-1.390117e-09	-2.137819e+01	-1.656837e+02
1.290000e-06	-2.646894e-09	-1.385413e-09	-2.120497e+01	-1.647248e+02
1.300000e-06	-2.625143e-09	-1.379392e-09	-2.103072e+01	-1.637453e+02
1.310000e-06	-2.603276e-09	-1.369160e-09	-2.085554e+01	-1.627457e+02
1.320000e-06	-2.581319e-09	-1.353906e-09	-2.067964e+01	-1.617283e+02
1.330000e-06	-2.559282e-09	-1.337570e-09	-2.050309e+01	-1.606968e+02
1.340000e-06	-2.537146e-09	-1.322381e-09	-2.032575e+01	-1.596554e+02
1.350000e-06	-2.514908e-09	-1.309368e-09	-2.014760e+01	-1.586089e+02
1.360000e-06	-2.492566e-09	-1.298672e-09	-1.996861e+01	-1.575617e+02
1.370000e-06	-2.470086e-09	-1.291604e-09	-1.978852e+01	-1.565172e+02
1.380000e-06	-2.447480e-09	-1.287462e-09	-1.960741e+01	-1.554776e+02
1.390000e-06	-2.424757e-09	-1.282749e-09	-1.942537e+01	-1.544435e+02
1.400000e-06	-2.401918e-09	-1.276506e-09	-1.924241e+01	-1.534143e+02
1.410000e-06	-2.378937e-09	-1.266787e-09	-1.905829e+01	-1.523877e+02
1.420000e-06	-2.355795e-09	-1.254424e-09	-1.887290e+01	-1.513607e+02
1.430000e-06	-2.332537e-09	-1.241637e-09	-1.868658e+01	-1.503300e+02
1.440000e-06	-2.309176e-09	-1.229781e-09	-1.849942e+01	-1.492920e+02
1.450000e-06	-2.285718e-09	-1.219041e-09	-1.831149e+01	-1.482439e+02
1.460000e-06	-2.262189e-09	-1.210268e-09	-1.812300e+01	-1.471839e+02
1.470000e-06	-2.238597e-09	-1.204010e-09	-1.793399e+01	-1.461109e+02
1.480000e-06	-2.214934e-09	-1.197390e-09	-1.774443e+01	-1.450255e+02
1.490000e-06	-2.191209e-09	-1.188831e-09	-1.755436e+01	-1.439288e+02
1.500000e-06	-2.167437e-09	-1.177923e-09	-1.736392e+01	-1.428230e+02
1.510000e-06	-2.143615e-09	-1.167489e-09	-1.717307e+01	-1.417104e+02
1.520000e-06	-2.119737e-09	-1.158360e-09	-1.698177e+01	-1.405933e+02
1.530000e-06	-2.095797e-09	-1.148319e-09	-1.678998e+01	-1.394736e+02
1.540000e-06	-2.071795e-09	-1.137673e-09	-1.659769e+01	-1.383526e+02
1.550000e-06	-2.047731e-09	-1.127432e-09	-1.640492e+01	-1.372307e+02
1.560000e-06	-2.023597e-09	-1.119192e-09	-1.621157e+01	-1.361074e+02
1.570000e-06	-1.999393e-09	-1.110749e-09	-1.601767e+01	-1.349819e+02
1.580000e-06	-1.975111e-09	-1.100246e-09	-1.582313e+01	-1.338528e+02
1.590000e-06	-1.950738e-09	-1.089307e-09	-1.562787e+01	-1.327187e+02
1.600000e-06	-1.926271e-09	-1.080528e-09	-1.543187e+01	-1.315786e+02
1.610000e-06	-1.901703e-09	-1.073629e-09	-1.523504e+01	-1.304321e+02
1.620000e-06	-1.877022e-09	-1.063531e-09	-1.503732e+01	-1.292795e+02
1.630000e-06	-1.852219e-09	-1.049652e-09	-1.483862e+01	-1.281218e+02
1.640000e-06	-1.827289e-09	-1.035273e-09	-1.463889e+01	-1.269607e+02
1.650000e-06	-1.802226e-09	-1.024007e-09	-1.443811e+01	-1.257983e+02
1.660000e-06	-1.777031e-09	-1.016413e-09	-1.423626e+01	-1.246366e+02
1.670000e-06	-1.751730e-09	-1.010204e-09	-1.403357e+01	-1.234775e+02
1.680000e-06	-1.726313e-09	-1.004049e-09	-1.382995e+01	-1.223219e+02
1.690000e-06	-1.700758e-09	-9.984144e-10	-1.362522e+01	-1.211700e+02
1.700000e-06	-1.675066e-09	-9.931134e-10	-1.341939e+01	-1.200209e+02
1.710000e-06	-1.649220e-09	-9.828629e-10	-1.321233e+01	-1.188728e+02
1.720000e-06	-1.623238e-09	-9.674260e-10	-1.300419e+01	-1.177230e+02
1.730000e-06	-1.597166e-09	-9.508572e-10	-1.279531e+01	-1.165685e+02
1.740000e-06	-1.570956e-09	-9.370970e-10	-1.258534e+01	-1.154062e+02
1.750000e-06	-1.544555e-09	-9.272017e-10	-1.237384e+01	-1.142334e+02
1.760000e-06	-1.518030e-09	-9.189182e-10	-1.216134e+01	-1.130483e+02
1.770000e-06	-1.491433e-09	-9.108302e-10	-1.194826e+01	-1.118502e+02
1.780000e-06	-1.464710e-09	-9.026879e-10	-1.173418e+01	-1.106394e+02
1.790000e-06	-1.437848e-09	-8.957778e-10	-1.151898e+01	-1.094174e+02
1.800000e-06	-1.410877e-09	-8.877340e-10	-1.130290e+01	-1.081867e+02
1.810000e-06	-1.383806e-09	-8.758975e-10	-1.108604e+01	-1.069501e+02
1.820000e-06	-1.356656e-09	-8.621416e-10	-1.086852e+01	-1.057104e+02
1.830000e-06	-1.329432e-09	-8.492529e-10	-1.065043e+01	-1.044701e+02
1.840000e-06	-1.302116e-09	-8.381145e-10	-1.043159e+01	-1.032305e+02
1.850000e-06	-1.274736e-09	-8.267479e-10	-1.021225e+01	-1.019917e+02
1.860000e-06	-1.247317e-09	-8.155920e-10	-9.992581e+00	-1.007527e+02
1.870000e-06	-1.219840e-09	-8.059129e-10	-9.772454e+00	-9.951084e+01
1.880000e-06	-1.192303e-09	-7.981345e-10	-9.551847e+00	-9.826267e+01
1.890000e-06	-1.164723e-09	-7.904781e-10	-9.330899e+00	-9.700402e+01
1.900000e-06	-1.137125e-09	-7.800501e-10	-9.109802e+00	-9.573071e+01
1.910000e-06	-1.109495e-09	-7.685551e-10	-8.888453e+00	-9.443904e+01
1.920000e-06	-1.081833e-09	-7.571408e-10	-8.666842e+00	-9.312637e+01
1.930000e-06	-1.054134e-09	-7.464788e-10	-8.444940e+00	-9.179149e+01
1.940000e-06	-1.026396e-09	-7.356435e-10	-8.222722e+00	-9.043489e+01
1.950000e-06	-9.986479e-10	-7.234800e-10	-8.000423e+00	-8.905874e+01
1.960000e-06	-9.708941e-10	-7.108199e-10	-7.778079e+00	-8.766674e+01
1.970000e-06	-9.431243e-10	-6.992612e-10	-7.555608e+00	-8.626374e+01
1.980000e-06	-9.153388e-10	-6.895088e-10	-7.333010e+00	-8.485521e+01
1.990000e-06	-8.875377e-10	-6.796334e-10	-7.110287e+00	-8.344665e+01
2.000000e-06	-8.597099e-10	-6.689449e-10	-6.887350e+00	-8.204304e+01
2.010000e-06	-8.318627e-10	-6.580966e-10	-6.664258e+00	-8.064834e+01
2.020000e-06	-8.040008e-10	-6.470075e-10	-6.441049e+00	-7.926511e+01
2.030000e-06	-7.761226e-10	-6.339011e-10	-6.217709e+00	-7.789432e+01
2.040000e-06	-7.482422e-10	-6.174725e-10	-5.994351e+00	-7.653536e+01
2.050000e-06	-7.203650e-10	-6.019985e-10	-5.771018e+00	-7.518623e+01
2.060000e-06	-6.924824e-10	-5.907595e-10	-5.547643e+00	-7.384382e+01
2.070000e-06	-6.645830e-10	-5.826089e-10	-5.324133e+00	-7.250434e+01
2.080000e-06	-6.366624e-10	-5.745757e-10	-5.100453e+00	-7.116373e+01
2.090000e-06	-6.087246e-10	-5.647480e-10	-4.876635e+00	-6.981805e+01
2.100000e-06	-5.807746e-10	-5.553423e-10	-4.652720e+00	-6.846385e+01
2.110000e-06	-5.528128e-10	-5.461329e-10	-4.428709e+00	-6.709833e+01
2.120000e-06	-5.248417e-10	-5.328326e-10	-4.204625e+00	-6.571947e+01
2.130000e-06	-4.968657e-10	-5.144762e-10	-3.980501e+00	-6.432599e+01
2.140000e-06	-4.688775e-10	-4.961446e-10	-3.756279e+00	-6.291729e+01
2.150000e-06	-4.408706e-10	-4.818914e-10	-3.531907e+00	-6.149324e+01
2.160000e-06	-4.128603e-10	-4.714201e-10	-3.307509e+00	-6.005405e+01
2.170000e-06	-3.848492e-10	-4.625878e-10	-3.083104e+00	-5.860015e+01
2.180000e-06	-3.568219e-10	-4.535076e-10	-2.858570e+00	-5.713203e+01
2.190000e-06	-3.287768e-10	-4.447907e-10	-2.633892e+00	-5.565026e+01
2.200000e-06	-3.007270e-10	-4.378440e-10	-2.409178e+00	-5.415549e+01
2.210000e-06	-2.726753e-10	-4.300854e-10	-2.184448e+00	-5.264852e+01
2.220000e-06	-2.446141e-10	-4.163652e-10	-1.959642e+00	-5.113033e+01
2.230000e-06	-2.165380e-10	-3.977598e-10	-1.734716e+00	-4.960219e+01
2.240000e-06	-1.884378e-10	-3.799991e-10	-1.509598e+00	-4.806562e+01
2.250000e-06	-1.603344e-10	-3.660762e-10	-1.284454e+00	-4.652233e+01
2.260000e-06	-1.322417e-10	-3.538534e-10	-1.059395e+00	-4.497413e+01
2.270000e-06	-1.041378e-10	-3.421785e-10	-8.342469e-01	-4.342272e+01
2.280000e-06	-7.602549e-11	-3.341764e-10	-6.090309e-01	-4.186953e+01
2.290000e-06	-4.792193e-11	-3.294199e-10	-3.838853e-01	-4.031547e+01
2.300000e-06	-1.982588e-11	-3.219177e-10	-1.588000e-01	-3.876083e+01
2.310000e-06	8.272713e-12	-3.078682e-10	6.630567e-02	-3.720521e+01
2.320000e-06	3.636723e-11	-2.898043e-10	2.913787e-01	-3.564755e+01
2.330000e-06	6.445898e-11	-2.724605e-10	5.164297e-01	-3.408629e+01
2.340000e-06	9.255747e-11	-2.580307e-10	7.415346e-01	-3.251964e+01
2.350000e-06	1.206490e-10	-2.440522e-10	9.665833e-01	-3.094589e+01
2.360000e-06	1.487181e-10	-2.303838e-10	1.191453e+00	-2.936378e+01
2.370000e-06	1.767810e-10	-2.202518e-10	1.416273e+00	-2.777276e+01
2.380000e-06	2.048512e-10	-2.138260e-10	1.641152e+00	-2.617328e+01
2.390000e-06	2.329216e-10	-2.070877e-10	1.866031e+00	-2.456680e+01
2.400000e-06	2.609924e-10	-1.946265e-10	2.090914e+00	-2.295572e+01
2.410000e-06	2.890551e-10	-1.774652e-10	2.315732e+00	-2.134316e+01
2.420000e-06	3.170904e-10	-1.612927e-10	2.540331e+00	-1.973250e+01
2.430000e-06	3.451116e-10	-1.475280e-10	2.764817e+00	-1.812689e+01
2.440000e-06	3.731344e-10	-1.319830e-10	2.989315e+00	-1.652875e+01
2.450000e-06	4.011445e-10	-1.130149e-10	3.213712e+00	-1.493926e+01
2.460000e-06	4.291576e-10	-9.561253e-11	3.438133e+00	-1.335801e+01
2.470000e-06	4.571733e-10	-8.472693e-11	3.662574e+00	-1.178283e+01
2.480000e-06	4.851687e-10	-7.934515e-11	3.886854e+00	-1.020992e+01
2.490000e-06	5.131474e-10	-7.394952e-11	4.110999e+00	-8.634088e+00
2.500000e-06	5.411109e-10	-6.406911e-11	4.335022e+00	-7.049354e+00
2.510000e-06	5.690599e-10	-5.047845e-11	4.558930e+00	-5.449599e+00
2.520000e-06	5.969933e-10	-3.540988e-11	4.782713e+00	-3.829342e+00
2.530000e-06	6.249109e-10	-1.709902e-11	5.006368e+00	-2.184470e+00
2.540000e-06	6.528213e-10	4.977527e-12	5.229967e+00	-5.128297e-01
2.550000e-06	6.807253e-10	2.572117e-11	5.453514e+00	1.185391e+00
2.560000e-06	7.086156e-10	4.152082e-11	5.676951e+00	2.907579e+00
2.570000e-06	7.364959e-10	5.238598e-11	5.900308e+00	4.648909e+00
2.580000e-06	7.643696e-10	6.114446e-11	6.123612e+00	6.402864e+00
2.590000e-06	7.922235e-10	7.286709e-11	6.346758e+00	8.161982e+00
2.600000e-06	8.200605e-10	8.701093e-11	6.569768e+00	9.918745e+00
2.610000e-06	8.478839e-10	1.010734e-10	6.792669e+00	1.166651e+01
2.620000e-06	8.756920e-10	1.169894e-10	7.015449e+00	1.340033e+01
2.630000e-06	9.034938e-10	1.356894e-10	7.238177e+00	1.511758e+01
2.640000e-06	9.312894e-10	1.531616e-10	7.460855e+00	1.681829e+01
2.650000e-06	9.590651e-10	1.668387e-10	7.683375e+00	1.850513e+01
2.660000e-06	9.868172e-10	1.789132e-10	7.905705e+00	2.018306e+01
2.670000e-06	1.014567e-09	1.926954e-10	8.128018e+00	2.185867e+01
2.680000e-06	1.042293e-09	2.088367e-10	8.350141e+00	2.353928e+01
2.690000e-06	1.069984e-09	2.230464e-10	8.571974e+00	2.523198e+01
2.700000e-06	1.097663e-09	2.342642e-10	8.793725e+00	2.694267e+01
2.710000e-06	1.125311e-09	2.465186e-10	9.015215e+00	2.867524e+01
2.720000e-06	1.152903e-09	2.618858e-10	9.236269e+00	3.043103e+01
2.730000e-06	1.180456e-09	2.782171e-10	9.457001e+00	3.220862e+01
2.740000e-06	1.207977e-09	2.930456e-10	9.677476e+00	3.400396e+01
2.750000e-06	1.235437e-09	3.069861e-10	9.897465e+00	3.581089e+01
2.760000e-06	1.262828e-09	3.213244e-10	1.011691e+01	3.762184e+01
2.770000e-06	1.290178e-09	3.379808e-10	1.033602e+01	3.942884e+01
2.780000e-06	1.317456e-09	3.558757e-10	1.055455e+01	4.122441e+01
2.790000e-06	1.344633e-09	3.718469e-10	1.077227e+01	4.300255e+01
2.800000e-06	1.371737e-09	3.847239e-10	1.098941e+01	4.475937e+01
2.810000e-06	1.398771e-09	3.967130e-10	1.120598e+01	4.649353e+01
2.820000e-06	1.425721e-09	4.112753e-10	1.142188e+01	4.820635e+01
2.830000e-06	1.452561e-09	4.282974e-10	1.163691e+01	4.990148e+01
2.840000e-06	1.479285e-09	4.463221e-10	1.185100e+01	5.158441e+01
2.850000e-06	1.505899e-09	4.626021e-10	1.206421e+01	5.326168e+01
2.860000e-06	1.532377e-09	4.759711e-10	1.227633e+01	5.493995e+01
2.870000e-06	1.558725e-09	4.889318e-10	1.248741e+01	5.662521e+01
2.880000e-06	1.584956e-09	5.012392e-10	1.269756e+01	5.832194e+01
2.890000e-06	1.611054e-09	5.109852e-10	1.290664e+01	6.003265e+01
2.900000e-06	1.637001e-09	5.202343e-10	1.311450e+01	6.175760e+01
2.910000e-06	1.662801e-09	5.325022e-10	1.332119e+01	6.349484e+01
2.920000e-06	1.688461e-09	5.478996e-10	1.352676e+01	6.524055e+01
2.930000e-06	1.713969e-09	5.651232e-10	1.373111e+01	6.698961e+01
2.940000e-06	1.739328e-09	5.825192e-10	1.393426e+01	6.873630e+01
2.950000e-06	1.764546e-09	5.991185e-10	1.413630e+01	7.047502e+01
2.960000e-06	1.789608e-09	6.158268e-10	1.433708e+01	7.220102e+01
2.970000e-06	1.814531e-09	6.302154e-10	1.453674e+01	7.391092e+01
2.980000e-06	1.839350e-09	6.406065e-10	1.473557e+01	7.560303e+01
2.990000e-06	1.864051e-09	6.494264e-10	1.493345e+01	7.727747e+01
3.000000e-06	1.888632e-09	6.586767e-10	1.513038e+01	7.893600e+01
3.010000e-06	1.913119e-09	6.697351e-10	1.532655e+01	8.058170e+01
3.020000e-06	1.937509e-09	6.833204e-10	1.552195e+01	8.221844e+01
3.030000e-06	1.961810e-09	6.989422e-10	1.571663e+01	8.385034e+01
3.040000e-06	1.986031e-09	7.159626e-10	1.591067e+01	8.548120e+01
3.050000e-06	2.010160e-09	7.330172e-10	1.610398e+01	8.711405e+01
3.060000e-06	2.034222e-09	7.483526e-10	1.629674e+01	8.875084e+01
3.070000e-06	2.058243e-09	7.619226e-10	1.648918e+01	9.039224e+01
3.080000e-06	2.082218e-09	7.746168e-10	1.668125e+01	9.203773e+01
3.090000e-06	2.106133e-09	7.869643e-10	1.687284e+01	9.368573e+01
3.100000e-06	2.129991e-09	7.991476e-10	1.706398e+01	9.533394e+01
3.110000e-06	2.153801e-09	8.117487e-10	1.725473e+01	9.697968e+01
3.120000e-06	2.177545e-09	8.255749e-10	1.744495e+01	9.862030e+01
3.130000e-06	2.201220e-09	8.402485e-10	1.763461e+01	1.002535e+02
3.140000e-06	2.224835e-09	8.539240e-10	1.782380e+01	1.018775e+02
3.150000e-06	2.248393e-09	8.677965e-10	1.801253e+01	1.034913e+02
3.160000e-06	2.271859e-09	8.835702e-10	1.820052e+01	1.050945e+02
3.170000e-06	2.295210e-09	8.989225e-10	1.838759e+01	1.066875e+02
3.180000e-06	2.318475e-09	9.118943e-10	1.857397e+01	1.082710e+02
3.190000e-06	2.341633e-09	9.223870e-10	1.875950e+01	1.098459e+02
3.200000e-06	2.364655e-09	9.322522e-10	1.894393e+01	1.114132e+02
3.210000e-06	2.387565e-09	9.431493e-10	1.912747e+01	1.129737e+02
3.220000e-06	2.410356e-09	9.554189e-10	1.931006e+01	1.145278e+02
3.230000e-06	2.433013e-09	9.703862e-10	1.949156e+01	1.160757e+02
3.240000e-06	2.455548e-09	9.873905e-10	1.967210e+01	1.176169e+02
3.250000e-06	2.477979e-09	1.004087e-09	1.985180e+01	1.191510e+02
3.260000e-06	2.500294e-09	1.019660e-09	2.003057e+01	1.206771e+02
3.270000e-06	2.522493e-09	1.033212e-09	2.020842e+01	1.221943e+02
3.280000e-06	2.544596e-09	1.044103e-09	2.038549e+01	1.237017e+02
3.290000e-06	2.566600e-09	1.053033e-09	2.056177e+01	1.251987e+02
3.300000e-06	2.588496e-09	1.060536e-09	2.073718e+01	1.266847e+02
3.310000e-06	2.610291e-09	1.067612e-09	2.091179e+01	1.281592e+02
3.320000e-06	2.631991e-09	1.077663e-09	2.108563e+01	1.296220e+02
3.330000e-06	2.653599e-09	1.091608e-09	2.125874e+01	1.310733e+02
3.340000e-06	2.675109e-09	1.106103e-09	2.143106e+01	1.325130e+02
3.350000e-06	2.696494e-09	1.121582e-09	2.160238e+01	1.339416e+02
3.360000e-06	2.717758e-09	1.138415e-09	2.177273e+01	1.353594e+02
3.370000e-06	2.738884e-09	1.155625e-09	2.194198e+01	1.367670e+02
3.380000e-06	2.759862e-09	1.169288e-09	2.211004e+01	1.381653e+02
3.390000e-06	2.780690e-09	1.176798e-09	2.227690e+01	1.395555e+02
3.400000e-06	2.801373e-09	1.182782e-09	2.244260e+01	1.409388e+02
3.410000e-06	2.821945e-09	1.189372e-09	2.260740e+01	1.423171e+02
3.420000e-06	2.842404e-09	1.197753e-09	2.277131e+01	1.436922e+02
3.430000e-06	2.862720e-09	1.207210e-09	2.293407e+01	1.450661e+02
3.440000e-06	2.882900e-09	1.219114e-09	2.309573e+01	1.464407e+02
3.450000e-06	2.902997e-09	1.235761e-09	2.325673e+01	1.478176e+02
3.460000e-06	2.923030e-09	1.253963e-09	2.341722e+01	1.491981e+02
3.470000e-06	2.942988e-09	1.270571e-09	2.357712e+01	1.505824e+02
3.480000e-06	2.962885e-09	1.282679e-09	2.373652e+01	1.519703e+02
3.490000e-06	2.982730e-09	1.292859e-09	2.389550e+01	1.533605e+02
3.500000e-06	3.002515e-09	1.301359e-09	2.405400e+01	1.547507e+02
3.510000e-06	3.022245e-09	1.305205e-09	2.421206e+01	1.561381e+02
3.520000e-06	3.041910e-09	1.307582e-09	2.436961e+01	1.575193e+02
3.530000e-06	3.061483e-09	1.313688e-09	2.452641e+01	1.588909e+02
3.540000e-06	3.080939e-09	1.328079e-09	2.468228e+01	1.602494e+02
3.550000e-06	3.100258e-09	1.347255e-09	2.483705e+01	1.615920e+02
3.560000e-06	3.119439e-09	1.365761e-09	2.499071e+01	1.629168e+02
3.570000e-06	3.138474e-09	1.380009e-09	2.514321e+01	1.642225e+02
3.580000e-06	3.157325e-09	1.388839e-09	2.529423e+01	1.655094e+02
3.590000e-06	3.175988e-09	1.393741e-09	2.544374e+01	1.667784e+02
3.600000e-06	3.194482e-09	1.395218e-09	2.559190e+01	1.680314e+02
3.610000e-06	3.212768e-09	1.397870e-09	2.573839e+01	1.692707e+02
3.620000e-06	3.230858e-09	1.404969e-09	2.588332e+01	1.704987e+02
3.630000e-06	3.248792e-09	1.418039e-09	2.602699e+01	1.717179e+02
3.640000e-06	3.266565e-09	1.435200e-09	2.616938e+01	1.729298e+02
3.650000e-06	3.284181e-09	1.451381e-09	2.631051e+01	1.741355e+02
3.660000e-06	3.301672e-09	1.464252e-09	2.645063e+01	1.753350e+02
3.670000e-06	3.319034e-09	1.472483e-09	2.658972e+01	1.765273e+02
3.680000e-06	3.336268e-09	1.476940e-09	2.672778e+01	1.777110e+02
3.690000e-06	3.353394e-09	1.478178e-09	2.686498e+01	1.788840e+02
3.700000e-06	3.370428e-09	1.479980e-09	2.700146e+01	1.800444e+02
3.710000e-06	3.387352e-09	1.485349e-09	2.713704e+01	1.811903e+02
3.720000e-06	3.404122e-09	1.494869e-09	2.727139e+01	1.823206e+02
3.730000e-06	3.420757e-09	1.508322e-09	2.740465e+01	1.834352e+02
3.740000e-06	3.437272e-09	1.523223e-09	2.753696e+01	1.845348e+02
3.750000e-06	3.453654e-09	1.537670e-09	2.766820e+01	1.856211e+02
3.760000e-06	3.469846e-09	1.549296e-09	2.779791e+01	1.866966e+02
3.770000e-06	3.485832e-09	1.558210e-09	2.792599e+01	1.877645e+02
3.780000e-06	3.501614e-09	1.563992e-09	2.805242e+01	1.888277e+02
3.790000e-06	3.517163e-09	1.567285e-09	2.817699e+01	1.898890e+02
3.800000e-06	3.532504e-09	1.569453e-09	2.829989e+01	1.909503e+02
3.810000e-06	3.547635e-09	1.572747e-09	2.842110e+01	1.920124e+02
3.820000e-06	3.562523e-09	1.580757e-09	2.854037e+01	1.930750e+02
3.830000e-06	3.577159e-09	1.592112e-09	2.865762e+01	1.941364e+02
3.840000e-06	3.591587e-09	1.604354e-09	2.877322e+01	1.951937e+02
3.850000e-06	3.605856e-09	1.615644e-09	2.888752e+01	1.962432e+02
3.860000e-06	3.619959e-09	1.625949e-09	2.900051e+01	1.972809e+02
3.870000e-06	3.633899e-09	1.636746e-09	2.911218e+01	1.983026e+02
3.880000e-06	3.647690e-09	1.647717e-09	2.922267e+01	1.993045e+02
3.890000e-06	3.661324e-09	1.655845e-09	2.933190e+01	2.002838e+02
3.900000e-06	3.674795e-09	1.658595e-09	2.943981e+01	2.012389e+02
3.910000e-06	3.688115e-09	1.658955e-09	2.954652e+01	2.021692e+02
3.920000e-06	3.701263e-09	1.661686e-09	2.965186e+01	2.030755e+02
3.930000e-06	3.714224e-09	1.668817e-09	2.975569e+01	2.039597e+02
3.940000e-06	3.727016e-09	1.679526e-09	2.985817e+01	2.048246e+02
3.950000e-06	3.739611e-09	1.691499e-09	2.995908e+01	2.056731e+02
3.960000e-06	3.752010e-09	1.702099e-09	3.005840e+01	2.065085e+02
3.970000e-06	3.764236e-09	1.710103e-09	3.015635e+01	2.073334e+02
3.980000e-06	3.776290e-09	1.714986e-09	3.025292e+01	2.081501e+02
3.990000e-06	3.788204e-09	1.715569e-09	3.034836e+01	2.089597e+02
4.000000e-06	3.799993e-09	1.714419e-09	3.044281e+01	2.097627e+02
4.010000e-06	3.811647e-09	1.717548e-09	3.053617e+01	2.105583e+02
4.020000e-06	3.823168e-09	1.727653e-09	3.062847e+01	2.113452e+02
4.030000e-06	3.834519e-09	1.741208e-09	3.071940e+01	2.121215e+02
4.040000e-06	3.845641e-09	1.752979e-09	3.080851e+01	2.128852e+02
4.050000e-06	3.856501e-09	1.760525e-09	3.089551e+01	2.136341e+02
4.060000e-06	3.867100e-09	1.764760e-09	3.098042e+01	2.143663e+02
4.070000e-06	3.877396e-09	1.768374e-09	3.106290e+01	2.150806e+02
4.080000e-06	3.887368e-09	1.772118e-09	3.114279e+01	2.157761e+02
4.090000e-06	3.897028e-09	1.775741e-09	3.122018e+01	2.164529e+02
4.100000e-06	3.906368e-09	1.780328e-09	3.129500e+01	2.171113e+02
4.110000e-06	3.915426e-09	1.787248e-09	3.136757e+01	2.177525e+02
4.120000e-06	3.924232e-09	1.793395e-09	3.143812e+01	2.183779e+02
4.130000e-06	3.932810e-09	1.796224e-09	3.150683e+01	2.189890e+02
4.140000e-06	3.941179e-09	1.798949e-09	3.157389e+01	2.195875e+02
4.150000e-06	3.949379e-09	1.805811e-09	3.163957e+01	2.201751e+02
4.160000e-06	3.957455e-09	1.817831e-09	3.170427e+01	2.207530e+02
4.170000e-06	3.965415e-09	1.830369e-09	3.176805e+01	2.213223e+02
4.180000e-06	3.973267e-09	1.837707e-09	3.183095e+01	2.218836e+02
4.190000e-06	3.981031e-09	1.838843e-09	3.189315e+01	2.224371e+02
4.200000e-06	3.988706e-09	1.837061e-09	3.195463e+01	2.229825e+02
4.210000e-06	3.996255e-09	1.835493e-09	3.201511e+01	2.235188e+02
4.220000e-06	4.003667e-09	1.835880e-09	3.207449e+01	2.240449e+02
4.230000e-06	4.010939e-09	1.839209e-09	3.213274e+01	2.245592e+02
4.240000e-06	4.018014e-09	1.848316e-09	3.218943e+01	2.250598e+02
4.250000e-06	4.024855e-09	1.863546e-09	3.224423e+01	2.255445e+02
4.260000e-06	4.031501e-09	1.878366e-09	3.229747e+01	2.260113e+02
4.270000e-06	4.037968e-09	1.885770e-09	3.234928e+01	2.264585e+02
4.280000e-06	4.044237e-09	1.885508e-09	3.239950e+01	2.268847e+02
4.290000e-06	4.050337e-09	1.884149e-09	3.244838e+01	2.272891e+02
4.300000e-06	4.056289e-09	1.884712e-09	3.249606e+01	2.276718e+02
4.310000e-06	4.062084e-09	1.886425e-09	3.254248e+01	2.280339e+02
4.320000e-06	4.067726e-09	1.889704e-09	3.258768e+01	2.283772e+02
4.330000e-06	4.073181e-09	1.896345e-09	3.263139e+01	2.287044e+02
4.340000e-06	4.078416e-09	1.905682e-09	3.267332e+01	2.290188e+02
4.350000e-06	4.083450e-09	1.912746e-09	3.271365e+01	2.293241e+02
4.360000e-06	4.088276e-09	1.915841e-09	3.275232e+01	2.296238e+02
4.370000e-06	4.092883e-09	1.916288e-09	3.278922e+01	2.299206e+02
4.380000e-06	4.097314e-09	1.917253e-09	3.282472e+01	2.302167e+02
4.390000e-06	4.101585e-09	1.920819e-09	3.285893e+01	2.305125e+02
4.400000e-06	4.105710e-09	1.924583e-09	3.289198e+01	2.308072e+02
4.410000e-06	4.109738e-09	1.928426e-09	3.292425e+01	2.310983e+02
4.420000e-06	4.113685e-09	1.932918e-09	3.295587e+01	2.313820e+02
4.430000e-06	4.117539e-09	1.937846e-09	3.298675e+01	2.316534e+02
4.440000e-06	4.121293e-09	1.943001e-09	3.301682e+01	2.319070e+02
4.450000e-06	4.124945e-09	1.946461e-09	3.304608e+01	2.321377e+02
4.460000e-06	4.128465e-09	1.948890e-09	3.307428e+01	2.323410e+02
4.470000e-06	4.131818e-09	1.952475e-09	3.310114e+01	2.325140e+02
4.480000e-06	4.134967e-09	1.957057e-09	3.312636e+01	2.326555e+02
4.490000e-06	4.137869e-09	1.958784e-09	3.314961e+01	2.327667e+02
4.500000e-06	4.140508e-09	1.956947e-09	3.317076e+01	2.328509e+02
4.510000e-06	4.142877e-09	1.955429e-09	3.318973e+01	2.329133e+02
4.520000e-06	4.144930e-09	1.956676e-09	3.320618e+01	2.329604e+02
4.530000e-06	4.146657e-09	1.961155e-09	3.322002e+01	2.329995e+02
4.540000e-06	4.148073e-09	1.966355e-09	3.323136e+01	2.330375e+02
4.550000e-06	4.149192e-09	1.971094e-09	3.324032e+01	2.330801e+02
4.560000e-06	4.150038e-09	1.977229e-09	3.324710e+01	2.331312e+02
4.570000e-06	4.150638e-09	1.982749e-09	3.325191e+01	2.331922e+02
4.580000e-06	4.151015e-09	1.984224e-09	3.325493e+01	2.332618e+02
4.590000e-06	4.151214e-09	1.981751e-09	3.325652e+01	2.333362e+02
4.600000e-06	4.151280e-09	1.979043e-09	3.325706e+01	2.334092e+02
4.610000e-06	4.151231e-09	1.979352e-09	3.325666e+01	2.334735e+02
4.620000e-06	4.151083e-09	1.979990e-09	3.325548e+01	2.335215e+02
4.630000e-06	4.150831e-09	1.979129e-09	3.325346e+01	2.335460e+02
4.640000e-06	4.150475e-09	1.978342e-09	3.325060e+01	2.335419e+02
4.650000e-06	4.149997e-09	1.979439e-09	3.324677e+01	2.335065e+02
4.660000e-06	4.149362e-09	1.977664e-09	3.324168e+01	2.334403e+02
4.670000e-06	4.148547e-09	1.967537e-09	3.323516e+01	2.333469e+02
4.680000e-06	4.147527e-09	1.961458e-09	3.322698e+01	2.332330e+02
4.690000e-06	4.146283e-09	1.992088e-09	3.321701e+01	2.331077e+02
4.700000e-06	4.144808e-09	2.035404e-09	3.320520e+01	2.329810e+02
4.710000e-06	4.143137e-09	2.028984e-09	3.319181e+01	2.328631e+02
4.720000e-06	4.141283e-09	1.998154e-09	3.317696e+01	2.327629e+02
4.730000e-06	4.139236e-09	1.977008e-09	3.316056e+01	2.326866e+02
4.740000e-06	4.137023e-09	1.968237e-09	3.314283e+01	2.326371e+02
4.750000e-06	4.134667e-09	1.936467e-09	3.312396e+01	2.326134e+02
4.760000e-06	4.132167e-09	1.926122e-09	3.310393e+01	2.326104e+02
4.770000e-06	4.129509e-09	1.978966e-09	3.308263e+01	2.326193e+02
4.780000e-06	4.126672e-09	2.009721e-09	3.305991e+01	2.326287e+02
4.790000e-06	4.123651e-09	2.007423e-09	3.303571e+01	2.326258e+02
4.800000e-06	4.120441e-09	2.005481e-09	3.300999e+01	2.325974e+02
4.810000e-06	4.117030e-09	2.001431e-09	3.298266e+01	2.325318e+02
4.820000e-06	4.113427e-09	1.972584e-09	3.295380e+01	2.324201e+02
4.830000e-06	4.109672e-09	1.943151e-09	3.292371e+01	2.322566e+02
4.840000e-06	4.105800e-09	1.963229e-09	3.289269e+01	2.320402e+02
4.850000e-06	4.101824e-09	1.992631e-09	3.286084e+01	2.317739e+02
4.860000e-06	4.097745e-09	1.996800e-09	3.282816e+01	2.314645e+02
4.870000e-06	4.093567e-09	1.990582e-09	3.279469e+01	2.311220e+02
4.880000e-06	4.089308e-09	1.999804e-09	3.276057e+01	2.307583e+02
4.890000e-06	4.084942e-09	1.984771e-09	3.272559e+01	2.303857e+02
4.900000e-06	4.080413e-09	1.937158e-09	3.268931e+01	2.300157e+02
4.910000e-06	4.075708e-09	1.931002e-09	3.265162e+01	2.296579e+02
4.920000e-06	4.070789e-09	1.966731e-09	3.261221e+01	2.293190e+02
4.930000e-06	4.065613e-09	1.979143e-09	3.257075e+01	2.290020e+02
4.940000e-06	4.060148e-09	1.955360e-09	3.252696e+01	2.287067e+02
4.950000e-06	4.054346e-09	1.964422e-09	3.248048e+01	2.284293e+02
4.960000e-06	4.048176e-09	1.977371e-09	3.243105e+01	2.281638e+02
4.970000e-06	4.041632e-09	1.952790e-09	3.237862e+01	2.279023e+02
4.980000e-06	4.034775e-09	1.938196e-09	3.232369e+01	2.276366e+02
4.990000e-06	4.027648e-09	1.959779e-09	3.226660e+01	2.273587e+02
5.000000e-06	4.020259e-09	1.969193e-09	3.220740e+01	2.270622e+02
5.010000e-06	4.012665e-09	1.952480e-09	3.214656e+01	2.267427e+02
5.020000e-06	4.004912e-09	1.955746e-09	3.208445e+01	2.263984e+02
5.030000e-06	3.997016e-09	1.953362e-09	3.202119e+01	2.260295e+02
5.040000e-06	3.989004e-09	1.924027e-09	3.195701e+01	2.256389e+02
5.050000e-06	3.980906e-09	1.913132e-09	3.189213e+01	2.252307e+02
5.060000e-06	3.972731e-09	1.931619e-09	3.182664e+01	2.248102e+02
5.070000e-06	3.964476e-09	1.937966e-09	3.176050e+01	2.243827e+02
5.080000e-06	3.956101e-09	1.930868e-09	3.169341e+01	2.239531e+02
5.090000e-06	3.947583e-09	1.942899e-09	3.162517e+01	2.235253e+02
5.100000e-06	3.938896e-09	1.943796e-09	3.155558e+01	2.231016e+02
5.110000e-06	3.930035e-09	1.919858e-09	3.148459e+01	2.226828e+02
5.120000e-06	3.920982e-09	1.902605e-09	3.141206e+01	2.222683e+02
5.130000e-06	3.911714e-09	1.901658e-09	3.133781e+01	2.218561e+02
5.140000e-06	3.902247e-09	1.902494e-09	3.126197e+01	2.214432e+02
5.150000e-06	3.892584e-09	1.908196e-09	3.118455e+01	2.210266e+02
5.160000e-06	3.882743e-09	1.925228e-09	3.110572e+01	2.206028e+02
5.170000e-06	3.872744e-09	1.927245e-09	3.102561e+01	2.201691e+02
5.180000e-06	3.862602e-09	1.915606e-09	3.094436e+01	2.197233e+02
5.190000e-06	3.852320e-09	1.905365e-09	3.086199e+01	2.192639e+02
5.200000e-06	3.841890e-09	1.896697e-09	3.077843e+01	2.187905e+02
5.210000e-06	3.831290e-09	1.884652e-09	3.069351e+01	2.183030e+02
5.220000e-06	3.820508e-09	1.875943e-09	3.060714e+01	2.178021e+02
5.230000e-06	3.809536e-09	1.881260e-09	3.051923e+01	2.172886e+02
5.240000e-06	3.798368e-09	1.885908e-09	3.042977e+01	2.167633e+02
5.250000e-06	3.786996e-09	1.883496e-09	3.033866e+01	2.162272e+02
5.260000e-06	3.775446e-09	1.878599e-09	3.024613e+01	2.156805e+02
5.270000e-06	3.763744e-09	1.872560e-09	3.015238e+01	2.151237e+02
5.280000e-06	3.751865e-09	1.864953e-09	3.005722e+01	2.145567e+02
5.290000e-06	3.739830e-09	1.860299e-09	2.996080e+01	2.139793e+02
5.300000e-06	3.727640e-09	1.858627e-09	2.986315e+01	2.133912e+02
5.310000e-06	3.715290e-09	1.852497e-09	2.976420e+01	2.127925e+02
5.320000e-06	3.702770e-09	1.847543e-09	2.966390e+01	2.121829e+02
5.330000e-06	3.690029e-09	1.844980e-09	2.956183e+01	2.115626e+02
5.340000e-06	3.677044e-09	1.839908e-09	2.945780e+01	2.109321e+02
5.350000e-06	3.663829e-09	1.830714e-09	2.935194e+01	2.102917e+02
5.360000e-06	3.650352e-09	1.822573e-09	2.924397e+01	2.096420e+02
5.370000e-06	3.636562e-09	1.821377e-09	2.913349e+01	2.089835e+02
5.380000e-06	3.622467e-09	1.823932e-09	2.902057e+01	2.083165e+02
5.390000e-06	3.608070e-09	1.822326e-09	2.890523e+01	2.076412e+02
5.400000e-06	3.593385e-09	1.811659e-09	2.878759e+01	2.069576e+02
5.410000e-06	3.578424e-09	1.798591e-09	2.866773e+01	2.062655e+02
5.420000e-06	3.563194e-09	1.785988e-09	2.854572e+01	2.055648e+02
5.430000e-06	3.547763e-09	1.774965e-09	2.842210e+01	2.048552e+02
5.440000e-06	3.532188e-09	1.767484e-09	2.829732e+01	2.041365e+02
5.450000e-06	3.516480e-09	1.763939e-09	2.817148e+01	2.034089e+02
5.460000e-06	3.500639e-09	1.766924e-09	2.804457e+01	2.026726e+02
5.470000e-06	3.484675e-09	1.773332e-09	2.791668e+01	2.019282e+02
5.480000e-06	3.468611e-09	1.774765e-09	2.778799e+01	2.011766e+02
5.490000e-06	3.452492e-09	1.764664e-09	2.765886e+01	2.004187e+02
5.500000e-06	3.436317e-09	1.748450e-09	2.752927e+01	1.996554e+02
5.510000e-06	3.420042e-09	1.733359e-09	2.739888e+01	1.988878e+02
5.520000e-06	3.403646e-09	1.724620e-09	2.726753e+01	1.981167e+02
5.530000e-06	3.387121e-09	1.722058e-09	2.713515e+01	1.973427e+02
5.540000e-06	3.370455e-09	1.718991e-09	2.700163e+01	1.965663e+02
5.550000e-06	3.353627e-09	1.715620e-09	2.686682e+01	1.957879e+02
5.560000e-06	3.336628e-09	1.712491e-09	2.673063e+01	1.950076e+02
5.570000e-06	3.319442e-09	1.708529e-09	2.659295e+01	1.942257e+02
5.580000e-06	3.302069e-09	1.700082e-09	2.645378e+01	1.934426e+02
5.590000e-06	3.284542e-09	1.686898e-09	2.631336e+01	1.926589e+02
5.600000e-06	3.266862e-09	1.676056e-09	2.617172e+01	1.918753e+02
5.610000e-06	3.249031e-09	1.671367e-09	2.602887e+01	1.910926e+02
5.620000e-06	3.231083e-09	1.669489e-09	2.588509e+01	1.903119e+02
5.630000e-06	3.213055e-09	1.664532e-09	2.574065e+01	1.895337e+02
5.640000e-06	3.194919e-09	1.657206e-09	2.559537e+01	1.887586e+02
5.650000e-06	3.176664e-09	1.649431e-09	2.544912e+01	1.879862e+02
5.660000e-06	3.158288e-09	1.642283e-09	2.530190e+01	1.872156e+02
5.670000e-06	3.139777e-09	1.635510e-09	2.515361e+01	1.864451e+02
5.680000e-06	3.121135e-09	1.628421e-09	2.500426e+01	1.856720e+02
5.690000e-06	3.102354e-09	1.623702e-09	2.485380e+01	1.848931e+02
5.700000e-06	3.083453e-09	1.620950e-09	2.470238e+01	1.841048e+02
5.710000e-06	3.064399e-09	1.616894e-09	2.454973e+01	1.833033e+02
5.720000e-06	3.045156e-09	1.607720e-09	2.439557e+01	1.824853e+02
5.730000e-06	3.025742e-09	1.595052e-09	2.424004e+01	1.816483e+02
5.740000e-06	3.006179e-09	1.585384e-09	2.408332e+01	1.807908e+02
5.750000e-06	2.986493e-09	1.582061e-09	2.392560e+01	1.799128e+02
5.760000e-06	2.966702e-09	1.582263e-09	2.376705e+01	1.790158e+02
5.770000e-06	2.946821e-09	1.580543e-09	2.360778e+01	1.781028e+02
5.780000e-06	2.926856e-09	1.575237e-09	2.344783e+01	1.771777e+02
5.790000e-06	2.906824e-09	1.567149e-09	2.328735e+01	1.762453e+02
5.800000e-06	2.886738e-09	1.557845e-09	2.312644e+01	1.753106e+02
5.810000e-06	2.866603e-09	1.545417e-09	2.296513e+01	1.743780e+02
5.820000e-06	2.846418e-09	1.531680e-09	2.280343e+01	1.734510e+02
5.830000e-06	2.826168e-09	1.522942e-09	2.264120e+01	1.725318e+02
5.840000e-06	2.805850e-09	1.519346e-09	2.247842e+01	1.716207e+02
5.850000e-06	2.785455e-09	1.517430e-09	2.231503e+01	1.707164e+02
5.860000e-06	2.764961e-09	1.512117e-09	2.215084e+01	1.698159e+02
5.870000e-06	2.744343e-09	1.504113e-09	2.198567e+01	1.689150e+02
5.880000e-06	2.723585e-09	1.497687e-09	2.181937e+01	1.680087e+02
5.890000e-06	2.702683e-09	1.493175e-09	2.165192e+01	1.670919e+02
5.900000e-06	2.681588e-09	1.488253e-09	2.148293e+01	1.661601e+02
5.910000e-06	2.660288e-09	1.479789e-09	2.131228e+01	1.652098e+02
5.920000e-06	2.638784e-09	1.469801e-09	2.114001e+01	1.642391e+02
5.930000e-06	2.617062e-09	1.461034e-09	2.096599e+01	1.632479e+02
5.940000e-06	2.595114e-09	1.452433e-09	2.079016e+01	1.622376e+02
5.950000e-06	2.572921e-09	1.442753e-09	2.061237e+01	1.612115e+02
5.960000e-06	2.550499e-09	1.433380e-09	2.043274e+01	1.601735e+02
5.970000e-06	2.527887e-09	1.425747e-09	2.025159e+01	1.591284e+02
5.980000e-06	2.505106e-09	1.419770e-09	2.006908e+01	1.580808e+02
5.990000e-06	2.482138e-09	1.413916e-09	1.988508e+01	1.570346e+02
6.000000e-06	2.458969e-09	1.405065e-09	1.969946e+01	1.559925e+02
6.010000e-06	2.435614e-09	1.394370e-09	1.951236e+01	1.549560e+02
6.020000e-06	2.412120e-09	1.383608e-09	1.932414e+01	1.539248e+02
6.030000e-06	2.388513e-09	1.372772e-09	1.913502e+01	1.528973e+02
6.040000e-06	2.364784e-09	1.362452e-09	1.894492e+01	1.518710e+02
6.050000e-06	2.340959e-09	1.354498e-09	1.875406e+01	1.508424e+02
6.060000e-06	2.317073e-09	1.350299e-09	1.856269e+01	1.498080e+02
6.070000e-06	2.293120e-09	1.347110e-09	1.837080e+01	1.487646e+02
6.080000e-06	2.269104e-09	1.340971e-09	1.817840e+01	1.477100e+02
6.090000e-06	2.245045e-09	1.330119e-09	1.798566e+01	1.466427e+02
6.100000e-06	2.220950e-09	1.316663e-09	1.779262e+01	1.455626e+02
6.110000e-06	2.196813e-09	1.303370e-09	1.759926e+01	1.444705e+02
6.120000e-06	2.172637e-09	1.291561e-09	1.740557e+01	1.433683e+02
6.130000e-06	2.148408e-09	1.282616e-09	1.721147e+01	1.422582e+02
6.140000e-06	2.124130e-09	1.275761e-09	1.701698e+01	1.411427e+02
6.150000e-06	2.099793e-09	1.267793e-09	1.682200e+01	1.400238e+02
6.160000e-06	2.075374e-09	1.258758e-09	1.662637e+01	1.389031e+02
6.170000e-06	2.050886e-09	1.250584e-09	1.643019e+01	1.377814e+02
6.180000e-06	2.026326e-09	1.242288e-09	1.623344e+01	1.366587e+02
6.190000e-06	2.001668e-09	1.233252e-09	1.603589e+01	1.355341e+02
6.200000e-06	1.976924e-09	1.223433e-09	1.583766e+01	1.344066e+02
6.210000e-06	1.952108e-09	1.213973e-09	1.563885e+01	1.332747e+02
6.220000e-06	1.927186e-09	1.204143e-09	1.543920e+01	1.321372e+02
6.230000e-06	1.902153e-09	1.190262e-09	1.523866e+01	1.309934e+02
6.240000e-06	1.877032e-09	1.174620e-09	1.503740e+01	1.298433e+02
6.250000e-06	1.851813e-09	1.163447e-09	1.483537e+01	1.286876e+02
6.260000e-06	1.826481e-09	1.158373e-09	1.463242e+01	1.275278e+02
6.270000e-06	1.801059e-09	1.154507e-09	1.442876e+01	1.263658e+02
6.280000e-06	1.775576e-09	1.149869e-09	1.422461e+01	1.252036e+02
6.290000e-06	1.750031e-09	1.143115e-09	1.401996e+01	1.240433e+02
6.300000e-06	1.724402e-09	1.132554e-09	1.381464e+01	1.228861e+02
6.310000e-06	1.698696e-09	1.118775e-09	1.360871e+01	1.217327e+02
6.320000e-06	1.672922e-09	1.099832e-09	1.340222e+01	1.205826e+02
6.330000e-06	1.647069e-09	1.080399e-09	1.319511e+01	1.194344e+02
6.340000e-06	1.621134e-09	1.066738e-09	1.298733e+01	1.182856e+02
6.350000e-06	1.595136e-09	1.061257e-09	1.277905e+01	1.171334e+02
6.360000e-06	1.569075e-09	1.061037e-09	1.257028e+01	1.159748e+02
6.370000e-06	1.542939e-09	1.058751e-09	1.236089e+01	1.148067e+02
6.380000e-06	1.516749e-09	1.051735e-09	1.215108e+01	1.136269e+02
6.390000e-06	1.490506e-09	1.040118e-09	1.194083e+01	1.124344e+02
6.400000e-06	1.464202e-09	1.026460e-09	1.173010e+01	1.112288e+02
6.410000e-06	1.437849e-09	1.011360e-09	1.151898e+01	1.100115e+02
6.420000e-06	1.411437e-09	9.940422e-10	1.130739e+01	1.087842e+02
6.430000e-06	1.384962e-09	9.780989e-10	1.109529e+01	1.075499e+02
6.440000e-06	1.358426e-09	9.705676e-10	1.088270e+01	1.063114e+02
6.450000e-06	1.331817e-09	9.699831e-10	1.066953e+01	1.050713e+02
6.460000e-06	1.305129e-09	9.665056e-10	1.045572e+01	1.038314e+02
6.470000e-06	1.278384e-09	9.572898e-10	1.024146e+01	1.025925e+02
6.480000e-06	1.251597e-09	9.432297e-10	1.002687e+01	1.013539e+02
6.490000e-06	1.224745e-09	9.275890e-10	9.811745e+00	1.001136e+02
6.500000e-06	1.197809e-09	9.131357e-10	9.595960e+00	9.886861e+01
6.510000e-06	1.170806e-09	8.984669e-10	9.379632e+00	9.761484e+01
6.520000e-06	1.143763e-09	8.847103e-10	9.162982e+00	9.634810e+01
6.530000e-06	1.116656e-09	8.740519e-10	8.945816e+00	9.506442e+01
6.540000e-06	1.089466e-09	8.659959e-10	8.727988e+00	9.376066e+01
6.550000e-06	1.062224e-09	8.577674e-10	8.509746e+00	9.243498e+01
6.560000e-06	1.034934e-09	8.488975e-10	8.291124e+00	9.108717e+01
6.570000e-06	1.007585e-09	8.411620e-10	8.072022e+00	8.971870e+01
6.580000e-06	9.801783e-10	8.334311e-10	7.852459e+00	8.833268e+01
6.590000e-06	9.527221e-10	8.228824e-10	7.632500e+00	8.693354e+01
6.600000e-06	9.252205e-10	8.073750e-10	7.412178e+00	8.552657e+01
6.610000e-06	8.976757e-10	7.888566e-10	7.191509e+00	8.411733e+01
6.620000e-06	8.700963e-10	7.707235e-10	6.970563e+00	8.271110e+01
6.630000e-06	8.424806e-10	7.560525e-10	6.749325e+00	8.131231e+01
6.640000e-06	8.148148e-10	7.448970e-10	6.527686e+00	7.992414e+01
6.650000e-06	7.870966e-10	7.356264e-10	6.305628e+00	7.854823e+01
6.660000e-06	7.593512e-10	7.281649e-10	6.083351e+00	7.718461e+01
6.670000e-06	7.315827e-10	7.213217e-10	5.860890e+00	7.583183e+01
6.680000e-06	7.037914e-10	7.120163e-10	5.638247e+00	7.448718e+01
6.690000e-06	6.759818e-10	6.986953e-10	5.415456e+00	7.314709e+01
6.700000e-06	6.481482e-10	6.848231e-10	5.192473e+00	7.180756e+01
6.710000e-06	6.203068e-10	6.726410e-10	4.969428e+00	7.046454e+01
6.720000e-06	5.924526e-10	6.619777e-10	4.746280e+00	6.911434e+01
6.730000e-06	5.645717e-10	6.509218e-10	4.522919e+00	6.775386e+01
6.740000e-06	5.366608e-10	6.381046e-10	4.299316e+00	6.638074e+01
6.750000e-06	5.087194e-10	6.251885e-10	4.075470e+00	6.499342e+01
6.760000e-06	4.807848e-10	6.128754e-10	3.851678e+00	6.359103e+01
6.770000e-06	4.528606e-10	6.000781e-10	3.627969e+00	6.217327e+01
6.780000e-06	4.249125e-10	5.870738e-10	3.404068e+00	6.074024e+01
6.790000e-06	3.969410e-10	5.749671e-10	3.179980e+00	5.929230e+01
6.800000e-06	3.689591e-10	5.635375e-10	2.955809e+00	5.782994e+01
6.810000e-06	3.409585e-10	5.513389e-10	2.731488e+00	5.635370e+01
6.820000e-06	3.129470e-10	5.371164e-10	2.507079e+00	5.486421e+01
6.830000e-06	2.849337e-10	5.205129e-10	2.282657e+00	5.336221e+01
6.840000e-06	2.569133e-10	5.026504e-10	2.058177e+00	5.184858e+01
6.850000e-06	2.288947e-10	4.860347e-10	1.833712e+00	5.032448e+01
6.860000e-06	2.008817e-10	4.710947e-10	1.609292e+00	4.879132e+01
6.870000e-06	1.728622e-10	4.583953e-10	1.384819e+00	4.725073e+01
6.880000e-06	1.448370e-10	4.483771e-10	1.160301e+00	4.570448e+01
6.890000e-06	1.168143e-10	4.384227e-10	9.358031e-01	4.415436e+01
6.900000e-06	8.878914e-11	4.254985e-10	7.112851e-01	4.260189e+01
6.910000e-06	6.075955e-11	4.087614e-10	4.867318e-01	4.104823e+01
6.920000e-06	3.273102e-11	3.895088e-10	2.621870e-01	3.949394e+01
6.930000e-06	4.704325e-12	3.702062e-10	3.765681e-02	3.793890e+01
6.940000e-06	-2.332975e-11	3.537496e-10	-1.869325e-01	3.638231e+01
6.950000e-06	-5.136296e-11	3.401095e-10	-4.115146e-01	3.482280e+01
6.960000e-06	-7.938890e-11	3.301508e-10	-6.360387e-01	3.325864e+01
6.970000e-06	-1.074050e-10	3.235036e-10	-8.604837e-01	3.168807e+01
6.980000e-06	-1.354100e-10	3.155944e-10	-1.084840e+00	3.010960e+01
6.990000e-06	-1.634128e-10	3.030374e-10	-1.309179e+00	2.852236e+01
7.000000e-06	-1.914128e-10	2.850115e-10	-1.533495e+00	2.692638e+01
7.010000e-06	-2.194163e-10	2.651511e-10	-1.757840e+00	2.532267e+01
7.020000e-06	-2.474191e-10	2.465694e-10	-1.982178e+00	2.371329e+01
7.030000e-06	-2.754101e-10	2.296768e-10	-2.206422e+00	2.210109e+01
7.040000e-06	-3.033989e-10	2.153828e-10	-2.430649e+00	2.048938e+01
7.050000e-06	-3.313852e-10	2.038599e-10	-2.654855e+00	1.888146e+01
7.060000e-06	-3.593574e-10	1.931928e-10	-2.878949e+00	1.728011e+01
7.070000e-06	-3.873079e-10	1.808001e-10	-3.102868e+00	1.568706e+01
7.080000e-06	-4.152600e-10	1.668503e-10	-3.326800e+00	1.410259e+01
7.090000e-06	-4.432067e-10	1.519745e-10	-3.550690e+00	1.252526e+01
7.100000e-06	-4.711347e-10	1.364219e-10	-3.774429e+00	1.095193e+01
7.110000e-06	-4.990592e-10	1.209266e-10	-3.998140e+00	9.377929e+00
7.120000e-06	-5.269671e-10	1.057994e-10	-4.221718e+00	7.797543e+00
7.130000e-06	-5.548468e-10	9.101257e-11	-4.445070e+00	6.204631e+00
7.140000e-06	-5.827084e-10	7.679514e-11	-4.668278e+00	4.593374e+00
7.150000e-06	-6.105683e-10	6.248640e-11	-4.891472e+00	2.959023e+00
7.160000e-06	-6.384088e-10	4.689139e-11	-5.114510e+00	1.298565e+00
7.170000e-06	-6.662154e-10	3.150853e-11	-5.337276e+00	-3.887985e-01
7.180000e-06	-6.939933e-10	1.687034e-11	-5.559812e+00	-2.101447e+00
7.190000e-06	-7.217426e-10	2.395427e-12	-5.782120e+00	-3.835425e+00
7.200000e-06	-7.494626e-10	-1.224882e-11	-6.004192e+00	-5.584846e+00
7.210000e-06	-7.771497e-10	-2.758121e-11	-6.226002e+00	-7.342547e+00
7.220000e-06	-8.048052e-10	-4.336725e-11	-6.447557e+00	-9.100936e+00
7.230000e-06	-8.324325e-10	-5.941181e-11	-6.668887e+00	-1.085292e+01
7.240000e-06	-8.600433e-10	-7.487623e-11	-6.890085e+00	-1.259277e+01
7.250000e-06	-8.876156e-10	-8.983959e-11	-7.110974e+00	-1.431686e+01
7.260000e-06	-9.151183e-10	-1.044491e-10	-7.331305e+00	-1.602412e+01
7.270000e-06	-9.425665e-10	-1.193945e-10	-7.551200e+00	-1.771617e+01
7.280000e-06	-9.699703e-10	-1.350335e-10	-7.770740e+00	-1.939707e+01
7.290000e-06	-9.973192e-10	-1.496622e-10	-7.989839e+00	-2.107283e+01
7.300000e-06	-1.024605e-09	-1.625619e-10	-8.208436e+00	-2.275059e+01
7.310000e-06	-1.051850e-09	-1.750965e-10	-8.426702e+00	-2.443763e+01
7.320000e-06	-1.079025e-09	-1.897744e-10	-8.644403e+00	-2.614045e+01
7.330000e-06	-1.106123e-09	-2.068002e-10	-8.861494e+00	-2.786383e+01
7.340000e-06	-1.133164e-09	-2.248312e-10	-9.078130e+00	-2.961020e+01
7.350000e-06	-1.160138e-09	-2.419979e-10	-9.294220e+00	-3.137926e+01
7.360000e-06	-1.187046e-09	-2.574587e-10	-9.509791e+00	-3.316801e+01
7.370000e-06	-1.213893e-09	-2.718803e-10	-9.724867e+00	-3.497108e+01
7.380000e-06	-1.240669e-09	-2.854506e-10	-9.939380e+00	-3.678138e+01
7.390000e-06	-1.267371e-09	-2.992811e-10	-1.015329e+01	-3.859097e+01
7.400000e-06	-1.294024e-09	-3.148674e-10	-1.036682e+01	-4.039208e+01
7.410000e-06	-1.320612e-09	-3.327586e-10	-1.057983e+01	-4.217800e+01
7.420000e-06	-1.347137e-09	-3.512634e-10	-1.079232e+01	-4.394390e+01
7.430000e-06	-1.373599e-09	-3.692756e-10	-1.100432e+01	-4.568738e+01
7.440000e-06	-1.400000e-09	-3.858604e-10	-1.121582e+01	-4.740867e+01
7.450000e-06	-1.426351e-09	-4.013466e-10	-1.142693e+01	-4.911051e+01
7.460000e-06	-1.452633e-09	-4.173409e-10	-1.163748e+01	-5.079773e+01
7.470000e-06	-1.478859e-09	-4.328867e-10	-1.184758e+01	-5.247651e+01
7.480000e-06	-1.505044e-09	-4.470239e-10	-1.205736e+01	-5.415359e+01
7.490000e-06	-1.531174e-09	-4.609082e-10	-1.226669e+01	-5.583532e+01
7.500000e-06	-1.557236e-09	-4.763427e-10	-1.247549e+01	-5.752687e+01
7.510000e-06	-1.583224e-09	-4.922876e-10	-1.268368e+01	-5.923162e+01
7.520000e-06	-1.609137e-09	-5.086189e-10	-1.289127e+01	-6.095075e+01
7.530000e-06	-1.634982e-09	-5.266881e-10	-1.309833e+01	-6.268321e+01
7.540000e-06	-1.660756e-09	-5.452381e-10	-1.330481e+01	-6.442589e+01
7.550000e-06	-1.686469e-09	-5.627904e-10	-1.351080e+01	-6.617414e+01
7.560000e-06	-1.712126e-09	-5.795811e-10	-1.371635e+01	-6.792240e+01
7.570000e-06	-1.737683e-09	-5.961878e-10	-1.392109e+01	-6.966494e+01
7.580000e-06	-1.763116e-09	-6.121874e-10	-1.412485e+01	-7.139660e+01
7.590000e-06	-1.788454e-09	-6.268045e-10	-1.432783e+01	-7.311338e+01
7.600000e-06	-1.813700e-09	-6.405256e-10	-1.453008e+01	-7.481288e+01
7.610000e-06	-1.838860e-09	-6.553477e-10	-1.473164e+01	-7.649448e+01
7.620000e-06	-1.863938e-09	-6.719883e-10	-1.493255e+01	-7.815929e+01
7.630000e-06	-1.888933e-09	-6.897511e-10	-1.513280e+01	-7.980991e+01
7.640000e-06	-1.913838e-09	-7.077708e-10	-1.533231e+01	-8.144992e+01
7.650000e-06	-1.938646e-09	-7.246933e-10	-1.553106e+01	-8.308341e+01
7.660000e-06	-1.963343e-09	-7.395308e-10	-1.572891e+01	-8.471436e+01
7.670000e-06	-1.987941e-09	-7.524472e-10	-1.592597e+01	-8.634616e+01
7.680000e-06	-2.012478e-09	-7.641765e-10	-1.612255e+01	-8.798123e+01
7.690000e-06	-2.036938e-09	-7.769089e-10	-1.631851e+01	-8.962076e+01
7.700000e-06	-2.061336e-09	-7.922805e-10	-1.651396e+01	-9.126471e+01
7.710000e-06	-2.085687e-09	-8.093423e-10	-1.670904e+01	-9.291190e+01
7.720000e-06	-2.109966e-09	-8.272092e-10	-1.690355e+01	-9.456029e+01
7.730000e-06	-2.134189e-09	-8.462323e-10	-1.709761e+01	-9.620732e+01
7.740000e-06	-2.158375e-09	-8.656153e-10	-1.729137e+01	-9.785030e+01
7.750000e-06	-2.182513e-09	-8.817003e-10	-1.748474e+01	-9.948675e+01
7.760000e-06	-2.206605e-09	-8.926283e-10	-1.767775e+01	-1.011147e+02
7.770000e-06	-2.230658e-09	-9.007648e-10	-1.787045e+01	-1.027327e+02
7.780000e-06	-2.254664e-09	-9.107113e-10	-1.806277e+01	-1.043403e+02
7.790000e-06	-2.278618e-09	-9.243219e-10	-1.825467e+01	-1.059375e+02
7.800000e-06	-2.302520e-09	-9.399532e-10	-1.844616e+01	-1.075248e+02
7.810000e-06	-2.326355e-09	-9.570595e-10	-1.863710e+01	-1.091032e+02
7.820000e-06	-2.350104e-09	-9.749391e-10	-1.882736e+01	-1.106736e+02
7.830000e-06	-2.373750e-09	-9.928141e-10	-1.901680e+01	-1.122368e+02
7.840000e-06	-2.397287e-09	-1.008953e-09	-1.920536e+01	-1.137936e+02
7.850000e-06	-2.420700e-09	-1.021005e-09	-1.939293e+01	-1.153441e+02
7.860000e-06	-2.443975e-09	-1.030723e-09	-1.957939e+01	-1.168881e+02
7.870000e-06	-2.467083e-09	-1.041004e-09	-1.976452e+01	-1.184252e+02
7.880000e-06	-2.490024e-09	-1.052817e-09	-1.994830e+01	-1.199547e+02
7.890000e-06	-2.512801e-09	-1.065985e-09	-2.013077e+01	-1.214757e+02
7.900000e-06	-2.535373e-09	-1.081394e-09	-2.031160e+01	-1.229873e+02
7.910000e-06	-2.557729e-09	-1.097438e-09	-2.049070e+01	-1.244887e+02
7.920000e-06	-2.579867e-09	-1.110921e-09	-2.066805e+01	-1.259793e+02
7.930000e-06	-2.601796e-09	-1.123550e-09	-2.084373e+01	-1.274587e+02
7.940000e-06	-2.623512e-09	-1.136817e-09	-2.101770e+01	-1.289265e+02
7.950000e-06	-2.644991e-09	-1.150070e-09	-2.118978e+01	-1.303827e+02
7.960000e-06	-2.666235e-09	-1.162928e-09	-2.135997e+01	-1.318273e+02
7.970000e-06	-2.687285e-09	-1.175265e-09	-2.152861e+01	-1.332607e+02
7.980000e-06	-2.708187e-09	-1.186627e-09	-2.169605e+01	-1.346830e+02
7.990000e-06	-2.728944e-09	-1.198021e-09	-2.186235e+01	-1.360949e+02
8.000000e-06	-2.749549e-09	-1.210537e-09	-2.202742e+01	-1.374970e+02
8.010000e-06	-2.770043e-09	-1.223224e-09	-2.219161e+01	-1.388905e+02
8.020000e-06	-2.790446e-09	-1.235184e-09	-2.235506e+01	-1.402765e+02
8.030000e-06	-2.810751e-09	-1.247237e-09	-2.251773e+01	-1.416567e+02
8.040000e-06	-2.830990e-09	-1.260703e-09	-2.267986e+01	-1.430328e+02
8.050000e-06	-2.851181e-09	-1.271373e-09	-2.284162e+01	-1.444069e+02
8.060000e-06	-2.871318e-09	-1.280750e-09	-2.300295e+01	-1.457810e+02
8.070000e-06	-2.891396e-09	-1.291883e-09	-2.316379e+01	-1.471568e+02
8.080000e-06	-2.911417e-09	-1.303269e-09	-2.332419e+01	-1.485357e+02
8.090000e-06	-2.931378e-09	-1.314754e-09	-2.348410e+01	-1.499185e+02
8.100000e-06	-2.951248e-09	-1.325950e-09	-2.364329e+01	-1.513051e+02
8.110000e-06	-2.971011e-09	-1.340565e-09	-2.380162e+01	-1.526946e+02
8.120000e-06	-2.990658e-09	-1.358750e-09	-2.395902e+01	-1.540852e+02
8.130000e-06	-3.010176e-09	-1.377499e-09	-2.411537e+01	-1.554743e+02
8.140000e-06	-3.029551e-09	-1.392216e-09	-2.427059e+01	-1.568586e+02
8.150000e-06	-3.048789e-09	-1.401838e-09	-2.442471e+01	-1.582347e+02
8.160000e-06	-3.067880e-09	-1.410201e-09	-2.457765e+01	-1.595990e+02
8.170000e-06	-3.086787e-09	-1.415904e-09	-2.472913e+01	-1.609485e+02
8.180000e-06	-3.105530e-09	-1.420559e-09	-2.487928e+01	-1.622808e+02
8.190000e-06	-3.124138e-09	-1.427857e-09	-2.502835e+01	-1.635943e+02
8.200000e-06	-3.142610e-09	-1.442720e-09	-2.517634e+01	-1.648888e+02
8.210000e-06	-3.160955e-09	-1.463783e-09	-2.532331e+01	-1.661649e+02
8.220000e-06	-3.179196e-09	-1.482006e-09	-2.546944e+01	-1.674241e+02
8.230000e-06	-3.197330e-09	-1.494538e-09	-2.561471e+01	-1.686686e+02
8.240000e-06	-3.215351e-09	-1.501804e-09	-2.575909e+01	-1.699010e+02
8.250000e-06	-3.233267e-09	-1.508555e-09	-2.590262e+01	-1.711236e+02
8.260000e-06	-3.251069e-09	-1.515770e-09	-2.604523e+01	-1.723384e+02
8.270000e-06	-3.268712e-09	-1.522766e-09	-2.618658e+01	-1.735467e+02
8.280000e-06	-3.286186e-09	-1.532415e-09	-2.632657e+01	-1.747490e+02
8.290000e-06	-3.303493e-09	-1.546167e-09	-2.646522e+01	-1.759447e+02
8.300000e-06	-3.320630e-09	-1.563127e-09	-2.660251e+01	-1.771324e+02
8.310000e-06	-3.337613e-09	-1.576831e-09	-2.673856e+01	-1.783104e+02
8.320000e-06	-3.354433e-09	-1.586024e-09	-2.687331e+01	-1.794764e+02
8.330000e-06	-3.371102e-09	-1.593279e-09	-2.700685e+01	-1.806286e+02
8.340000e-06	-3.387638e-09	-1.601442e-09	-2.713933e+01	-1.817656e+02
8.350000e-06	-3.404050e-09	-1.612990e-09	-2.727081e+01	-1.828867e+02
8.360000e-06	-3.420360e-09	-1.626622e-09	-2.740147e+01	-1.839922e+02
8.370000e-06	-3.436576e-09	-1.639776e-09	-2.753138e+01	-1.850836e+02
8.380000e-06	-3.452713e-09	-1.649357e-09	-2.766066e+01	-1.861631e+02
8.390000e-06	-3.468774e-09	-1.658216e-09	-2.778933e+01	-1.872336e+02
8.400000e-06	-3.484739e-09	-1.667836e-09	-2.791723e+01	-1.882982e+02
8.410000e-06	-3.500591e-09	-1.676297e-09	-2.804422e+01	-1.893599e+02
8.420000e-06	-3.516325e-09	-1.683814e-09	-2.817027e+01	-1.904209e+02
8.430000e-06	-3.531910e-09	-1.692948e-09	-2.829512e+01	-1.914826e+02
8.440000e-06	-3.547275e-09	-1.705331e-09	-2.841822e+01	-1.925451e+02
8.450000e-06	-3.562395e-09	-1.718153e-09	-2.853935e+01	-1.936073e+02
8.460000e-06	-3.577249e-09	-1.727930e-09	-2.865835e+01	-1.946668e+02
8.470000e-06	-3.591841e-09	-1.732942e-09	-2.877525e+01	-1.957202e+02
8.480000e-06	-3.606158e-09	-1.737635e-09	-2.888995e+01	-1.967634e+02
8.490000e-06	-3.620142e-09	-1.746199e-09	-2.900198e+01	-1.977924e+02
8.500000e-06	-3.633839e-09	-1.757464e-09	-2.911170e+01	-1.988030e+02
8.510000e-06	-3.647279e-09	-1.768585e-09	-2.921938e+01	-1.997920e+02
8.520000e-06	-3.660464e-09	-1.778009e-09	-2.932500e+01	-2.007573e+02
8.530000e-06	-3.673415e-09	-1.788143e-09	-2.942876e+01	-2.016979e+02
8.540000e-06	-3.686170e-09	-1.798819e-09	-2.953094e+01	-2.026140e+02
8.550000e-06	-3.698757e-09	-1.805603e-09	-2.963178e+01	-2.035071e+02
8.560000e-06	-3.711181e-09	-1.807473e-09	-2.973131e+01	-2.043796e+02
8.570000e-06	-3.723457e-09	-1.810466e-09	-2.982965e+01	-2.052346e+02
8.580000e-06	-3.735583e-09	-1.818464e-09	-2.992680e+01	-2.060751e+02
8.590000e-06	-3.747552e-09	-1.829080e-09	-3.002269e+01	-2.069042e+02
8.600000e-06	-3.759350e-09	-1.838889e-09	-3.011721e+01	-2.077242e+02
8.610000e-06	-3.770975e-09	-1.845864e-09	-3.021034e+01	-2.085368e+02
8.620000e-06	-3.782418e-09	-1.852516e-09	-3.030201e+01	-2.093427e+02
8.630000e-06	-3.793663e-09	-1.861317e-09	-3.039210e+01	-2.101416e+02
8.640000e-06	-3.804727e-09	-1.870348e-09	-3.048073e+01	-2.109325e+02
8.650000e-06	-3.815609e-09	-1.876796e-09	-3.056791e+01	-2.117136e+02
8.660000e-06	-3.826303e-09	-1.880862e-09	-3.065358e+01	-2.124829e+02
8.670000e-06	-3.836844e-09	-1.885850e-09	-3.073803e+01	-2.132383e+02
8.680000e-06	-3.847237e-09	-1.893711e-09	-3.082129e+01	-2.139777e+02
8.690000e-06	-3.857475e-09	-1.902023e-09	-3.090331e+01	-2.146995e+02
8.700000e-06	-3.867562e-09	-1.907360e-09	-3.098412e+01	-2.154029e+02
8.710000e-06	-3.877510e-09	-1.910112e-09	-3.106382e+01	-2.160875e+02
8.720000e-06	-3.887310e-09	-1.913776e-09	-3.114232e+01	-2.167535e+02
8.730000e-06	-3.896932e-09	-1.919993e-09	-3.121941e+01	-2.174017e+02
8.740000e-06	-3.906369e-09	-1.927431e-09	-3.129502e+01	-2.180335e+02
8.750000e-06	-3.915621e-09	-1.934672e-09	-3.136913e+01	-2.186505e+02
8.760000e-06	-3.924673e-09	-1.942143e-09	-3.144165e+01	-2.192541e+02
8.770000e-06	-3.933530e-09	-1.950117e-09	-3.151261e+01	-2.198462e+02
8.780000e-06	-3.942207e-09	-1.957449e-09	-3.158212e+01	-2.204282e+02
8.790000e-06	-3.950718e-09	-1.961443e-09	-3.165031e+01	-2.210011e+02
8.800000e-06	-3.959110e-09	-1.962010e-09	-3.171753e+01	-2.215658e+02
8.810000e-06	-3.967388e-09	-1.963105e-09	-3.178385e+01	-2.221227e+02
8.820000e-06	-3.975561e-09	-1.966590e-09	-3.184933e+01	-2.226715e+02
8.830000e-06	-3.983659e-09	-1.971881e-09	-3.191421e+01	-2.232118e+02
8.840000e-06	-3.991676e-09	-1.977272e-09	-3.197843e+01	-2.237423e+02
8.850000e-06	-3.999580e-09	-1.982835e-09	-3.204175e+01	-2.242618e+02
8.860000e-06	-4.007345e-09	-1.988490e-09	-3.210396e+01	-2.247683e+02
8.870000e-06	-4.014946e-09	-1.992366e-09	-3.216485e+01	-2.252598e+02
8.880000e-06	-4.022356e-09	-1.994477e-09	-3.222422e+01	-2.257344e+02
8.890000e-06	-4.029542e-09	-1.994955e-09	-3.228179e+01	-2.261901e+02
8.900000e-06	-4.036470e-09	-1.994952e-09	-3.233729e+01	-2.266253e+02
8.910000e-06	-4.043118e-09	-1.996652e-09	-3.239054e+01	-2.270390e+02
8.920000e-06	-4.049461e-09	-2.001214e-09	-3.244136e+01	-2.274309e+02
8.930000e-06	-4.055486e-09	-2.007110e-09	-3.248963e+01	-2.278016e+02
8.940000e-06	-4.061190e-09	-2.010790e-09	-3.253533e+01	-2.281526e+02
8.950000e-06	-4.066579e-09	-2.011956e-09	-3.257849e+01	-2.284863e+02
8.960000e-06	-4.071691e-09	-2.011881e-09	-3.261945e+01	-2.288058e+02
8.970000e-06	-4.076567e-09	-2.011054e-09	-3.265851e+01	-2.291145e+02
8.980000e-06	-4.081231e-09	-2.009671e-09	-3.269587e+01	-2.294161e+02
8.990000e-06	-4.085712e-09	-2.008860e-09	-3.273178e+01	-2.297137e+02
9.000000e-06	-4.090051e-09	-2.010746e-09	-3.276653e+01	-2.300097e+02
9.010000e-06	-4.094281e-09	-2.016362e-09	-3.280042e+01	-2.303053e+02
9.020000e-06	-4.098428e-09	-2.023265e-09	-3.283365e+01	-2.306004e+02
9.030000e-06	-4.102503e-09	-2.027679e-09	-3.286630e+01	-2.308931e+02
9.040000e-06	-4.106486e-09	-2.029065e-09	-3.289820e+01	-2.311801e+02
9.050000e-06	-4.110342e-09	-2.028862e-09	-3.292909e+01	-2.314570e+02
9.060000e-06	-4.114039e-09	-2.028448e-09	-3.295871e+01	-2.317185e+02
9.070000e-06	-4.117534e-09	-2.027884e-09	-3.298671e+01	-2.319593e+02
9.080000e-06	-4.120843e-09	-2.026545e-09	-3.301322e+01	-2.321745e+02
9.090000e-06	-4.123981e-09	-2.025179e-09	-3.303835e+01	-2.323604e+02
9.100000e-06	-4.126895e-09	-2.025651e-09	-3.306170e+01	-2.325152e+02
9.110000e-06	-4.129608e-09	-2.027866e-09	-3.308344e+01	-2.326389e+02
9.120000e-06	-4.132164e-09	-2.029489e-09	-3.310391e+01	-2.327340e+02
9.130000e-06	-4.134568e-09	-2.029320e-09	-3.312317e+01	-2.328050e+02
9.140000e-06	-4.136842e-09	-2.028137e-09	-3.314139e+01	-2.328578e+02
9.150000e-06	-4.138993e-09	-2.027648e-09	-3.315862e+01	-2.328995e+02
9.160000e-06	-4.141011e-09	-2.028693e-09	-3.317479e+01	-2.329372e+02
9.170000e-06	-4.142828e-09	-2.029842e-09	-3.318935e+01	-2.329774e+02
9.180000e-06	-4.144332e-09	-2.029318e-09	-3.320139e+01	-2.330246e+02
9.190000e-06	-4.145612e-09	-2.027776e-09	-3.321165e+01	-2.330814e+02
9.200000e-06	-4.146769e-09	-2.026735e-09	-3.322092e+01	-2.331477e+02
9.210000e-06	-4.147750e-09	-2.025674e-09	-3.322878e+01	-2.332206e+02
9.220000e-06	-4.148557e-09	-2.024513e-09	-3.323524e+01	-2.332949e+02
9.230000e-06	-4.149202e-09	-2.023725e-09	-3.324041e+01	-2.333638e+02
9.240000e-06	-4.149689e-09	-2.023933e-09	-3.324431e+01	-2.334195e+02
