# Temperatura_=_20.0
# Concentracion g/m^3_=_10770.0
# C_Vs_to_Am_M_A/Vsm_=_25649819763.59163
# pendiente_HvsI_1/m_=_3716.3
# ordenada_HvsI_A/m_=_1297.0
# frecuencia_Hz_=_108088.69688120499
# Promedio de 25 ciclos

Tiempo_(s)	Campo_(V.s)	Magnetizacion_(V.s)	Campo_(kA/m)	Magnetizacion_(A/m)
0.000000e+00	-3.810254e-09	-9.639699e-09	-3.246237e+01	-2.443345e+02
1.000000e-08	-3.810365e-09	-9.639990e-09	-3.246331e+01	-2.443930e+02
2.000000e-08	-3.810358e-09	-9.637296e-09	-3.246325e+01	-2.444302e+02
3.000000e-08	-3.810266e-09	-9.631614e-09	-3.246247e+01	-2.444440e+02
4.000000e-08	-3.810101e-09	-9.637335e-09	-3.246106e+01	-2.444335e+02
5.000000e-08	-3.809838e-09	-9.657785e-09	-3.245882e+01	-2.443995e+02
6.000000e-08	-3.809435e-09	-9.656536e-09	-3.245539e+01	-2.443449e+02
7.000000e-08	-3.808852e-09	-9.624921e-09	-3.245042e+01	-2.442739e+02
8.000000e-08	-3.808052e-09	-9.589176e-09	-3.244360e+01	-2.441924e+02
9.000000e-08	-3.807017e-09	-9.533506e-09	-3.243479e+01	-2.441070e+02
1.000000e-07	-3.805737e-09	-9.512943e-09	-3.242388e+01	-2.440244e+02
1.100000e-07	-3.804205e-09	-9.623349e-09	-3.241083e+01	-2.439509e+02
1.200000e-07	-3.802425e-09	-9.654162e-09	-3.239567e+01	-2.438913e+02
1.300000e-07	-3.800361e-09	-9.428015e-09	-3.237808e+01	-2.438484e+02
1.400000e-07	-3.798017e-09	-9.262929e-09	-3.235811e+01	-2.438229e+02
1.500000e-07	-3.795406e-09	-9.384489e-09	-3.233587e+01	-2.438127e+02
1.600000e-07	-3.792480e-09	-9.482559e-09	-3.231093e+01	-2.438133e+02
1.700000e-07	-3.789300e-09	-9.443590e-09	-3.228385e+01	-2.438182e+02
1.800000e-07	-3.785916e-09	-9.539716e-09	-3.225501e+01	-2.438193e+02
1.900000e-07	-3.782319e-09	-9.617209e-09	-3.222437e+01	-2.438079e+02
2.000000e-07	-3.778541e-09	-9.446360e-09	-3.219218e+01	-2.437753e+02
2.100000e-07	-3.774650e-09	-9.343625e-09	-3.215903e+01	-2.437140e+02
2.200000e-07	-3.770693e-09	-9.464368e-09	-3.212532e+01	-2.436180e+02
2.300000e-07	-3.766661e-09	-9.498961e-09	-3.209096e+01	-2.434835e+02
2.400000e-07	-3.762556e-09	-9.380099e-09	-3.205599e+01	-2.433094e+02
2.500000e-07	-3.758365e-09	-9.373629e-09	-3.202029e+01	-2.430970e+02
2.600000e-07	-3.754063e-09	-9.486627e-09	-3.198363e+01	-2.428498e+02
2.700000e-07	-3.749634e-09	-9.474326e-09	-3.194590e+01	-2.425731e+02
2.800000e-07	-3.745063e-09	-9.404830e-09	-3.190696e+01	-2.422733e+02
2.900000e-07	-3.740321e-09	-9.455279e-09	-3.186655e+01	-2.419575e+02
3.000000e-07	-3.735374e-09	-9.487276e-09	-3.182441e+01	-2.416322e+02
3.100000e-07	-3.730220e-09	-9.364509e-09	-3.178050e+01	-2.413036e+02
3.200000e-07	-3.724868e-09	-9.285115e-09	-3.173490e+01	-2.409762e+02
3.300000e-07	-3.719318e-09	-9.358083e-09	-3.168762e+01	-2.406535e+02
3.400000e-07	-3.713597e-09	-9.359062e-09	-3.163887e+01	-2.403373e+02
3.500000e-07	-3.707715e-09	-9.279654e-09	-3.158876e+01	-2.400281e+02
3.600000e-07	-3.701685e-09	-9.312549e-09	-3.153738e+01	-2.397255e+02
3.700000e-07	-3.695523e-09	-9.389985e-09	-3.148488e+01	-2.394285e+02
3.800000e-07	-3.689216e-09	-9.310819e-09	-3.143115e+01	-2.391355e+02
3.900000e-07	-3.682740e-09	-9.194454e-09	-3.137598e+01	-2.388452e+02
4.000000e-07	-3.676086e-09	-9.233031e-09	-3.131929e+01	-2.385564e+02
4.100000e-07	-3.669240e-09	-9.271203e-09	-3.126096e+01	-2.382683e+02
4.200000e-07	-3.662208e-09	-9.203500e-09	-3.120105e+01	-2.379801e+02
4.300000e-07	-3.654975e-09	-9.193013e-09	-3.113943e+01	-2.376914e+02
4.400000e-07	-3.647542e-09	-9.256933e-09	-3.107610e+01	-2.374013e+02
4.500000e-07	-3.639964e-09	-9.203866e-09	-3.101154e+01	-2.371087e+02
4.600000e-07	-3.632253e-09	-9.111523e-09	-3.094585e+01	-2.368117e+02
4.700000e-07	-3.624423e-09	-9.135574e-09	-3.087913e+01	-2.365078e+02
4.800000e-07	-3.616491e-09	-9.129887e-09	-3.081155e+01	-2.361935e+02
4.900000e-07	-3.608470e-09	-9.056231e-09	-3.074322e+01	-2.358647e+02
5.000000e-07	-3.600369e-09	-9.073364e-09	-3.067420e+01	-2.355169e+02
5.100000e-07	-3.592191e-09	-9.120305e-09	-3.060452e+01	-2.351457e+02
5.200000e-07	-3.583919e-09	-9.051901e-09	-3.053405e+01	-2.347468e+02
5.300000e-07	-3.575510e-09	-9.002680e-09	-3.046241e+01	-2.343171e+02
5.400000e-07	-3.566939e-09	-9.029810e-09	-3.038938e+01	-2.338542e+02
5.500000e-07	-3.558185e-09	-8.979413e-09	-3.031480e+01	-2.333575e+02
5.600000e-07	-3.549231e-09	-8.904251e-09	-3.023851e+01	-2.328277e+02
5.700000e-07	-3.540040e-09	-8.922186e-09	-3.016021e+01	-2.322672e+02
5.800000e-07	-3.530601e-09	-8.934495e-09	-3.007979e+01	-2.316792e+02
5.900000e-07	-3.520884e-09	-8.876442e-09	-2.999701e+01	-2.310682e+02
6.000000e-07	-3.510860e-09	-8.859617e-09	-2.991161e+01	-2.304385e+02
6.100000e-07	-3.500556e-09	-8.864640e-09	-2.982382e+01	-2.297949e+02
6.200000e-07	-3.490025e-09	-8.810218e-09	-2.973409e+01	-2.291411e+02
6.300000e-07	-3.479244e-09	-8.771732e-09	-2.964224e+01	-2.284801e+02
6.400000e-07	-3.468202e-09	-8.771711e-09	-2.954817e+01	-2.278138e+02
6.500000e-07	-3.456947e-09	-8.740295e-09	-2.945228e+01	-2.271426e+02
6.600000e-07	-3.445490e-09	-8.695968e-09	-2.935467e+01	-2.264662e+02
6.700000e-07	-3.433852e-09	-8.691682e-09	-2.925552e+01	-2.257832e+02
6.800000e-07	-3.422053e-09	-8.675032e-09	-2.915499e+01	-2.250915e+02
6.900000e-07	-3.410112e-09	-8.627985e-09	-2.905326e+01	-2.243894e+02
7.000000e-07	-3.398035e-09	-8.601205e-09	-2.895036e+01	-2.236750e+02
7.100000e-07	-3.385841e-09	-8.582156e-09	-2.884647e+01	-2.229472e+02
7.200000e-07	-3.373509e-09	-8.551187e-09	-2.874141e+01	-2.222056e+02
7.300000e-07	-3.361007e-09	-8.521552e-09	-2.863489e+01	-2.214508e+02
7.400000e-07	-3.348341e-09	-8.498774e-09	-2.852698e+01	-2.206840e+02
7.500000e-07	-3.335522e-09	-8.467513e-09	-2.841776e+01	-2.199070e+02
7.600000e-07	-3.322541e-09	-8.435364e-09	-2.830718e+01	-2.191222e+02
7.700000e-07	-3.309376e-09	-8.404707e-09	-2.819502e+01	-2.183317e+02
7.800000e-07	-3.296016e-09	-8.368724e-09	-2.808119e+01	-2.175372e+02
7.900000e-07	-3.282483e-09	-8.344277e-09	-2.796589e+01	-2.167401e+02
8.000000e-07	-3.268785e-09	-8.327153e-09	-2.784919e+01	-2.159408e+02
8.100000e-07	-3.254948e-09	-8.302921e-09	-2.773130e+01	-2.151391e+02
8.200000e-07	-3.240981e-09	-8.266800e-09	-2.761230e+01	-2.143338e+02
8.300000e-07	-3.226865e-09	-8.229925e-09	-2.749204e+01	-2.135236e+02
8.400000e-07	-3.212624e-09	-8.197771e-09	-2.737071e+01	-2.127065e+02
8.500000e-07	-3.198223e-09	-8.165443e-09	-2.724802e+01	-2.118808e+02
8.600000e-07	-3.183666e-09	-8.133429e-09	-2.712400e+01	-2.110449e+02
8.700000e-07	-3.168952e-09	-8.101283e-09	-2.699864e+01	-2.101979e+02
8.800000e-07	-3.154034e-09	-8.071494e-09	-2.687154e+01	-2.093394e+02
8.900000e-07	-3.138915e-09	-8.043183e-09	-2.674273e+01	-2.084698e+02
9.000000e-07	-3.123580e-09	-8.015825e-09	-2.661208e+01	-2.075900e+02
9.100000e-07	-3.107992e-09	-7.981399e-09	-2.647927e+01	-2.067015e+02
9.200000e-07	-3.092167e-09	-7.943142e-09	-2.634445e+01	-2.058056e+02
9.300000e-07	-3.076113e-09	-7.911589e-09	-2.620768e+01	-2.049039e+02
9.400000e-07	-3.059859e-09	-7.880669e-09	-2.606919e+01	-2.039974e+02
9.500000e-07	-3.043432e-09	-7.843511e-09	-2.592924e+01	-2.030866e+02
9.600000e-07	-3.026806e-09	-7.801727e-09	-2.578760e+01	-2.021715e+02
9.700000e-07	-3.010024e-09	-7.768531e-09	-2.564462e+01	-2.012512e+02
9.800000e-07	-2.993135e-09	-7.738954e-09	-2.550073e+01	-2.003245e+02
9.900000e-07	-2.976121e-09	-7.704391e-09	-2.535577e+01	-1.993897e+02
1.000000e-06	-2.958979e-09	-7.669207e-09	-2.520972e+01	-1.984450e+02
1.010000e-06	-2.941711e-09	-7.636678e-09	-2.506261e+01	-1.974891e+02
1.020000e-06	-2.924323e-09	-7.599635e-09	-2.491446e+01	-1.965205e+02
1.030000e-06	-2.906870e-09	-7.550579e-09	-2.476577e+01	-1.955390e+02
1.040000e-06	-2.889352e-09	-7.505731e-09	-2.461652e+01	-1.945445e+02
1.050000e-06	-2.871738e-09	-7.469811e-09	-2.446645e+01	-1.935379e+02
1.060000e-06	-2.854031e-09	-7.437706e-09	-2.431560e+01	-1.925206e+02
1.070000e-06	-2.836212e-09	-7.406014e-09	-2.416378e+01	-1.914944e+02
1.080000e-06	-2.818277e-09	-7.372966e-09	-2.401098e+01	-1.904613e+02
1.090000e-06	-2.800256e-09	-7.338818e-09	-2.385744e+01	-1.894231e+02
1.100000e-06	-2.782119e-09	-7.298415e-09	-2.370292e+01	-1.883813e+02
1.110000e-06	-2.763859e-09	-7.253023e-09	-2.354735e+01	-1.873367e+02
1.120000e-06	-2.745464e-09	-7.204367e-09	-2.339063e+01	-1.862896e+02
1.130000e-06	-2.726895e-09	-7.158960e-09	-2.323243e+01	-1.852395e+02
1.140000e-06	-2.708162e-09	-7.114937e-09	-2.307283e+01	-1.841855e+02
1.150000e-06	-2.689274e-09	-7.073895e-09	-2.291191e+01	-1.831261e+02
1.160000e-06	-2.670240e-09	-7.042872e-09	-2.274974e+01	-1.820596e+02
1.170000e-06	-2.651030e-09	-7.011320e-09	-2.258608e+01	-1.809845e+02
1.180000e-06	-2.631650e-09	-6.971452e-09	-2.242097e+01	-1.798994e+02
1.190000e-06	-2.612151e-09	-6.923572e-09	-2.225484e+01	-1.788034e+02
1.200000e-06	-2.592529e-09	-6.875047e-09	-2.208766e+01	-1.776962e+02
1.210000e-06	-2.572801e-09	-6.824696e-09	-2.191959e+01	-1.765780e+02
1.220000e-06	-2.552988e-09	-6.775439e-09	-2.175079e+01	-1.754495e+02
1.230000e-06	-2.533102e-09	-6.736604e-09	-2.158136e+01	-1.743119e+02
1.240000e-06	-2.513166e-09	-6.701492e-09	-2.141151e+01	-1.731665e+02
1.250000e-06	-2.493180e-09	-6.661357e-09	-2.124124e+01	-1.720146e+02
1.260000e-06	-2.473143e-09	-6.617531e-09	-2.107053e+01	-1.708574e+02
1.270000e-06	-2.453066e-09	-6.571823e-09	-2.089947e+01	-1.696956e+02
1.280000e-06	-2.432949e-09	-6.516290e-09	-2.072809e+01	-1.685298e+02
1.290000e-06	-2.412796e-09	-6.461769e-09	-2.055638e+01	-1.673598e+02
1.300000e-06	-2.392607e-09	-6.420824e-09	-2.038438e+01	-1.661853e+02
1.310000e-06	-2.372377e-09	-6.383214e-09	-2.021202e+01	-1.650057e+02
1.320000e-06	-2.352083e-09	-6.339070e-09	-2.003912e+01	-1.638203e+02
1.330000e-06	-2.331703e-09	-6.293144e-09	-1.986549e+01	-1.626283e+02
1.340000e-06	-2.311231e-09	-6.254213e-09	-1.969107e+01	-1.614292e+02
1.350000e-06	-2.290638e-09	-6.211391e-09	-1.951563e+01	-1.602228e+02
1.360000e-06	-2.269911e-09	-6.157839e-09	-1.933904e+01	-1.590092e+02
1.370000e-06	-2.249067e-09	-6.099118e-09	-1.916145e+01	-1.577888e+02
1.380000e-06	-2.228114e-09	-6.043932e-09	-1.898294e+01	-1.565623e+02
1.390000e-06	-2.207039e-09	-5.996167e-09	-1.880338e+01	-1.553303e+02
1.400000e-06	-2.185845e-09	-5.952185e-09	-1.862282e+01	-1.540938e+02
1.410000e-06	-2.164534e-09	-5.911764e-09	-1.844125e+01	-1.528532e+02
1.420000e-06	-2.143109e-09	-5.872023e-09	-1.825872e+01	-1.516090e+02
1.430000e-06	-2.121584e-09	-5.836401e-09	-1.807533e+01	-1.503613e+02
1.440000e-06	-2.099951e-09	-5.797532e-09	-1.789102e+01	-1.491096e+02
1.450000e-06	-2.078213e-09	-5.744011e-09	-1.770582e+01	-1.478536e+02
1.460000e-06	-2.056379e-09	-5.680778e-09	-1.751980e+01	-1.465923e+02
1.470000e-06	-2.034478e-09	-5.614964e-09	-1.733321e+01	-1.453251e+02
1.480000e-06	-2.012512e-09	-5.554103e-09	-1.714606e+01	-1.440510e+02
1.490000e-06	-1.990468e-09	-5.501424e-09	-1.695826e+01	-1.427695e+02
1.500000e-06	-1.968358e-09	-5.461410e-09	-1.676989e+01	-1.414804e+02
1.510000e-06	-1.946175e-09	-5.429253e-09	-1.658089e+01	-1.401837e+02
1.520000e-06	-1.923908e-09	-5.395933e-09	-1.639118e+01	-1.388798e+02
1.530000e-06	-1.901578e-09	-5.354655e-09	-1.620094e+01	-1.375695e+02
1.540000e-06	-1.879172e-09	-5.298502e-09	-1.601005e+01	-1.362535e+02
1.550000e-06	-1.856676e-09	-5.230713e-09	-1.581838e+01	-1.349331e+02
1.560000e-06	-1.834117e-09	-5.158830e-09	-1.562618e+01	-1.336090e+02
1.570000e-06	-1.811488e-09	-5.098701e-09	-1.543340e+01	-1.322821e+02
1.580000e-06	-1.788762e-09	-5.054760e-09	-1.523978e+01	-1.309528e+02
1.590000e-06	-1.765910e-09	-5.019435e-09	-1.504509e+01	-1.296214e+02
1.600000e-06	-1.742968e-09	-4.983973e-09	-1.484963e+01	-1.282878e+02
1.610000e-06	-1.719934e-09	-4.941581e-09	-1.465338e+01	-1.269515e+02
1.620000e-06	-1.696810e-09	-4.892430e-09	-1.445637e+01	-1.256120e+02
1.630000e-06	-1.673609e-09	-4.832985e-09	-1.425870e+01	-1.242687e+02
1.640000e-06	-1.650311e-09	-4.762909e-09	-1.406021e+01	-1.229209e+02
1.650000e-06	-1.626921e-09	-4.690576e-09	-1.386093e+01	-1.215683e+02
1.660000e-06	-1.603452e-09	-4.633259e-09	-1.366098e+01	-1.202106e+02
1.670000e-06	-1.579905e-09	-4.594028e-09	-1.346037e+01	-1.188476e+02
1.680000e-06	-1.556290e-09	-4.558901e-09	-1.325918e+01	-1.174795e+02
1.690000e-06	-1.532621e-09	-4.517335e-09	-1.305752e+01	-1.161065e+02
1.700000e-06	-1.508883e-09	-4.466449e-09	-1.285528e+01	-1.147289e+02
1.710000e-06	-1.485093e-09	-4.412859e-09	-1.265260e+01	-1.133470e+02
1.720000e-06	-1.461253e-09	-4.355361e-09	-1.244948e+01	-1.119608e+02
1.730000e-06	-1.437342e-09	-4.290878e-09	-1.224576e+01	-1.105703e+02
1.740000e-06	-1.413385e-09	-4.223690e-09	-1.204166e+01	-1.091751e+02
1.750000e-06	-1.389402e-09	-4.164989e-09	-1.183733e+01	-1.077750e+02
1.760000e-06	-1.365394e-09	-4.119811e-09	-1.163279e+01	-1.063691e+02
1.770000e-06	-1.341367e-09	-4.077052e-09	-1.142809e+01	-1.049571e+02
1.780000e-06	-1.317314e-09	-4.027598e-09	-1.122316e+01	-1.035384e+02
1.790000e-06	-1.293228e-09	-3.970078e-09	-1.101795e+01	-1.021127e+02
1.800000e-06	-1.269114e-09	-3.911828e-09	-1.081250e+01	-1.006800e+02
1.810000e-06	-1.244962e-09	-3.853919e-09	-1.060674e+01	-9.924064e+01
1.820000e-06	-1.220769e-09	-3.793546e-09	-1.040062e+01	-9.779515e+01
1.830000e-06	-1.196553e-09	-3.732831e-09	-1.019430e+01	-9.634445e+01
1.840000e-06	-1.172301e-09	-3.676158e-09	-9.987684e+00	-9.488959e+01
1.850000e-06	-1.148012e-09	-3.626496e-09	-9.780744e+00	-9.343162e+01
1.860000e-06	-1.123699e-09	-3.574433e-09	-9.573603e+00	-9.197151e+01
1.870000e-06	-1.099336e-09	-3.514554e-09	-9.366041e+00	-9.051000e+01
1.880000e-06	-1.074927e-09	-3.451310e-09	-9.158080e+00	-8.904747e+01
1.890000e-06	-1.050494e-09	-3.389391e-09	-8.949914e+00	-8.758392e+01
1.900000e-06	-1.026028e-09	-3.332687e-09	-8.741475e+00	-8.611900e+01
1.910000e-06	-1.001529e-09	-3.281740e-09	-8.532752e+00	-8.465200e+01
1.920000e-06	-9.770003e-10	-3.230996e-09	-8.323770e+00	-8.318205e+01
1.930000e-06	-9.524328e-10	-3.175201e-09	-8.114461e+00	-8.170822e+01
1.940000e-06	-9.278010e-10	-3.116220e-09	-7.904603e+00	-8.022967e+01
1.950000e-06	-9.030968e-10	-3.053511e-09	-7.694130e+00	-7.874584e+01
1.960000e-06	-8.783394e-10	-2.989032e-09	-7.483204e+00	-7.725653e+01
1.970000e-06	-8.535588e-10	-2.927110e-09	-7.272080e+00	-7.576197e+01
1.980000e-06	-8.287453e-10	-2.868559e-09	-7.060676e+00	-7.426280e+01
1.990000e-06	-8.038703e-10	-2.814208e-09	-6.848749e+00	-7.276003e+01
2.000000e-06	-7.789269e-10	-2.763357e-09	-6.636238e+00	-7.125489e+01
2.010000e-06	-7.539179e-10	-2.712454e-09	-6.423167e+00	-6.974867e+01
2.020000e-06	-7.288783e-10	-2.655549e-09	-6.209837e+00	-6.824255e+01
2.030000e-06	-7.037971e-10	-2.591628e-09	-5.996152e+00	-6.673743e+01
2.040000e-06	-6.786652e-10	-2.525110e-09	-5.782034e+00	-6.523381e+01
2.050000e-06	-6.534874e-10	-2.463703e-09	-5.567527e+00	-6.373167e+01
2.060000e-06	-6.282613e-10	-2.410355e-09	-5.352607e+00	-6.223052e+01
2.070000e-06	-6.029847e-10	-2.356322e-09	-5.137258e+00	-6.072942e+01
2.080000e-06	-5.776435e-10	-2.296775e-09	-4.921357e+00	-5.922711e+01
2.090000e-06	-5.522473e-10	-2.238472e-09	-4.704989e+00	-5.772216e+01
2.100000e-06	-5.268175e-10	-2.186723e-09	-4.488334e+00	-5.621321e+01
2.110000e-06	-5.013554e-10	-2.133047e-09	-4.271404e+00	-5.469906e+01
2.120000e-06	-4.758814e-10	-2.073342e-09	-4.054373e+00	-5.317890e+01
2.130000e-06	-4.503748e-10	-2.014322e-09	-3.837063e+00	-5.165235e+01
2.140000e-06	-4.247968e-10	-1.951850e-09	-3.619147e+00	-5.011951e+01
2.150000e-06	-3.991919e-10	-1.884487e-09	-3.401001e+00	-4.858094e+01
2.160000e-06	-3.735617e-10	-1.821513e-09	-3.182639e+00	-4.703752e+01
2.170000e-06	-3.478985e-10	-1.764866e-09	-2.963996e+00	-4.549035e+01
2.180000e-06	-3.222397e-10	-1.711226e-09	-2.745391e+00	-4.394053e+01
2.190000e-06	-2.965752e-10	-1.662209e-09	-2.526737e+00	-4.238903e+01
2.200000e-06	-2.708720e-10	-1.613465e-09	-2.307754e+00	-4.083654e+01
2.210000e-06	-2.451286e-10	-1.550520e-09	-2.088427e+00	-3.928335e+01
2.220000e-06	-2.193510e-10	-1.474227e-09	-1.868809e+00	-3.772932e+01
2.230000e-06	-1.935430e-10	-1.400050e-09	-1.648932e+00	-3.617393e+01
2.240000e-06	-1.677060e-10	-1.333313e-09	-1.428807e+00	-3.461634e+01
2.250000e-06	-1.418674e-10	-1.273784e-09	-1.208670e+00	-3.305552e+01
2.260000e-06	-1.160781e-10	-1.220347e-09	-9.889530e-01	-3.149044e+01
2.270000e-06	-9.030121e-11	-1.169570e-09	-7.693416e-01	-2.992019e+01
2.280000e-06	-6.447411e-11	-1.117273e-09	-5.493024e-01	-2.834415e+01
2.290000e-06	-3.864245e-11	-1.058914e-09	-3.292242e-01	-2.676208e+01
2.300000e-06	-1.281442e-11	-9.937422e-10	-1.091766e-01	-2.517417e+01
2.310000e-06	1.306017e-11	-9.214615e-10	1.112678e-01	-2.358103e+01
2.320000e-06	3.891705e-11	-8.462067e-10	3.315610e-01	-2.198362e+01
2.330000e-06	6.471874e-11	-7.754740e-10	5.513835e-01	-2.038312e+01
2.340000e-06	9.051831e-11	-7.141591e-10	7.711881e-01	-1.878081e+01
2.350000e-06	1.163613e-10	-6.594951e-10	9.913625e-01	-1.717790e+01
2.360000e-06	1.422166e-10	-6.011608e-10	1.211642e+00	-1.557540e+01
2.370000e-06	1.680386e-10	-5.384878e-10	1.431639e+00	-1.397399e+01
2.380000e-06	1.938295e-10	-4.777975e-10	1.651370e+00	-1.237400e+01
2.390000e-06	2.196038e-10	-4.167330e-10	1.870960e+00	-1.077534e+01
2.400000e-06	2.453839e-10	-3.499621e-10	2.090598e+00	-9.177587e+00
2.410000e-06	2.711093e-10	-2.833534e-10	2.309772e+00	-7.580015e+00
2.420000e-06	2.967984e-10	-2.248019e-10	2.528635e+00	-5.981731e+00
2.430000e-06	3.225176e-10	-1.685204e-10	2.747756e+00	-4.381776e+00
2.440000e-06	3.482064e-10	-1.050215e-10	2.966617e+00	-2.779247e+00
2.450000e-06	3.738317e-10	-3.603635e-11	3.184937e+00	-1.173384e+00
2.460000e-06	3.994274e-10	2.913159e-11	3.403005e+00	4.363638e-01
2.470000e-06	4.249951e-10	8.826623e-11	3.620835e+00	2.050306e+00
2.480000e-06	4.505281e-10	1.474205e-10	3.838368e+00	3.668524e+00
2.490000e-06	4.760409e-10	2.086598e-10	4.055729e+00	5.290899e+00
2.500000e-06	5.015148e-10	2.685988e-10	4.272760e+00	6.917175e+00
2.510000e-06	5.269310e-10	3.291139e-10	4.489299e+00	8.547020e+00
2.520000e-06	5.523067e-10	3.946090e-10	4.705493e+00	1.018009e+01
2.530000e-06	5.776320e-10	4.656173e-10	4.921257e+00	1.181608e+01
2.540000e-06	6.028960e-10	5.408100e-10	5.136499e+00	1.345474e+01
2.550000e-06	6.281093e-10	6.122731e-10	5.351311e+00	1.509594e+01
2.560000e-06	6.532893e-10	6.725184e-10	5.565837e+00	1.673958e+01
2.570000e-06	6.784224e-10	7.268499e-10	5.779963e+00	1.838562e+01
2.580000e-06	7.034932e-10	7.833877e-10	5.993559e+00	2.003407e+01
2.590000e-06	7.285116e-10	8.427260e-10	6.206709e+00	2.168490e+01
2.600000e-06	7.535036e-10	9.050958e-10	6.419634e+00	2.333805e+01
2.610000e-06	7.784437e-10	9.722319e-10	6.632118e+00	2.499343e+01
2.620000e-06	8.033218e-10	1.043013e-09	6.844072e+00	2.665091e+01
2.630000e-06	8.281629e-10	1.113773e-09	7.055711e+00	2.831034e+01
2.640000e-06	8.529510e-10	1.181077e-09	7.266899e+00	2.997158e+01
2.650000e-06	8.777005e-10	1.243911e-09	7.477759e+00	3.163451e+01
2.660000e-06	9.023891e-10	1.306862e-09	7.688099e+00	3.329909e+01
2.670000e-06	9.270225e-10	1.371973e-09	7.897969e+00	3.496533e+01
2.680000e-06	9.516240e-10	1.437012e-09	8.107568e+00	3.663331e+01
2.690000e-06	9.761564e-10	1.503733e-09	8.316577e+00	3.830316e+01
2.700000e-06	1.000640e-09	1.573060e-09	8.525172e+00	3.997503e+01
2.710000e-06	1.025098e-09	1.641781e-09	8.733544e+00	4.164902e+01
2.720000e-06	1.049513e-09	1.707599e-09	8.941554e+00	4.332519e+01
2.730000e-06	1.073901e-09	1.773188e-09	9.149338e+00	4.500345e+01
2.740000e-06	1.098247e-09	1.838454e-09	9.356759e+00	4.668360e+01
2.750000e-06	1.122548e-09	1.902395e-09	9.563797e+00	4.836532e+01
2.760000e-06	1.146826e-09	1.970758e-09	9.770638e+00	5.004814e+01
2.770000e-06	1.171071e-09	2.043529e-09	9.977196e+00	5.173152e+01
2.780000e-06	1.195282e-09	2.112170e-09	1.018347e+01	5.341490e+01
2.790000e-06	1.219459e-09	2.174379e-09	1.038946e+01	5.509775e+01
2.800000e-06	1.243612e-09	2.236433e-09	1.059523e+01	5.677963e+01
2.810000e-06	1.267742e-09	2.299291e-09	1.080081e+01	5.846025e+01
2.820000e-06	1.291838e-09	2.361200e-09	1.100611e+01	6.013951e+01
2.830000e-06	1.315898e-09	2.425496e-09	1.121109e+01	6.181745e+01
2.840000e-06	1.339913e-09	2.489946e-09	1.141569e+01	6.349431e+01
2.850000e-06	1.363896e-09	2.552918e-09	1.162002e+01	6.517038e+01
2.860000e-06	1.387863e-09	2.621973e-09	1.182421e+01	6.684604e+01
2.870000e-06	1.411781e-09	2.695218e-09	1.202799e+01	6.852159e+01
2.880000e-06	1.435642e-09	2.761255e-09	1.223128e+01	7.019720e+01
2.890000e-06	1.459460e-09	2.822219e-09	1.243420e+01	7.187289e+01
2.900000e-06	1.483239e-09	2.887494e-09	1.263680e+01	7.354843e+01
2.910000e-06	1.506963e-09	2.954028e-09	1.283892e+01	7.522334e+01
2.920000e-06	1.530619e-09	3.015952e-09	1.304046e+01	7.689695e+01
2.930000e-06	1.554210e-09	3.076117e-09	1.324145e+01	7.856840e+01
2.940000e-06	1.577739e-09	3.138056e-09	1.344190e+01	8.023672e+01
2.950000e-06	1.601196e-09	3.207217e-09	1.364175e+01	8.190092e+01
2.960000e-06	1.624565e-09	3.283870e-09	1.384085e+01	8.356009e+01
2.970000e-06	1.647827e-09	3.355832e-09	1.403904e+01	8.521344e+01
2.980000e-06	1.670993e-09	3.416424e-09	1.423641e+01	8.686040e+01
2.990000e-06	1.694086e-09	3.471810e-09	1.443316e+01	8.850060e+01
3.000000e-06	1.717078e-09	3.527723e-09	1.462904e+01	9.013391e+01
3.010000e-06	1.739949e-09	3.583493e-09	1.482389e+01	9.176040e+01
3.020000e-06	1.762736e-09	3.641658e-09	1.501804e+01	9.338028e+01
3.030000e-06	1.785455e-09	3.710288e-09	1.521159e+01	9.499387e+01
3.040000e-06	1.808097e-09	3.785315e-09	1.540450e+01	9.660149e+01
3.050000e-06	1.830659e-09	3.854372e-09	1.559672e+01	9.820342e+01
3.060000e-06	1.853130e-09	3.916646e-09	1.578817e+01	9.979985e+01
3.070000e-06	1.875528e-09	3.974384e-09	1.597899e+01	1.013909e+02
3.080000e-06	1.897865e-09	4.028371e-09	1.616930e+01	1.029764e+02
3.090000e-06	1.920120e-09	4.084696e-09	1.635890e+01	1.045564e+02
3.100000e-06	1.942302e-09	4.145836e-09	1.654789e+01	1.061304e+02
3.110000e-06	1.964425e-09	4.208990e-09	1.673638e+01	1.076983e+02
3.120000e-06	1.986482e-09	4.275222e-09	1.692429e+01	1.092597e+02
3.130000e-06	2.008459e-09	4.341953e-09	1.711153e+01	1.108144e+02
3.140000e-06	2.030356e-09	4.400872e-09	1.729808e+01	1.123622e+02
3.150000e-06	2.052167e-09	4.456083e-09	1.748391e+01	1.139030e+02
3.160000e-06	2.073897e-09	4.515846e-09	1.766904e+01	1.154368e+02
3.170000e-06	2.095542e-09	4.575882e-09	1.785345e+01	1.169637e+02
3.180000e-06	2.117087e-09	4.631324e-09	1.803701e+01	1.184838e+02
3.190000e-06	2.138523e-09	4.688984e-09	1.821964e+01	1.199974e+02
3.200000e-06	2.159834e-09	4.753496e-09	1.840121e+01	1.215047e+02
3.210000e-06	2.181019e-09	4.817110e-09	1.858169e+01	1.230060e+02
3.220000e-06	2.202099e-09	4.874143e-09	1.876129e+01	1.245015e+02
3.230000e-06	2.223075e-09	4.929095e-09	1.894000e+01	1.259916e+02
3.240000e-06	2.243942e-09	4.986324e-09	1.911778e+01	1.274766e+02
3.250000e-06	2.264707e-09	5.042628e-09	1.929470e+01	1.289566e+02
3.260000e-06	2.285364e-09	5.097467e-09	1.947069e+01	1.304319e+02
3.270000e-06	2.305919e-09	5.156738e-09	1.964581e+01	1.319028e+02
3.280000e-06	2.326367e-09	5.221664e-09	1.982002e+01	1.333692e+02
3.290000e-06	2.346733e-09	5.282693e-09	1.999353e+01	1.348311e+02
3.300000e-06	2.367036e-09	5.333909e-09	2.016651e+01	1.362884e+02
3.310000e-06	2.387283e-09	5.385692e-09	2.033901e+01	1.377406e+02
3.320000e-06	2.407469e-09	5.443202e-09	2.051100e+01	1.391873e+02
3.330000e-06	2.427600e-09	5.499696e-09	2.068251e+01	1.406276e+02
3.340000e-06	2.447697e-09	5.554950e-09	2.085373e+01	1.420606e+02
3.350000e-06	2.467758e-09	5.611974e-09	2.102464e+01	1.434854e+02
3.360000e-06	2.487760e-09	5.670031e-09	2.119505e+01	1.449009e+02
3.370000e-06	2.507704e-09	5.727857e-09	2.136497e+01	1.463060e+02
3.380000e-06	2.527616e-09	5.785314e-09	2.153462e+01	1.477001e+02
3.390000e-06	2.547464e-09	5.841057e-09	2.170372e+01	1.490826e+02
3.400000e-06	2.567203e-09	5.894657e-09	2.187189e+01	1.504534e+02
3.410000e-06	2.586826e-09	5.947655e-09	2.203907e+01	1.518127e+02
3.420000e-06	2.606327e-09	5.998050e-09	2.220521e+01	1.531611e+02
3.430000e-06	2.625705e-09	6.047050e-09	2.237031e+01	1.544998e+02
3.440000e-06	2.644980e-09	6.101297e-09	2.253453e+01	1.558298e+02
3.450000e-06	2.664115e-09	6.159892e-09	2.269755e+01	1.571526e+02
3.460000e-06	2.683085e-09	6.214595e-09	2.285917e+01	1.584696e+02
3.470000e-06	2.701900e-09	6.264758e-09	2.301947e+01	1.597819e+02
3.480000e-06	2.720536e-09	6.316950e-09	2.317825e+01	1.610902e+02
3.490000e-06	2.739004e-09	6.370525e-09	2.333558e+01	1.623950e+02
3.500000e-06	2.757336e-09	6.419370e-09	2.349177e+01	1.636960e+02
3.510000e-06	2.775516e-09	6.464622e-09	2.364666e+01	1.649927e+02
3.520000e-06	2.793534e-09	6.512355e-09	2.380017e+01	1.662839e+02
3.530000e-06	2.811420e-09	6.562596e-09	2.395255e+01	1.675683e+02
3.540000e-06	2.829206e-09	6.611866e-09	2.410408e+01	1.688443e+02
3.550000e-06	2.846882e-09	6.660240e-09	2.425468e+01	1.701105e+02
3.560000e-06	2.864446e-09	6.710984e-09	2.440432e+01	1.713657e+02
3.570000e-06	2.881920e-09	6.764143e-09	2.455320e+01	1.726091e+02
3.580000e-06	2.899314e-09	6.815846e-09	2.470139e+01	1.738403e+02
3.590000e-06	2.916623e-09	6.863382e-09	2.484885e+01	1.750596e+02
3.600000e-06	2.933814e-09	6.906423e-09	2.499532e+01	1.762677e+02
3.610000e-06	2.950896e-09	6.949849e-09	2.514086e+01	1.774657e+02
3.620000e-06	2.967902e-09	6.998050e-09	2.528574e+01	1.786549e+02
3.630000e-06	2.984815e-09	7.046633e-09	2.542983e+01	1.798367e+02
3.640000e-06	3.001583e-09	7.090867e-09	2.557269e+01	1.810124e+02
3.650000e-06	3.018225e-09	7.136021e-09	2.571447e+01	1.821829e+02
3.660000e-06	3.034712e-09	7.188642e-09	2.585494e+01	1.833486e+02
3.670000e-06	3.050981e-09	7.240351e-09	2.599355e+01	1.845094e+02
3.680000e-06	3.067083e-09	7.282735e-09	2.613073e+01	1.856648e+02
3.690000e-06	3.083047e-09	7.321910e-09	2.626674e+01	1.868138e+02
3.700000e-06	3.098763e-09	7.362775e-09	2.640064e+01	1.879551e+02
3.710000e-06	3.114222e-09	7.403810e-09	2.653234e+01	1.890871e+02
3.720000e-06	3.129499e-09	7.444050e-09	2.666250e+01	1.902087e+02
3.730000e-06	3.144610e-09	7.488796e-09	2.679124e+01	1.913186e+02
3.740000e-06	3.159513e-09	7.538557e-09	2.691822e+01	1.924162e+02
3.750000e-06	3.174200e-09	7.586679e-09	2.704335e+01	1.935012e+02
3.760000e-06	3.188720e-09	7.630411e-09	2.716705e+01	1.945738e+02
3.770000e-06	3.203094e-09	7.668221e-09	2.728951e+01	1.956346e+02
3.780000e-06	3.217354e-09	7.703767e-09	2.741100e+01	1.966845e+02
3.790000e-06	3.231493e-09	7.738525e-09	2.753147e+01	1.977246e+02
3.800000e-06	3.245493e-09	7.776182e-09	2.765074e+01	1.987559e+02
3.810000e-06	3.259355e-09	7.820368e-09	2.776884e+01	1.997792e+02
3.820000e-06	3.273076e-09	7.864617e-09	2.788574e+01	2.007951e+02
3.830000e-06	3.286644e-09	7.908186e-09	2.800134e+01	2.018037e+02
3.840000e-06	3.300054e-09	7.949842e-09	2.811558e+01	2.028048e+02
3.850000e-06	3.313285e-09	7.985670e-09	2.822831e+01	2.037979e+02
3.860000e-06	3.326328e-09	8.018715e-09	2.833943e+01	2.047821e+02
3.870000e-06	3.339218e-09	8.053840e-09	2.844925e+01	2.057566e+02
3.880000e-06	3.351939e-09	8.088037e-09	2.855763e+01	2.067205e+02
3.890000e-06	3.364477e-09	8.121241e-09	2.866445e+01	2.076734e+02
3.900000e-06	3.376875e-09	8.161898e-09	2.877008e+01	2.086148e+02
3.910000e-06	3.389158e-09	8.207171e-09	2.887473e+01	2.095448e+02
3.920000e-06	3.401337e-09	8.244403e-09	2.897849e+01	2.104637e+02
3.930000e-06	3.413394e-09	8.271941e-09	2.908121e+01	2.113721e+02
3.940000e-06	3.425297e-09	8.301377e-09	2.918262e+01	2.122708e+02
3.950000e-06	3.437050e-09	8.338304e-09	2.928276e+01	2.131604e+02
3.960000e-06	3.448670e-09	8.376010e-09	2.938176e+01	2.140415e+02
3.970000e-06	3.460119e-09	8.412152e-09	2.947930e+01	2.149142e+02
3.980000e-06	3.471337e-09	8.450808e-09	2.957487e+01	2.157786e+02
3.990000e-06	3.482307e-09	8.488570e-09	2.966833e+01	2.166339e+02
4.000000e-06	3.493033e-09	8.518730e-09	2.975971e+01	2.174795e+02
4.010000e-06	3.503506e-09	8.543962e-09	2.984894e+01	2.183140e+02
4.020000e-06	3.513672e-09	8.570152e-09	2.993556e+01	2.191362e+02
4.030000e-06	3.523542e-09	8.600854e-09	3.001964e+01	2.199449e+02
4.040000e-06	3.533151e-09	8.638637e-09	3.010151e+01	2.207391e+02
4.050000e-06	3.542493e-09	8.677483e-09	3.018110e+01	2.215180e+02
4.060000e-06	3.551574e-09	8.707876e-09	3.025847e+01	2.222813e+02
4.070000e-06	3.560434e-09	8.732687e-09	3.033395e+01	2.230291e+02
4.080000e-06	3.569113e-09	8.761272e-09	3.040790e+01	2.237620e+02
4.090000e-06	3.577644e-09	8.792046e-09	3.048058e+01	2.244807e+02
4.100000e-06	3.586052e-09	8.817107e-09	3.055221e+01	2.251861e+02
4.110000e-06	3.594340e-09	8.835570e-09	3.062283e+01	2.258792e+02
4.120000e-06	3.602531e-09	8.856326e-09	3.069261e+01	2.265608e+02
4.130000e-06	3.610624e-09	8.885971e-09	3.076156e+01	2.272313e+02
4.140000e-06	3.618613e-09	8.918062e-09	3.082963e+01	2.278910e+02
4.150000e-06	3.626528e-09	8.946158e-09	3.089706e+01	2.285396e+02
4.160000e-06	3.634356e-09	8.972911e-09	3.096375e+01	2.291766e+02
4.170000e-06	3.642039e-09	9.000007e-09	3.102921e+01	2.298014e+02
4.180000e-06	3.649565e-09	9.024242e-09	3.109333e+01	2.304132e+02
4.190000e-06	3.656941e-09	9.041116e-09	3.115617e+01	2.310114e+02
4.200000e-06	3.664139e-09	9.053163e-09	3.121750e+01	2.315955e+02
4.210000e-06	3.671131e-09	9.067740e-09	3.127707e+01	2.321653e+02
4.220000e-06	3.677930e-09	9.089396e-09	3.133499e+01	2.327211e+02
4.230000e-06	3.684589e-09	9.120302e-09	3.139173e+01	2.332633e+02
4.240000e-06	3.691109e-09	9.153317e-09	3.144728e+01	2.337928e+02
4.250000e-06	3.697444e-09	9.177257e-09	3.150125e+01	2.343103e+02
4.260000e-06	3.703631e-09	9.191933e-09	3.155396e+01	2.348166e+02
4.270000e-06	3.709684e-09	9.204240e-09	3.160553e+01	2.353125e+02
4.280000e-06	3.715581e-09	9.215845e-09	3.165577e+01	2.357981e+02
4.290000e-06	3.721330e-09	9.225366e-09	3.170475e+01	2.362735e+02
4.300000e-06	3.726924e-09	9.236801e-09	3.175241e+01	2.367380e+02
4.310000e-06	3.732343e-09	9.255056e-09	3.179858e+01	2.371909e+02
4.320000e-06	3.737551e-09	9.279713e-09	3.184295e+01	2.376311e+02
4.330000e-06	3.742558e-09	9.304626e-09	3.188561e+01	2.380574e+02
4.340000e-06	3.747386e-09	9.323650e-09	3.192674e+01	2.384690e+02
4.350000e-06	3.752051e-09	9.336177e-09	3.196649e+01	2.388648e+02
4.360000e-06	3.756580e-09	9.344509e-09	3.200507e+01	2.392447e+02
4.370000e-06	3.760976e-09	9.352365e-09	3.204252e+01	2.396085e+02
4.380000e-06	3.765250e-09	9.360603e-09	3.207893e+01	2.399568e+02
4.390000e-06	3.769435e-09	9.368637e-09	3.211460e+01	2.402904e+02
4.400000e-06	3.773549e-09	9.382014e-09	3.214964e+01	2.406102e+02
4.410000e-06	3.777568e-09	9.405431e-09	3.218388e+01	2.409173e+02
4.420000e-06	3.781501e-09	9.429528e-09	3.221739e+01	2.412126e+02
4.430000e-06	3.785335e-09	9.440830e-09	3.225006e+01	2.414966e+02
4.440000e-06	3.789016e-09	9.441179e-09	3.228142e+01	2.417694e+02
4.450000e-06	3.792540e-09	9.441350e-09	3.231144e+01	2.420310e+02
4.460000e-06	3.795895e-09	9.445855e-09	3.234003e+01	2.422805e+02
4.470000e-06	3.799043e-09	9.452833e-09	3.236685e+01	2.425172e+02
4.480000e-06	3.801944e-09	9.463071e-09	3.239156e+01	2.427403e+02
4.490000e-06	3.804566e-09	9.477922e-09	3.241390e+01	2.429491e+02
4.500000e-06	3.806883e-09	9.494894e-09	3.243364e+01	2.431432e+02
4.510000e-06	3.808882e-09	9.506410e-09	3.245068e+01	2.433230e+02
4.520000e-06	3.810564e-09	9.505484e-09	3.246500e+01	2.434893e+02
4.530000e-06	3.811945e-09	9.496373e-09	3.247677e+01	2.436435e+02
4.540000e-06	3.813095e-09	9.490569e-09	3.248657e+01	2.437874e+02
4.550000e-06	3.814030e-09	9.494028e-09	3.249453e+01	2.439231e+02
4.560000e-06	3.814747e-09	9.502953e-09	3.250064e+01	2.440522e+02
4.570000e-06	3.815286e-09	9.515277e-09	3.250523e+01	2.441761e+02
4.580000e-06	3.815680e-09	9.527866e-09	3.250859e+01	2.442953e+02
4.590000e-06	3.815967e-09	9.532399e-09	3.251104e+01	2.444094e+02
4.600000e-06	3.816165e-09	9.531787e-09	3.251273e+01	2.445168e+02
4.610000e-06	3.816271e-09	9.532497e-09	3.251362e+01	2.446150e+02
4.620000e-06	3.816276e-09	9.529927e-09	3.251367e+01	2.447007e+02
4.630000e-06	3.816173e-09	9.521804e-09	3.251279e+01	2.447704e+02
4.640000e-06	3.815952e-09	9.517999e-09	3.251091e+01	2.448206e+02
4.650000e-06	3.815593e-09	9.520700e-09	3.250785e+01	2.448483e+02
4.660000e-06	3.815084e-09	9.506274e-09	3.250352e+01	2.448520e+02
4.670000e-06	3.814386e-09	9.478609e-09	3.249757e+01	2.448314e+02
4.680000e-06	3.813496e-09	9.492744e-09	3.248998e+01	2.447883e+02
4.690000e-06	3.812429e-09	9.539526e-09	3.248090e+01	2.447262e+02
4.700000e-06	3.811150e-09	9.587445e-09	3.247000e+01	2.446500e+02
4.710000e-06	3.809666e-09	9.654983e-09	3.245736e+01	2.445660e+02
4.720000e-06	3.807995e-09	9.637616e-09	3.244311e+01	2.444810e+02
4.730000e-06	3.806155e-09	9.450788e-09	3.242744e+01	2.444017e+02
4.740000e-06	3.804209e-09	9.359489e-09	3.241086e+01	2.443337e+02
4.750000e-06	3.802167e-09	9.550618e-09	3.239346e+01	2.442811e+02
4.760000e-06	3.799981e-09	9.699184e-09	3.237484e+01	2.442460e+02
4.770000e-06	3.797636e-09	9.649494e-09	3.235487e+01	2.442276e+02
4.780000e-06	3.795124e-09	9.689175e-09	3.233346e+01	2.442230e+02
4.790000e-06	3.792440e-09	9.769956e-09	3.231060e+01	2.442267e+02
4.800000e-06	3.789572e-09	9.637668e-09	3.228616e+01	2.442313e+02
4.810000e-06	3.786480e-09	9.544992e-09	3.225981e+01	2.442285e+02
4.820000e-06	3.783197e-09	9.702202e-09	3.223184e+01	2.442094e+02
4.830000e-06	3.779770e-09	9.790175e-09	3.220265e+01	2.441658e+02
4.840000e-06	3.776215e-09	9.661698e-09	3.217236e+01	2.440905e+02
4.850000e-06	3.772556e-09	9.620289e-09	3.214118e+01	2.439787e+02
4.860000e-06	3.768807e-09	9.774216e-09	3.210925e+01	2.438277e+02
4.870000e-06	3.764985e-09	9.800340e-09	3.207669e+01	2.436373e+02
4.880000e-06	3.761079e-09	9.629692e-09	3.204341e+01	2.434098e+02
4.890000e-06	3.757094e-09	9.567355e-09	3.200945e+01	2.431496e+02
4.900000e-06	3.753018e-09	9.646118e-09	3.197473e+01	2.428626e+02
4.910000e-06	3.748824e-09	9.616446e-09	3.193900e+01	2.425555e+02
4.920000e-06	3.744481e-09	9.495286e-09	3.190200e+01	2.422353e+02
4.930000e-06	3.739947e-09	9.536932e-09	3.186337e+01	2.419084e+02
4.940000e-06	3.735157e-09	9.619318e-09	3.182256e+01	2.415802e+02
4.950000e-06	3.730066e-09	9.513441e-09	3.177919e+01	2.412549e+02
4.960000e-06	3.724685e-09	9.431508e-09	3.173334e+01	2.409351e+02
4.970000e-06	3.718970e-09	9.550918e-09	3.168465e+01	2.406222e+02
4.980000e-06	3.712913e-09	9.594896e-09	3.163304e+01	2.403162e+02
4.990000e-06	3.706561e-09	9.406495e-09	3.157893e+01	2.400163e+02
5.000000e-06	3.699945e-09	9.320460e-09	3.152256e+01	2.397213e+02
5.010000e-06	3.693084e-09	9.402165e-09	3.146411e+01	2.394297e+02
5.020000e-06	3.685982e-09	9.362741e-09	3.140361e+01	2.391402e+02
5.030000e-06	3.678672e-09	9.301802e-09	3.134132e+01	2.388518e+02
5.040000e-06	3.671205e-09	9.442802e-09	3.127771e+01	2.385637e+02
5.050000e-06	3.663619e-09	9.525504e-09	3.121308e+01	2.382754e+02
5.060000e-06	3.655935e-09	9.341942e-09	3.114761e+01	2.379863e+02
5.070000e-06	3.648154e-09	9.229203e-09	3.108132e+01	2.376954e+02
5.080000e-06	3.640284e-09	9.270862e-09	3.101427e+01	2.374013e+02
5.090000e-06	3.632334e-09	9.177901e-09	3.094653e+01	2.371019e+02
5.100000e-06	3.624282e-09	9.090826e-09	3.087793e+01	2.367943e+02
5.110000e-06	3.616113e-09	9.242697e-09	3.080834e+01	2.364746e+02
5.120000e-06	3.607837e-09	9.332083e-09	3.073783e+01	2.361386e+02
5.130000e-06	3.599413e-09	9.220398e-09	3.066605e+01	2.357817e+02
5.140000e-06	3.590791e-09	9.243021e-09	3.059260e+01	2.353995e+02
5.150000e-06	3.581985e-09	9.324367e-09	3.051757e+01	2.349882e+02
5.160000e-06	3.572990e-09	9.202704e-09	3.044094e+01	2.345448e+02
5.170000e-06	3.563807e-09	9.120491e-09	3.036270e+01	2.340678e+02
5.180000e-06	3.554467e-09	9.208986e-09	3.028313e+01	2.335572e+02
5.190000e-06	3.544977e-09	9.176594e-09	3.020227e+01	2.330142e+02
5.200000e-06	3.535323e-09	9.064764e-09	3.012003e+01	2.324419e+02
5.210000e-06	3.525532e-09	9.112091e-09	3.003660e+01	2.318438e+02
5.220000e-06	3.515619e-09	9.122837e-09	2.995215e+01	2.312246e+02
5.230000e-06	3.505592e-09	9.012525e-09	2.986672e+01	2.305888e+02
5.240000e-06	3.495440e-09	9.000275e-09	2.978024e+01	2.299408e+02
5.250000e-06	3.485113e-09	9.033580e-09	2.969225e+01	2.292840e+02
5.260000e-06	3.474603e-09	8.960993e-09	2.960271e+01	2.286209e+02
5.270000e-06	3.463926e-09	8.912642e-09	2.951174e+01	2.279529e+02
5.280000e-06	3.453085e-09	8.942105e-09	2.941938e+01	2.272800e+02
5.290000e-06	3.442090e-09	8.912608e-09	2.932571e+01	2.266012e+02
5.300000e-06	3.430916e-09	8.862967e-09	2.923051e+01	2.259151e+02
5.310000e-06	3.419571e-09	8.845909e-09	2.913385e+01	2.252195e+02
5.320000e-06	3.408065e-09	8.810023e-09	2.903583e+01	2.245125e+02
5.330000e-06	3.396421e-09	8.767892e-09	2.893662e+01	2.237927e+02
5.340000e-06	3.384646e-09	8.743709e-09	2.883630e+01	2.230592e+02
5.350000e-06	3.372706e-09	8.709474e-09	2.873457e+01	2.223121e+02
5.360000e-06	3.360599e-09	8.672440e-09	2.863142e+01	2.215521e+02
5.370000e-06	3.348320e-09	8.660206e-09	2.852681e+01	2.207809e+02
5.380000e-06	3.335867e-09	8.634531e-09	2.842072e+01	2.200005e+02
5.390000e-06	3.323259e-09	8.594779e-09	2.831329e+01	2.192131e+02
5.400000e-06	3.310471e-09	8.556939e-09	2.820435e+01	2.184209e+02
5.410000e-06	3.297441e-09	8.514756e-09	2.809333e+01	2.176254e+02
5.420000e-06	3.284137e-09	8.485232e-09	2.797999e+01	2.168276e+02
5.430000e-06	3.270595e-09	8.460530e-09	2.786462e+01	2.160275e+02
5.440000e-06	3.256783e-09	8.426854e-09	2.774694e+01	2.152247e+02
5.450000e-06	3.242666e-09	8.392666e-09	2.762667e+01	2.144178e+02
5.460000e-06	3.228313e-09	8.364005e-09	2.750439e+01	2.136051e+02
5.470000e-06	3.213746e-09	8.326589e-09	2.738028e+01	2.127847e+02
5.480000e-06	3.198944e-09	8.290725e-09	2.725417e+01	2.119550e+02
5.490000e-06	3.183919e-09	8.262491e-09	2.712616e+01	2.111146e+02
5.500000e-06	3.168709e-09	8.221147e-09	2.699657e+01	2.102629e+02
5.510000e-06	3.153349e-09	8.181527e-09	2.686571e+01	2.093997e+02
5.520000e-06	3.137847e-09	8.153065e-09	2.673364e+01	2.085258e+02
5.530000e-06	3.122226e-09	8.120451e-09	2.660055e+01	2.076423e+02
5.540000e-06	3.106526e-09	8.076816e-09	2.646679e+01	2.067506e+02
5.550000e-06	3.090748e-09	8.034493e-09	2.633237e+01	2.058523e+02
5.560000e-06	3.074894e-09	8.000092e-09	2.619729e+01	2.049486e+02
5.570000e-06	3.058965e-09	7.968707e-09	2.606159e+01	2.040405e+02
5.580000e-06	3.042968e-09	7.939524e-09	2.592530e+01	2.031281e+02
5.590000e-06	3.026882e-09	7.906696e-09	2.578825e+01	2.022112e+02
5.600000e-06	3.010691e-09	7.867519e-09	2.565030e+01	2.012886e+02
5.610000e-06	2.994382e-09	7.824456e-09	2.551135e+01	2.003589e+02
5.620000e-06	2.977934e-09	7.787055e-09	2.537122e+01	1.994204e+02
5.630000e-06	2.961348e-09	7.748493e-09	2.522991e+01	1.984713e+02
5.640000e-06	2.944614e-09	7.700045e-09	2.508734e+01	1.975104e+02
5.650000e-06	2.927722e-09	7.659137e-09	2.494342e+01	1.965366e+02
5.660000e-06	2.910677e-09	7.630472e-09	2.479821e+01	1.955497e+02
5.670000e-06	2.893475e-09	7.599005e-09	2.465165e+01	1.945501e+02
5.680000e-06	2.876118e-09	7.556910e-09	2.450378e+01	1.935390e+02
5.690000e-06	2.858651e-09	7.514077e-09	2.435496e+01	1.925179e+02
5.700000e-06	2.841071e-09	7.470419e-09	2.420519e+01	1.914888e+02
5.710000e-06	2.823393e-09	7.422023e-09	2.405457e+01	1.904535e+02
5.720000e-06	2.805640e-09	7.377642e-09	2.390332e+01	1.894138e+02
5.730000e-06	2.787798e-09	7.337547e-09	2.375132e+01	1.883709e+02
5.740000e-06	2.769862e-09	7.298443e-09	2.359850e+01	1.873255e+02
5.750000e-06	2.751826e-09	7.260674e-09	2.344484e+01	1.862774e+02
5.760000e-06	2.733677e-09	7.226093e-09	2.329022e+01	1.852261e+02
5.770000e-06	2.715424e-09	7.185998e-09	2.313471e+01	1.841702e+02
5.780000e-06	2.697059e-09	7.135516e-09	2.297824e+01	1.831081e+02
5.790000e-06	2.678549e-09	7.086057e-09	2.282054e+01	1.820384e+02
5.800000e-06	2.659884e-09	7.044209e-09	2.266152e+01	1.809594e+02
5.810000e-06	2.641080e-09	7.004989e-09	2.250131e+01	1.798699e+02
5.820000e-06	2.622156e-09	6.963696e-09	2.234009e+01	1.787694e+02
5.830000e-06	2.603078e-09	6.922258e-09	2.217754e+01	1.776576e+02
5.840000e-06	2.583831e-09	6.881145e-09	2.201356e+01	1.765352e+02
5.850000e-06	2.564477e-09	6.837403e-09	2.184867e+01	1.754029e+02
5.860000e-06	2.545040e-09	6.787151e-09	2.168308e+01	1.742620e+02
5.870000e-06	2.525503e-09	6.734749e-09	2.151663e+01	1.731139e+02
5.880000e-06	2.505880e-09	6.687598e-09	2.134944e+01	1.719599e+02
5.890000e-06	2.486198e-09	6.645793e-09	2.118176e+01	1.708008e+02
5.900000e-06	2.466475e-09	6.608277e-09	2.101372e+01	1.696375e+02
5.910000e-06	2.446702e-09	6.570464e-09	2.084526e+01	1.684701e+02
5.920000e-06	2.426878e-09	6.525984e-09	2.067637e+01	1.672985e+02
5.930000e-06	2.407009e-09	6.474242e-09	2.050709e+01	1.661221e+02
5.940000e-06	2.387100e-09	6.420561e-09	2.033747e+01	1.649402e+02
5.950000e-06	2.367149e-09	6.368760e-09	2.016749e+01	1.637522e+02
5.960000e-06	2.347158e-09	6.320363e-09	1.999717e+01	1.625574e+02
5.970000e-06	2.327127e-09	6.276487e-09	1.982651e+01	1.613554e+02
5.980000e-06	2.307023e-09	6.234959e-09	1.965523e+01	1.601460e+02
5.990000e-06	2.286827e-09	6.196011e-09	1.948317e+01	1.589297e+02
6.000000e-06	2.266545e-09	6.153552e-09	1.931037e+01	1.577067e+02
6.010000e-06	2.246163e-09	6.099347e-09	1.913672e+01	1.564780e+02
6.020000e-06	2.225624e-09	6.040069e-09	1.896173e+01	1.552442e+02
6.030000e-06	2.204922e-09	5.984283e-09	1.878536e+01	1.540061e+02
6.040000e-06	2.184103e-09	5.931329e-09	1.860799e+01	1.527641e+02
6.050000e-06	2.163152e-09	5.882001e-09	1.842949e+01	1.515187e+02
6.060000e-06	2.142003e-09	5.839719e-09	1.824930e+01	1.502695e+02
6.070000e-06	2.120639e-09	5.796981e-09	1.806729e+01	1.490163e+02
6.080000e-06	2.099106e-09	5.749234e-09	1.788384e+01	1.477584e+02
6.090000e-06	2.077408e-09	5.701276e-09	1.769897e+01	1.464949e+02
6.100000e-06	2.055576e-09	5.650544e-09	1.751298e+01	1.452250e+02
6.110000e-06	2.033603e-09	5.593117e-09	1.732577e+01	1.439480e+02
6.120000e-06	2.011440e-09	5.534560e-09	1.713695e+01	1.426635e+02
6.130000e-06	1.989096e-09	5.482978e-09	1.694658e+01	1.413712e+02
6.140000e-06	1.966585e-09	5.437246e-09	1.675479e+01	1.400716e+02
6.150000e-06	1.943919e-09	5.390226e-09	1.656169e+01	1.387650e+02
6.160000e-06	1.921106e-09	5.339208e-09	1.636733e+01	1.374523e+02
6.170000e-06	1.898181e-09	5.287149e-09	1.617201e+01	1.361345e+02
6.180000e-06	1.875136e-09	5.233932e-09	1.597568e+01	1.348126e+02
6.190000e-06	1.851935e-09	5.178277e-09	1.577801e+01	1.334874e+02
6.200000e-06	1.828622e-09	5.120497e-09	1.557939e+01	1.321596e+02
6.210000e-06	1.805237e-09	5.061770e-09	1.538016e+01	1.308297e+02
6.220000e-06	1.781778e-09	5.005790e-09	1.518029e+01	1.294975e+02
6.230000e-06	1.758252e-09	4.957663e-09	1.497985e+01	1.281630e+02
6.240000e-06	1.734650e-09	4.916041e-09	1.477877e+01	1.268256e+02
6.250000e-06	1.710973e-09	4.872786e-09	1.457705e+01	1.254847e+02
6.260000e-06	1.687256e-09	4.822944e-09	1.437499e+01	1.241398e+02
6.270000e-06	1.663516e-09	4.764412e-09	1.417273e+01	1.227902e+02
6.280000e-06	1.639748e-09	4.701797e-09	1.397023e+01	1.214355e+02
6.290000e-06	1.615945e-09	4.640507e-09	1.376743e+01	1.200757e+02
6.300000e-06	1.592104e-09	4.580970e-09	1.356432e+01	1.187106e+02
6.310000e-06	1.568239e-09	4.525101e-09	1.336099e+01	1.173406e+02
6.320000e-06	1.544339e-09	4.481895e-09	1.315737e+01	1.159657e+02
6.330000e-06	1.520400e-09	4.444710e-09	1.295342e+01	1.145864e+02
6.340000e-06	1.496433e-09	4.393192e-09	1.274922e+01	1.132028e+02
6.350000e-06	1.472441e-09	4.331536e-09	1.254482e+01	1.118149e+02
6.360000e-06	1.448422e-09	4.268376e-09	1.234018e+01	1.104227e+02
6.370000e-06	1.424377e-09	4.204419e-09	1.213532e+01	1.090257e+02
6.380000e-06	1.400297e-09	4.143002e-09	1.193017e+01	1.076233e+02
6.390000e-06	1.376171e-09	4.087158e-09	1.172462e+01	1.062152e+02
6.400000e-06	1.351995e-09	4.035914e-09	1.151865e+01	1.048006e+02
6.410000e-06	1.327748e-09	3.986530e-09	1.131207e+01	1.033791e+02
6.420000e-06	1.303453e-09	3.938366e-09	1.110509e+01	1.019506e+02
6.430000e-06	1.279099e-09	3.886167e-09	1.089759e+01	1.005152e+02
6.440000e-06	1.254667e-09	3.827818e-09	1.068944e+01	9.907334e+01
6.450000e-06	1.230208e-09	3.761199e-09	1.048106e+01	9.762571e+01
6.460000e-06	1.205693e-09	3.691045e-09	1.027219e+01	9.617329e+01
6.470000e-06	1.181096e-09	3.630252e-09	1.006264e+01	9.471716e+01
6.480000e-06	1.156457e-09	3.578602e-09	9.852715e+00	9.325836e+01
6.490000e-06	1.131777e-09	3.529240e-09	9.642451e+00	9.179775e+01
6.500000e-06	1.107024e-09	3.477468e-09	9.431558e+00	9.033594e+01
6.510000e-06	1.082218e-09	3.425549e-09	9.220216e+00	8.887317e+01
6.520000e-06	1.057365e-09	3.370404e-09	9.008477e+00	8.740926e+01
6.530000e-06	1.032436e-09	3.305347e-09	8.796090e+00	8.594371e+01
6.540000e-06	1.007458e-09	3.233803e-09	8.583286e+00	8.447572e+01
6.550000e-06	9.824204e-10	3.164367e-09	8.369971e+00	8.300438e+01
6.560000e-06	9.573250e-10	3.106394e-09	8.156164e+00	8.152878e+01
6.570000e-06	9.322151e-10	3.058292e-09	7.942235e+00	8.004819e+01
6.580000e-06	9.070514e-10	3.010791e-09	7.727847e+00	7.856218e+01
6.590000e-06	8.818078e-10	2.954573e-09	7.512778e+00	7.707073e+01
6.600000e-06	8.565275e-10	2.894546e-09	7.297397e+00	7.557426e+01
6.610000e-06	8.312277e-10	2.839353e-09	7.081850e+00	7.407357e+01
6.620000e-06	8.059019e-10	2.781754e-09	6.866081e+00	7.256979e+01
6.630000e-06	7.805330e-10	2.716247e-09	6.649944e+00	7.106419e+01
6.640000e-06	7.551221e-10	2.649232e-09	6.433450e+00	6.955803e+01
6.650000e-06	7.296735e-10	2.588629e-09	6.216634e+00	6.805240e+01
6.660000e-06	7.041808e-10	2.531204e-09	5.999443e+00	6.654804e+01
6.670000e-06	6.786757e-10	2.472893e-09	5.782147e+00	6.504523e+01
6.680000e-06	6.531488e-10	2.413407e-09	5.564664e+00	6.354375e+01
6.690000e-06	6.275794e-10	2.356602e-09	5.346819e+00	6.204291e+01
6.700000e-06	6.019965e-10	2.304997e-09	5.128859e+00	6.054161e+01
6.710000e-06	5.763954e-10	2.248911e-09	4.910745e+00	5.903850e+01
6.720000e-06	5.507565e-10	2.184893e-09	4.692308e+00	5.753216e+01
6.730000e-06	5.250895e-10	2.120384e-09	4.473632e+00	5.602128e+01
6.740000e-06	4.994103e-10	2.059339e-09	4.254852e+00	5.450480e+01
6.750000e-06	4.737295e-10	1.998156e-09	4.036058e+00	5.298209e+01
6.760000e-06	4.480429e-10	1.937819e-09	3.817215e+00	5.145298e+01
6.770000e-06	4.223291e-10	1.880999e-09	3.598140e+00	4.991776e+01
6.780000e-06	3.965883e-10	1.823799e-09	3.378836e+00	4.837716e+01
6.790000e-06	3.708274e-10	1.765405e-09	3.159359e+00	4.683215e+01
6.800000e-06	3.450474e-10	1.707450e-09	2.939720e+00	4.528387e+01
6.810000e-06	3.192727e-10	1.647794e-09	2.720127e+00	4.373337e+01
6.820000e-06	2.935063e-10	1.584015e-09	2.500603e+00	4.218153e+01
6.830000e-06	2.677282e-10	1.519461e-09	2.280981e+00	4.062887e+01
6.840000e-06	2.419451e-10	1.456350e-09	2.061316e+00	3.907550e+01
6.850000e-06	2.161522e-10	1.392027e-09	1.841567e+00	3.752112e+01
6.860000e-06	1.903193e-10	1.327290e-09	1.621477e+00	3.596505e+01
6.870000e-06	1.644632e-10	1.268115e-09	1.401190e+00	3.440637e+01
6.880000e-06	1.386111e-10	1.215536e-09	1.180936e+00	3.284401e+01
6.890000e-06	1.127721e-10	1.162870e-09	9.607949e-01	3.127699e+01
6.900000e-06	8.693685e-11	1.103580e-09	7.406848e-01	2.970450e+01
6.910000e-06	6.110264e-11	1.037556e-09	5.205835e-01	2.812607e+01
6.920000e-06	3.526088e-11	9.701847e-10	3.004182e-01	2.654165e+01
6.930000e-06	9.406331e-12	9.046850e-10	8.014398e-02	2.495161e+01
6.940000e-06	-1.643527e-11	8.411211e-10	-1.400201e-01	2.335671e+01
6.950000e-06	-4.226615e-11	7.783239e-10	-3.600928e-01	2.175801e+01
6.960000e-06	-6.810249e-11	7.140415e-10	-5.802121e-01	2.015675e+01
6.970000e-06	-9.392348e-11	6.504111e-10	-8.002002e-01	1.855421e+01
6.980000e-06	-1.197291e-10	5.898225e-10	-1.020057e+00	1.695151e+01
6.990000e-06	-1.455364e-10	5.289845e-10	-1.239929e+00	1.534954e+01
7.000000e-06	-1.713461e-10	4.660262e-10	-1.459822e+00	1.374883e+01
7.010000e-06	-1.971606e-10	4.048277e-10	-1.679754e+00	1.214955e+01
7.020000e-06	-2.229690e-10	3.489577e-10	-1.899636e+00	1.055145e+01
7.030000e-06	-2.487695e-10	2.942012e-10	-2.119449e+00	8.953977e+00
7.040000e-06	-2.745682e-10	2.331818e-10	-2.339247e+00	7.356323e+00
7.050000e-06	-3.003656e-10	1.635722e-10	-2.559035e+00	5.757560e+00
7.060000e-06	-3.261298e-10	9.001136e-11	-2.778538e+00	4.156745e+00
7.070000e-06	-3.518470e-10	2.005154e-11	-2.997642e+00	2.553026e+00
7.080000e-06	-3.775617e-10	-4.294031e-11	-3.216725e+00	9.457292e-01
7.090000e-06	-4.032752e-10	-1.023075e-10	-3.435797e+00	-6.655955e-01
7.100000e-06	-4.289632e-10	-1.603057e-10	-3.654652e+00	-2.281161e+00
7.110000e-06	-4.546266e-10	-2.147848e-10	-3.873297e+00	-3.900961e+00
7.120000e-06	-4.802755e-10	-2.692086e-10	-4.091819e+00	-5.524818e+00
7.130000e-06	-5.058952e-10	-3.332310e-10	-4.310092e+00	-7.152438e+00
7.140000e-06	-5.314704e-10	-4.079814e-10	-4.527985e+00	-8.783483e+00
7.150000e-06	-5.570353e-10	-4.834514e-10	-4.745792e+00	-1.041762e+01
7.160000e-06	-5.825912e-10	-5.495292e-10	-4.963521e+00	-1.205458e+01
7.170000e-06	-6.081359e-10	-6.072821e-10	-5.181155e+00	-1.369416e+01
7.180000e-06	-6.336631e-10	-6.657810e-10	-5.398640e+00	-1.533624e+01
7.190000e-06	-6.591420e-10	-7.263836e-10	-5.615713e+00	-1.698075e+01
7.200000e-06	-6.845888e-10	-7.871727e-10	-5.832513e+00	-1.862768e+01
7.210000e-06	-7.100020e-10	-8.496653e-10	-6.049027e+00	-2.027701e+01
7.220000e-06	-7.353868e-10	-9.171611e-10	-6.265298e+00	-2.192869e+01
7.230000e-06	-7.607623e-10	-9.891789e-10	-6.481492e+00	-2.358267e+01
7.240000e-06	-7.861106e-10	-1.058666e-09	-6.697452e+00	-2.523882e+01
7.250000e-06	-8.114095e-10	-1.120477e-09	-6.912992e+00	-2.689700e+01
7.260000e-06	-8.366495e-10	-1.180714e-09	-7.128030e+00	-2.855706e+01
7.270000e-06	-8.618458e-10	-1.246028e-09	-7.342696e+00	-3.021888e+01
7.280000e-06	-8.870029e-10	-1.311599e-09	-7.557027e+00	-3.188236e+01
7.290000e-06	-9.120994e-10	-1.374801e-09	-7.770842e+00	-3.354748e+01
7.300000e-06	-9.371437e-10	-1.438215e-09	-7.984213e+00	-3.521429e+01
7.310000e-06	-9.621576e-10	-1.503612e-09	-8.197324e+00	-3.688291e+01
7.320000e-06	-9.871396e-10	-1.568604e-09	-8.410165e+00	-3.855346e+01
7.330000e-06	-1.012077e-09	-1.630576e-09	-8.622625e+00	-4.022608e+01
7.340000e-06	-1.036939e-09	-1.694040e-09	-8.834443e+00	-4.190086e+01
7.350000e-06	-1.061718e-09	-1.760506e-09	-9.045553e+00	-4.357780e+01
7.360000e-06	-1.086442e-09	-1.828734e-09	-9.256192e+00	-4.525677e+01
7.370000e-06	-1.111124e-09	-1.897329e-09	-9.466475e+00	-4.693751e+01
7.380000e-06	-1.135747e-09	-1.960327e-09	-9.676262e+00	-4.861963e+01
7.390000e-06	-1.160309e-09	-2.018807e-09	-9.885522e+00	-5.030262e+01
7.400000e-06	-1.184810e-09	-2.079792e-09	-1.009426e+01	-5.198592e+01
7.410000e-06	-1.209251e-09	-2.144354e-09	-1.030250e+01	-5.366899e+01
7.420000e-06	-1.233618e-09	-2.209973e-09	-1.051010e+01	-5.535132e+01
7.430000e-06	-1.257929e-09	-2.276306e-09	-1.071722e+01	-5.703253e+01
7.440000e-06	-1.282194e-09	-2.347556e-09	-1.092395e+01	-5.871243e+01
7.450000e-06	-1.306401e-09	-2.422794e-09	-1.113019e+01	-6.039096e+01
7.460000e-06	-1.330575e-09	-2.491051e-09	-1.133614e+01	-6.206826e+01
7.470000e-06	-1.354726e-09	-2.548353e-09	-1.154190e+01	-6.374461e+01
7.480000e-06	-1.378841e-09	-2.606357e-09	-1.174736e+01	-6.542034e+01
7.490000e-06	-1.402896e-09	-2.675577e-09	-1.195230e+01	-6.709580e+01
7.500000e-06	-1.426905e-09	-2.746925e-09	-1.215685e+01	-6.877125e+01
7.510000e-06	-1.450865e-09	-2.811208e-09	-1.236098e+01	-7.044680e+01
7.520000e-06	-1.474798e-09	-2.875839e-09	-1.256489e+01	-7.212237e+01
7.530000e-06	-1.498720e-09	-2.944121e-09	-1.276870e+01	-7.379761e+01
7.540000e-06	-1.522608e-09	-3.007539e-09	-1.297222e+01	-7.547197e+01
7.550000e-06	-1.546473e-09	-3.064689e-09	-1.317554e+01	-7.714468e+01
7.560000e-06	-1.570318e-09	-3.125152e-09	-1.337870e+01	-7.881482e+01
7.570000e-06	-1.594141e-09	-3.193840e-09	-1.358167e+01	-8.048141e+01
7.580000e-06	-1.617925e-09	-3.266620e-09	-1.378429e+01	-8.214348e+01
7.590000e-06	-1.641663e-09	-3.335589e-09	-1.398654e+01	-8.380017e+01
7.600000e-06	-1.665367e-09	-3.400226e-09	-1.418849e+01	-8.545079e+01
7.610000e-06	-1.689036e-09	-3.461203e-09	-1.439014e+01	-8.709483e+01
7.620000e-06	-1.712658e-09	-3.519661e-09	-1.459139e+01	-8.873204e+01
7.630000e-06	-1.736206e-09	-3.580522e-09	-1.479202e+01	-9.036238e+01
7.640000e-06	-1.759683e-09	-3.644327e-09	-1.499204e+01	-9.198599e+01
7.650000e-06	-1.783083e-09	-3.710896e-09	-1.519140e+01	-9.360311e+01
7.660000e-06	-1.806376e-09	-3.778210e-09	-1.538985e+01	-9.521409e+01
7.670000e-06	-1.829583e-09	-3.845052e-09	-1.558757e+01	-9.681922e+01
7.680000e-06	-1.852737e-09	-3.912580e-09	-1.578484e+01	-9.841876e+01
7.690000e-06	-1.875797e-09	-3.975352e-09	-1.598130e+01	-1.000128e+02
7.700000e-06	-1.898733e-09	-4.028460e-09	-1.617671e+01	-1.016015e+02
7.710000e-06	-1.921531e-09	-4.080505e-09	-1.637094e+01	-1.031846e+02
7.720000e-06	-1.944151e-09	-4.141511e-09	-1.656366e+01	-1.047621e+02
7.730000e-06	-1.966635e-09	-4.208792e-09	-1.675522e+01	-1.063335e+02
7.740000e-06	-1.989004e-09	-4.274617e-09	-1.694579e+01	-1.078986e+02
7.750000e-06	-2.011202e-09	-4.336603e-09	-1.713491e+01	-1.094571e+02
7.760000e-06	-2.033245e-09	-4.400486e-09	-1.732271e+01	-1.110088e+02
7.770000e-06	-2.055123e-09	-4.467298e-09	-1.750910e+01	-1.125536e+02
7.780000e-06	-2.076786e-09	-4.525427e-09	-1.769367e+01	-1.140913e+02
7.790000e-06	-2.098255e-09	-4.573503e-09	-1.787658e+01	-1.156221e+02
7.800000e-06	-2.119546e-09	-4.625790e-09	-1.805797e+01	-1.171460e+02
7.810000e-06	-2.140653e-09	-4.689584e-09	-1.823780e+01	-1.186633e+02
7.820000e-06	-2.161604e-09	-4.753975e-09	-1.841629e+01	-1.201741e+02
7.830000e-06	-2.182392e-09	-4.810549e-09	-1.859341e+01	-1.216787e+02
7.840000e-06	-2.203030e-09	-4.866961e-09	-1.876923e+01	-1.231774e+02
7.850000e-06	-2.223542e-09	-4.929091e-09	-1.894399e+01	-1.246705e+02
7.860000e-06	-2.243952e-09	-4.991221e-09	-1.911788e+01	-1.261583e+02
7.870000e-06	-2.264267e-09	-5.046980e-09	-1.929096e+01	-1.276410e+02
7.880000e-06	-2.284491e-09	-5.099021e-09	-1.946326e+01	-1.291189e+02
7.890000e-06	-2.304634e-09	-5.152840e-09	-1.963487e+01	-1.305922e+02
7.900000e-06	-2.324693e-09	-5.210721e-09	-1.980577e+01	-1.320611e+02
7.910000e-06	-2.344692e-09	-5.267853e-09	-1.997616e+01	-1.335255e+02
7.920000e-06	-2.364649e-09	-5.320491e-09	-2.014618e+01	-1.349854e+02
7.930000e-06	-2.384569e-09	-5.375746e-09	-2.031590e+01	-1.364405e+02
7.940000e-06	-2.404438e-09	-5.439577e-09	-2.048518e+01	-1.378904e+02
7.950000e-06	-2.424260e-09	-5.504781e-09	-2.065406e+01	-1.393345e+02
7.960000e-06	-2.444024e-09	-5.560881e-09	-2.082244e+01	-1.407718e+02
7.970000e-06	-2.463729e-09	-5.610760e-09	-2.099032e+01	-1.422015e+02
7.980000e-06	-2.483393e-09	-5.661772e-09	-2.115785e+01	-1.436224e+02
7.990000e-06	-2.502995e-09	-5.714084e-09	-2.132486e+01	-1.450336e+02
8.000000e-06	-2.522506e-09	-5.765745e-09	-2.149109e+01	-1.464341e+02
8.010000e-06	-2.541907e-09	-5.816300e-09	-2.165638e+01	-1.478233e+02
8.020000e-06	-2.561211e-09	-5.868646e-09	-2.182084e+01	-1.492008e+02
8.030000e-06	-2.580389e-09	-5.924380e-09	-2.198424e+01	-1.505666e+02
8.040000e-06	-2.599412e-09	-5.981472e-09	-2.214630e+01	-1.519212e+02
8.050000e-06	-2.618301e-09	-6.036064e-09	-2.230724e+01	-1.532653e+02
8.060000e-06	-2.637049e-09	-6.085403e-09	-2.246696e+01	-1.546000e+02
8.070000e-06	-2.655652e-09	-6.132086e-09	-2.262546e+01	-1.559268e+02
8.080000e-06	-2.674163e-09	-6.181926e-09	-2.278317e+01	-1.572469e+02
8.090000e-06	-2.692567e-09	-6.234216e-09	-2.293996e+01	-1.585617e+02
8.100000e-06	-2.710831e-09	-6.284278e-09	-2.309557e+01	-1.598721e+02
8.110000e-06	-2.728978e-09	-6.333751e-09	-2.325017e+01	-1.611789e+02
8.120000e-06	-2.747017e-09	-6.384109e-09	-2.340387e+01	-1.624821e+02
8.130000e-06	-2.764965e-09	-6.436009e-09	-2.355677e+01	-1.637813e+02
8.140000e-06	-2.782816e-09	-6.489824e-09	-2.370886e+01	-1.650758e+02
8.150000e-06	-2.800576e-09	-6.541909e-09	-2.386017e+01	-1.663642e+02
8.160000e-06	-2.818244e-09	-6.590592e-09	-2.401070e+01	-1.676452e+02
8.170000e-06	-2.835786e-09	-6.638334e-09	-2.416015e+01	-1.689172e+02
8.180000e-06	-2.853195e-09	-6.686865e-09	-2.430847e+01	-1.701788e+02
8.190000e-06	-2.870477e-09	-6.734986e-09	-2.445571e+01	-1.714290e+02
8.200000e-06	-2.887624e-09	-6.781038e-09	-2.460180e+01	-1.726672e+02
8.210000e-06	-2.904610e-09	-6.826331e-09	-2.474651e+01	-1.738932e+02
8.220000e-06	-2.921436e-09	-6.875941e-09	-2.488987e+01	-1.751076e+02
8.230000e-06	-2.938132e-09	-6.928712e-09	-2.503211e+01	-1.763112e+02
8.240000e-06	-2.954710e-09	-6.976272e-09	-2.517336e+01	-1.775052e+02
8.250000e-06	-2.971166e-09	-7.019339e-09	-2.531355e+01	-1.786911e+02
8.260000e-06	-2.987469e-09	-7.065097e-09	-2.545245e+01	-1.798702e+02
8.270000e-06	-3.003653e-09	-7.114627e-09	-2.559034e+01	-1.810435e+02
8.280000e-06	-3.019754e-09	-7.162220e-09	-2.572752e+01	-1.822119e+02
8.290000e-06	-3.035766e-09	-7.204868e-09	-2.586393e+01	-1.833755e+02
8.300000e-06	-3.051716e-09	-7.246867e-09	-2.599982e+01	-1.845341e+02
8.310000e-06	-3.067597e-09	-7.288636e-09	-2.613513e+01	-1.856869e+02
8.320000e-06	-3.083408e-09	-7.330114e-09	-2.626983e+01	-1.868327e+02
8.330000e-06	-3.099162e-09	-7.376151e-09	-2.640405e+01	-1.879702e+02
8.340000e-06	-3.114814e-09	-7.428957e-09	-2.653740e+01	-1.890978e+02
8.350000e-06	-3.130326e-09	-7.482649e-09	-2.666956e+01	-1.902145e+02
8.360000e-06	-3.145696e-09	-7.529517e-09	-2.680051e+01	-1.913192e+02
8.370000e-06	-3.160907e-09	-7.568005e-09	-2.693010e+01	-1.924114e+02
8.380000e-06	-3.175889e-09	-7.600234e-09	-2.705774e+01	-1.934910e+02
8.390000e-06	-3.190639e-09	-7.630788e-09	-2.718341e+01	-1.945584e+02
8.400000e-06	-3.205138e-09	-7.664775e-09	-2.730693e+01	-1.956144e+02
8.410000e-06	-3.219350e-09	-7.707540e-09	-2.742801e+01	-1.966600e+02
8.420000e-06	-3.233334e-09	-7.761374e-09	-2.754716e+01	-1.976963e+02
8.430000e-06	-3.247065e-09	-7.818993e-09	-2.766414e+01	-1.987241e+02
8.440000e-06	-3.260499e-09	-7.867301e-09	-2.777859e+01	-1.997442e+02
8.450000e-06	-3.273665e-09	-7.902087e-09	-2.789077e+01	-2.007570e+02
8.460000e-06	-3.286604e-09	-7.929752e-09	-2.800100e+01	-2.017625e+02
8.470000e-06	-3.299351e-09	-7.956796e-09	-2.810960e+01	-2.027603e+02
8.480000e-06	-3.311923e-09	-7.990632e-09	-2.821671e+01	-2.037497e+02
8.490000e-06	-3.324322e-09	-8.036496e-09	-2.832235e+01	-2.047298e+02
8.500000e-06	-3.336584e-09	-8.086721e-09	-2.842681e+01	-2.056999e+02
8.510000e-06	-3.348725e-09	-8.129056e-09	-2.853026e+01	-2.066591e+02
8.520000e-06	-3.360740e-09	-8.165582e-09	-2.863262e+01	-2.076070e+02
8.530000e-06	-3.372642e-09	-8.203961e-09	-2.873402e+01	-2.085435e+02
8.540000e-06	-3.384422e-09	-8.238359e-09	-2.883439e+01	-2.094687e+02
8.550000e-06	-3.396040e-09	-8.264365e-09	-2.893337e+01	-2.103830e+02
8.560000e-06	-3.407484e-09	-8.291236e-09	-2.903086e+01	-2.112872e+02
8.570000e-06	-3.418764e-09	-8.329128e-09	-2.912697e+01	-2.121819e+02
8.580000e-06	-3.429883e-09	-8.376701e-09	-2.922170e+01	-2.130678e+02
8.590000e-06	-3.440834e-09	-8.421559e-09	-2.931500e+01	-2.139453e+02
8.600000e-06	-3.451596e-09	-8.456327e-09	-2.940669e+01	-2.148146e+02
8.610000e-06	-3.462188e-09	-8.485332e-09	-2.949693e+01	-2.156752e+02
8.620000e-06	-3.472614e-09	-8.512903e-09	-2.958576e+01	-2.165265e+02
8.630000e-06	-3.482887e-09	-8.538978e-09	-2.967328e+01	-2.173674e+02
8.640000e-06	-3.493030e-09	-8.562822e-09	-2.975969e+01	-2.181969e+02
8.650000e-06	-3.503043e-09	-8.590047e-09	-2.984501e+01	-2.190135e+02
8.660000e-06	-3.512919e-09	-8.629350e-09	-2.992915e+01	-2.198161e+02
8.670000e-06	-3.522677e-09	-8.677593e-09	-3.001228e+01	-2.206038e+02
8.680000e-06	-3.532332e-09	-8.719759e-09	-3.009454e+01	-2.213760e+02
8.690000e-06	-3.541816e-09	-8.746081e-09	-3.017534e+01	-2.221327e+02
8.700000e-06	-3.551124e-09	-8.762107e-09	-3.025464e+01	-2.228741e+02
8.710000e-06	-3.560286e-09	-8.780503e-09	-3.033270e+01	-2.236008e+02
8.720000e-06	-3.569248e-09	-8.806748e-09	-3.040905e+01	-2.243138e+02
8.730000e-06	-3.577998e-09	-8.835377e-09	-3.048360e+01	-2.250139e+02
8.740000e-06	-3.586597e-09	-8.863590e-09	-3.055687e+01	-2.257021e+02
8.750000e-06	-3.595052e-09	-8.896940e-09	-3.062890e+01	-2.263790e+02
8.760000e-06	-3.603340e-09	-8.935200e-09	-3.069951e+01	-2.270449e+02
8.770000e-06	-3.611508e-09	-8.967232e-09	-3.076910e+01	-2.277000e+02
8.780000e-06	-3.619580e-09	-8.986675e-09	-3.083787e+01	-2.283437e+02
8.790000e-06	-3.627560e-09	-9.001003e-09	-3.090586e+01	-2.289757e+02
8.800000e-06	-3.635470e-09	-9.019414e-09	-3.097325e+01	-2.295950e+02
8.810000e-06	-3.643309e-09	-9.041150e-09	-3.104003e+01	-2.302011e+02
8.820000e-06	-3.651064e-09	-9.063166e-09	-3.110610e+01	-2.307933e+02
8.830000e-06	-3.658701e-09	-9.088028e-09	-3.117117e+01	-2.313712e+02
8.840000e-06	-3.666221e-09	-9.119539e-09	-3.123524e+01	-2.319350e+02
8.850000e-06	-3.673599e-09	-9.151709e-09	-3.129810e+01	-2.324849e+02
8.860000e-06	-3.680801e-09	-9.172816e-09	-3.135946e+01	-2.330216e+02
8.870000e-06	-3.687786e-09	-9.185252e-09	-3.141897e+01	-2.335458e+02
8.880000e-06	-3.694515e-09	-9.200505e-09	-3.147629e+01	-2.340585e+02
8.890000e-06	-3.700998e-09	-9.222302e-09	-3.153153e+01	-2.345604e+02
8.900000e-06	-3.707200e-09	-9.246903e-09	-3.158437e+01	-2.350519e+02
8.910000e-06	-3.713095e-09	-9.268834e-09	-3.163459e+01	-2.355332e+02
8.920000e-06	-3.718717e-09	-9.286825e-09	-3.168249e+01	-2.360040e+02
8.930000e-06	-3.724081e-09	-9.303948e-09	-3.172819e+01	-2.364637e+02
8.940000e-06	-3.729180e-09	-9.323236e-09	-3.177164e+01	-2.369114e+02
8.950000e-06	-3.734002e-09	-9.341437e-09	-3.181271e+01	-2.373458e+02
8.960000e-06	-3.738573e-09	-9.353304e-09	-3.185166e+01	-2.377659e+02
8.970000e-06	-3.742955e-09	-9.367060e-09	-3.188900e+01	-2.381708e+02
8.980000e-06	-3.747194e-09	-9.392545e-09	-3.192510e+01	-2.385599e+02
8.990000e-06	-3.751311e-09	-9.419711e-09	-3.196018e+01	-2.389329e+02
9.000000e-06	-3.755318e-09	-9.432747e-09	-3.199432e+01	-2.392900e+02
9.010000e-06	-3.759234e-09	-9.436097e-09	-3.202769e+01	-2.396319e+02
9.020000e-06	-3.763068e-09	-9.440799e-09	-3.206035e+01	-2.399596e+02
9.030000e-06	-3.766821e-09	-9.450957e-09	-3.209232e+01	-2.402739e+02
9.040000e-06	-3.770471e-09	-9.467863e-09	-3.212342e+01	-2.405760e+02
9.050000e-06	-3.774018e-09	-9.485772e-09	-3.215364e+01	-2.408665e+02
9.060000e-06	-3.777440e-09	-9.498908e-09	-3.218279e+01	-2.411459e+02
9.070000e-06	-3.780668e-09	-9.512608e-09	-3.221029e+01	-2.414140e+02
9.080000e-06	-3.783695e-09	-9.530617e-09	-3.223608e+01	-2.416706e+02
9.090000e-06	-3.786543e-09	-9.541328e-09	-3.226035e+01	-2.419148e+02
9.100000e-06	-3.789200e-09	-9.539595e-09	-3.228299e+01	-2.421458e+02
9.110000e-06	-3.791676e-09	-9.538307e-09	-3.230408e+01	-2.423628e+02
9.120000e-06	-3.793988e-09	-9.547930e-09	-3.232378e+01	-2.425652e+02
9.130000e-06	-3.796173e-09	-9.563995e-09	-3.234240e+01	-2.427530e+02
9.140000e-06	-3.798231e-09	-9.576047e-09	-3.235993e+01	-2.429268e+02
9.150000e-06	-3.800144e-09	-9.583332e-09	-3.237623e+01	-2.430876e+02
9.160000e-06	-3.801935e-09	-9.590787e-09	-3.239149e+01	-2.432371e+02
9.170000e-06	-3.803608e-09	-9.599487e-09	-3.240574e+01	-2.433772e+02
9.180000e-06	-3.805059e-09	-9.606558e-09	-3.241811e+01	-2.435098e+02
9.190000e-06	-3.806227e-09	-9.607730e-09	-3.242806e+01	-2.436366e+02
9.200000e-06	-3.807239e-09	-9.606279e-09	-3.243668e+01	-2.437586e+02
9.210000e-06	-3.808145e-09	-9.611139e-09	-3.244440e+01	-2.438758e+02
9.220000e-06	-3.808873e-09	-9.622821e-09	-3.245059e+01	-2.439874e+02
9.230000e-06	-3.809412e-09	-9.634975e-09	-3.245519e+01	-2.440915e+02
9.240000e-06	-3.809799e-09	-9.641815e-09	-3.245849e+01	-2.441850e+02
9.250000e-06	-3.810059e-09	-9.641455e-09	-3.246070e+01	-2.442645e+02
